1	0.1111111111111111
2	0.10526315789473684
3	0.1
4	0.19047619047619047
5	0.1818181818181818
6	0.1739130434782609
7	0.25
8	0.24
9	0.23076923076923078
10	0.22222222222222224
11	0.21428571428571427
12	0.20689655172413793
13	0.20000000000000004
14	0.1935483870967742
15	0.18750000000000003
16	0.1818181818181818
17	0.17647058823529413
18	0.17142857142857143
19	0.16666666666666669
20	0.16216216216216214
21	0.15789473684210528
22	0.15384615384615383
23	0.15
24	0.14634146341463414
25	0.14285714285714282
