1	0.0
2	0.06896551724137931
3	0.06666666666666667
4	0.12903225806451613
5	0.18750000000000003
6	0.1818181818181818
7	0.17647058823529413
8	0.17142857142857143
9	0.16666666666666666
10	0.16216216216216217
11	0.21052631578947367
12	0.20512820512820512
13	0.2
14	0.1951219512195122
15	0.19047619047619047
16	0.18604651162790697
17	0.1818181818181818
18	0.17777777777777776
19	0.17391304347826086
20	0.1702127659574468
21	0.16666666666666666
22	0.16326530612244897
23	0.15999999999999998
24	0.15686274509803924
25	0.15384615384615383
