1	0.09523809523809523
2	0.18181818181818182
3	0.1739130434782609
4	0.16666666666666669
5	0.16000000000000003
6	0.15384615384615383
7	0.14814814814814817
8	0.14285714285714288
9	0.13793103448275865
10	0.13333333333333333
11	0.12903225806451613
12	0.125
13	0.18181818181818185
14	0.1764705882352941
15	0.17142857142857143
16	0.16666666666666663
17	0.16216216216216214
18	0.15789473684210525
19	0.15384615384615385
20	0.15
21	0.14634146341463414
22	0.14285714285714282
23	0.13953488372093023
24	0.13636363636363635
25	0.1333333333333333
