1	0.013793103448275862
2	0.0273972602739726
3	0.0272108843537415
4	0.040540540540540536
5	0.053691275167785234
6	0.05333333333333333
7	0.06622516556291391
8	0.06578947368421052
9	0.06535947712418301
10	0.06493506493506494
11	0.06451612903225808
12	0.06410256410256411
13	0.06369426751592357
14	0.06329113924050633
15	0.06289308176100629
16	0.075
17	0.07453416149068322
18	0.07407407407407407
19	0.08588957055214724
20	0.09756097560975609
21	0.09696969696969697
22	0.10843373493975904
23	0.11976047904191615
24	0.11904761904761905
25	0.1183431952662722
