1	0.039999999999999994
2	0.07843137254901959
3	0.07692307692307691
4	0.07547169811320753
5	0.1111111111111111
6	0.1090909090909091
7	0.10714285714285714
8	0.14035087719298245
9	0.13793103448275862
10	0.13559322033898302
11	0.13333333333333333
12	0.13114754098360654
13	0.12903225806451613
14	0.12698412698412698
15	0.125
16	0.12307692307692307
17	0.12121212121212122
18	0.11940298507462686
19	0.1176470588235294
20	0.11594202898550723
21	0.11428571428571428
22	0.11267605633802816
23	0.11111111111111112
24	0.10958904109589039
25	0.10810810810810809
