1	0.1
2	0.09523809523809525
3	0.09090909090909091
4	0.08695652173913043
5	0.08333333333333333
6	0.08
7	0.07692307692307693
8	0.07407407407407407
9	0.07142857142857142
10	0.06896551724137931
11	0.06666666666666667
12	0.06451612903225808
13	0.0625
14	0.06060606060606061
15	0.11764705882352941
16	0.11428571428571428
17	0.1111111111111111
18	0.10810810810810811
19	0.10526315789473684
20	0.10256410256410256
21	0.1
22	0.0975609756097561
23	0.09523809523809525
24	0.0930232558139535
25	0.13636363636363635
