1	0.024096385542168676
2	0.047619047619047616
3	0.07058823529411765
4	0.0697674418604651
5	0.09195402298850576
6	0.0909090909090909
7	0.11235955056179776
8	0.1111111111111111
9	0.10989010989010989
10	0.10869565217391303
11	0.10752688172043011
12	0.1276595744680851
13	0.12631578947368421
14	0.125
15	0.12371134020618556
16	0.12244897959183672
17	0.1414141414141414
18	0.13999999999999999
19	0.15841584158415842
20	0.1764705882352941
21	0.17475728155339804
22	0.17307692307692307
23	0.19047619047619044
24	0.18867924528301888
25	0.18691588785046728
