1	0.06666666666666667
2	0.06451612903225806
3	0.125
4	0.1212121212121212
5	0.17647058823529413
6	0.17142857142857143
7	0.16666666666666663
8	0.16216216216216217
9	0.15789473684210528
10	0.15384615384615385
11	0.15
12	0.14634146341463414
13	0.14285714285714288
14	0.18604651162790697
15	0.22727272727272724
16	0.22222222222222224
17	0.2173913043478261
18	0.21276595744680854
19	0.20833333333333334
20	0.20408163265306123
21	0.19999999999999998
22	0.19607843137254902
23	0.19230769230769232
24	0.18867924528301888
25	0.1851851851851852
