1	0.0
2	0.033898305084745756
3	0.03333333333333333
4	0.03278688524590164
5	0.06451612903225806
6	0.06349206349206349
7	0.0625
8	0.061538461538461535
9	0.06060606060606061
10	0.05970149253731343
11	0.058823529411764705
12	0.057971014492753624
13	0.05714285714285714
14	0.056338028169014086
15	0.05555555555555556
16	0.0821917808219178
17	0.08108108108108107
18	0.08
19	0.07894736842105263
20	0.0779220779220779
21	0.07692307692307693
22	0.0759493670886076
23	0.075
24	0.07407407407407407
25	0.07317073170731707
