1	0.14285714285714288
2	0.13333333333333336
3	0.125
4	0.11764705882352941
5	0.1111111111111111
6	0.10526315789473684
7	0.1
8	0.09523809523809525
9	0.09090909090909093
10	0.08695652173913043
11	0.08333333333333334
12	0.16
13	0.15384615384615385
14	0.14814814814814817
15	0.14285714285714288
16	0.13793103448275862
17	0.13333333333333333
18	0.12903225806451615
19	0.125
20	0.12121212121212123
21	0.11764705882352941
22	0.1142857142857143
23	0.1111111111111111
24	0.10810810810810811
25	0.10526315789473685
