1	0.03125
2	0.06153846153846154
3	0.0909090909090909
4	0.08955223880597014
5	0.08823529411764705
6	0.08695652173913042
7	0.08571428571428572
8	0.08450704225352113
9	0.1111111111111111
10	0.13698630136986303
11	0.13513513513513514
12	0.13333333333333333
13	0.13157894736842105
14	0.12987012987012986
15	0.15384615384615385
16	0.1772151898734177
17	0.19999999999999998
18	0.22222222222222224
19	0.24390243902439024
20	0.24096385542168675
21	0.23809523809523808
22	0.2588235294117647
23	0.2558139534883721
24	0.27586206896551724
25	0.2727272727272727
