0.2857142857142857
0.20000000000000004
0.1818181818181818
0.6
0.05263157894736843
0.15384615384615385
0.20000000000000004
0.20000000000000004
0.16000000000000003
0.3636363636363636
0.6
0.3636363636363636
0.1818181818181818
0.1
0.7272727272727272
0.20000000000000004
0.0
0.14285714285714285
0.13333333333333333
0.20000000000000004
0.1111111111111111
0.08000000000000002
0.1111111111111111
0.20000000000000004
0.1818181818181818
0.09523809523809523
0.2608695652173913
0.15384615384615385
0.0
0.18750000000000003
0.3333333333333333
0.6
0.1818181818181818
0.0
0.05405405405405406
0.09090909090909091
0.3333333333333333
0.027027027027027025
0.0
0.2222222222222222
0.3076923076923077
0.20000000000000004
0.21052631578947364
0.0
0.3333333333333333
0.06896551724137931
0.13333333333333333
0.15384615384615385
0.3636363636363636
0.0
0.3076923076923077
0.1818181818181818
0.6
0.1739130434782609
0.0
0.5
0.3636363636363636
0.10256410256410256
0.07407407407407407
0.1818181818181818
0.3333333333333333
0.20000000000000004
0.1739130434782609
0.3076923076923077
0.4000000000000001
0.20000000000000004
0.16666666666666666
0.1
0.11764705882352941
0.0
0.0
0.15384615384615385
0.3636363636363636
0.3636363636363636
0.3157894736842105
0.16666666666666666
0.3333333333333333
0.09638554216867469
0.13333333333333333
0.3157894736842105
0.1
0.3636363636363636
0.14285714285714285
0.4000000000000001
0.12500000000000003
0.6
0.16666666666666666
0.14285714285714285
0.06896551724137931
0.10526315789473685
0.3333333333333333
0.16666666666666666
0.20000000000000004
0.20000000000000004
0.08333333333333333
0.14285714285714285
0.0
0.3636363636363636
0.0
0.4000000000000001
0.16666666666666666
0.3076923076923077
0.5000000000000001
0.25000000000000006
0.0909090909090909
0.3636363636363636
0.13333333333333333
0.5454545454545454
0.16666666666666666
0.3636363636363636
0.2727272727272727
0.3076923076923077
0.3333333333333333
0.08823529411764705
0.13333333333333333
0.08695652173913045
0.16666666666666666
0.3333333333333333
0.2222222222222222
0.0
0.034188034188034185
0.1176470588235294
0.13333333333333333
0.4000000000000001
0.1818181818181818
0.23529411764705882
0.1739130434782609
0.20000000000000004
0.2222222222222222
0.1
0.20000000000000004
0.15384615384615385
0.20000000000000004
0.17647058823529413
0.19999999999999998
0.2857142857142857
0.03703703703703703
0.3333333333333333
0.1818181818181818
0.0
0.1818181818181818
0.0
0.25000000000000006
0.1818181818181818
0.2857142857142857
0.1818181818181818
0.20000000000000004
0.0
0.0909090909090909
0.3
0.3076923076923077
0.3333333333333333
0.06451612903225806
0.14285714285714285
0.06451612903225806
0.4000000000000001
0.33333333333333337
0.0
0.3333333333333333
0.1818181818181818
0.25000000000000006
0.4
0.0
0.13793103448275862
0.24
0.0
0.3
0.0
0.16666666666666666
0.5454545454545454
0.15384615384615385
0.20000000000000004
0.1818181818181818
0.09195402298850576
0.3636363636363636
0.4
0.0
0.0
0.20000000000000004
0.08333333333333333
0.1818181818181818
0.0
0.2
0.1818181818181818
0.1818181818181818
0.0
0.4000000000000001
0.25000000000000006
0.26666666666666666
0.14285714285714285
0.35294117647058826
0.1818181818181818
0.5454545454545454
0.16666666666666666
0.028985507246376812
0.4615384615384615
0.09523809523809523
0.3333333333333333
0.5
0.25000000000000006
0.20000000000000004
0.0
0.2857142857142857
0.13333333333333333
0.3636363636363636
0.3478260869565218
0.0
0.14814814814814814
0.0
0.3636363636363636
0.3076923076923077
0.4000000000000001
0.4000000000000001
0.1818181818181818
0.20000000000000004
0.2857142857142857
0.15384615384615385
0.4000000000000001
0.3157894736842105
0.5454545454545454
0.6
0.6
0.21052631578947364
0.0
0.20000000000000004
0.0
0.3333333333333333
0.3076923076923077
0.5454545454545454
0.15384615384615385
0.3076923076923077
0.4000000000000001
0.0
0.4
0.5454545454545454
0.25000000000000006
0.1818181818181818
0.20000000000000004
0.046511627906976744
0.4000000000000001
0.16216216216216214
0.0
0.3636363636363636
0.37499999999999994
0.16666666666666666
0.2222222222222222
0.09523809523809523
0.20000000000000004
0.2
0.0
0.07692307692307693
0.1739130434782609
0.3076923076923077
0.0
0.1818181818181818
0.0
0.16666666666666666
0.15384615384615385
0.6
0.3076923076923077
0.16666666666666666
0.4615384615384615
0.16666666666666666
0.08695652173913045
0.19999999999999998
0.26666666666666666
0.20000000000000004
0.14285714285714285
0.20000000000000004
0.1818181818181818
0.0909090909090909
0.3636363636363636
0.15384615384615385
0.3636363636363636
0.0
0.12500000000000003
0.20000000000000004
0.20000000000000004
0.1818181818181818
0.0909090909090909
0.37499999999999994
0.23529411764705882
0.0
0.23529411764705882
0.14285714285714285
0.3636363636363636
0.1818181818181818
0.38095238095238093
0.12500000000000003
0.05555555555555555
0.11764705882352941
0.0
0.12500000000000003
0.14285714285714285
0.16666666666666666
0.13333333333333333
0.0
0.3333333333333333
0.15384615384615385
0.20000000000000004
0.4000000000000001
0.0
0.15384615384615385
0.20000000000000004
0.16666666666666666
0.16666666666666666
0.12500000000000003
0.049999999999999996
0.16216216216216214
0.16666666666666666
0.33333333333333337
0.1818181818181818
0.053691275167785234
0.3636363636363636
0.06896551724137931
0.0
0.1818181818181818
0.15384615384615385
0.5454545454545454
0.16666666666666666
0.0
0.08695652173913045
0.0
0.1111111111111111
0.20000000000000004
0.6
0.3333333333333333
0.019999999999999997
0.1818181818181818
0.15384615384615385
0.1818181818181818
0.20000000000000004
0.20000000000000004
0.2
0.1818181818181818
0.3636363636363636
0.26666666666666666
0.21052631578947364
0.13333333333333333
0.4000000000000001
0.23529411764705882
0.06666666666666667
0.2608695652173913
0.3636363636363636
0.1224489795918367
0.0851063829787234
0.20000000000000004
0.3333333333333333
0.0
0.15384615384615385
0.14285714285714285
0.10526315789473682
0.3636363636363636
0.14285714285714285
0.47058823529411764
0.3333333333333333
0.0
0.16666666666666666
0.12903225806451613
0.06451612903225806
0.13333333333333333
0.6
0.1818181818181818
0.1818181818181818
0.0
0.20000000000000004
0.20000000000000004
0.16666666666666666
0.10810810810810811
0.07407407407407407
0.5
0.26666666666666666
0.1818181818181818
0.0
0.047619047619047616
0.20000000000000004
0.3333333333333333
0.3636363636363636
0.16666666666666666
0.42857142857142855
0.0
0.15384615384615385
0.1111111111111111
0.6
0.0
0.1
0.09523809523809523
0.10526315789473685
0.1818181818181818
0.0
0.08955223880597016
0.4000000000000001
0.2222222222222222
0.4000000000000001
0.1818181818181818
0.20000000000000004
0.16216216216216214
0.0
0.15384615384615385
0.15384615384615385
0.14285714285714285
0.0
0.1
0.4
0.125
0.0
0.20000000000000004
0.2222222222222222
0.4615384615384615
0.0
0.16666666666666666
0.0
0.1818181818181818
0.15384615384615385
0.0
0.20000000000000004
0.21052631578947364
0.14285714285714285
0.16666666666666666
0.3333333333333333
0.1818181818181818
0.3636363636363636
0.3636363636363636
0.20000000000000004
0.019230769230769232
0.3333333333333333
0.25000000000000006
0.24
0.20000000000000004
0.12500000000000003
0.5
0.14814814814814814
0.0
0.3636363636363636
0.16666666666666666
0.10526315789473682
0.15384615384615385
0.0
0.12500000000000003
0.15384615384615385
0.0
0.12500000000000003
0.1818181818181818
0.3
0.2222222222222222
0.4000000000000001
0.0909090909090909
0.1739130434782609
0.1818181818181818
0.20000000000000004
0.16666666666666666
0.6
0.1818181818181818
0.16666666666666666
0.1
0.1818181818181818
0.0
0.02857142857142857
0.3333333333333333
0.15384615384615385
0.3333333333333333
0.08000000000000002
0.1818181818181818
0.3636363636363636
0.025974025974025972
0.23529411764705882
0.4615384615384615
0.6
0.5000000000000001
0.4000000000000001
0.26666666666666666
0.16666666666666666
0.4000000000000001
0.10526315789473682
0.0
0.1818181818181818
0.4615384615384615
0.20000000000000004
0.0
0.5454545454545454
0.16666666666666666
0.16666666666666666
0.052631578947368425
0.16666666666666666
0.16000000000000003
0.33333333333333337
0.3636363636363636
0.16666666666666666
0.4000000000000001
0.20000000000000004
0.3636363636363636
0.16666666666666666
0.3076923076923077
0.2857142857142857
0.2
0.25000000000000006
0.42857142857142855
0.0
0.20000000000000004
0.2727272727272727
0.1
0.0
0.0
0.4000000000000001
0.3636363636363636
0.1818181818181818
0.20000000000000004
0.3636363636363636
0.5454545454545454
0.6666666666666666
0.16666666666666666
0.0
0.14285714285714285
0.20000000000000004
0.1818181818181818
0.1818181818181818
0.23529411764705882
0.20000000000000004
0.14285714285714285
0.15384615384615385
