1	0.14285714285714288
2	0.2666666666666667
3	0.25
4	0.23529411764705882
5	0.2222222222222222
6	0.21052631578947367
7	0.2
8	0.1904761904761905
9	0.18181818181818185
10	0.17391304347826086
11	0.16666666666666669
12	0.24000000000000002
13	0.23076923076923078
14	0.22222222222222224
15	0.21428571428571427
16	0.20689655172413793
17	0.20000000000000004
18	0.1935483870967742
19	0.18749999999999997
20	0.18181818181818185
21	0.23529411764705882
22	0.2285714285714286
23	0.2222222222222222
24	0.21621621621621623
25	0.2105263157894737
