1	0.1111111111111111
2	0.21052631578947367
3	0.2
4	0.19047619047619047
5	0.2727272727272727
6	0.2608695652173913
7	0.3333333333333333
8	0.31999999999999995
9	0.30769230769230765
10	0.29629629629629634
11	0.35714285714285715
12	0.41379310344827586
13	0.4000000000000001
14	0.45161290322580644
15	0.5
16	0.48484848484848486
17	0.47058823529411764
18	0.45714285714285713
19	0.4444444444444444
20	0.4324324324324324
21	0.42105263157894735
22	0.41025641025641024
23	0.39999999999999997
24	0.39024390243902435
25	0.38095238095238104
