1	0.1111111111111111
2	0.10526315789473684
3	0.1
4	0.09523809523809523
5	0.0909090909090909
6	0.08695652173913045
7	0.08333333333333333
8	0.15999999999999998
9	0.23076923076923078
10	0.22222222222222224
11	0.21428571428571427
12	0.20689655172413793
13	0.20000000000000004
14	0.2580645161290323
15	0.25
16	0.24242424242424243
17	0.23529411764705882
18	0.22857142857142856
19	0.2222222222222222
20	0.2162162162162162
21	0.21052631578947367
22	0.20512820512820512
23	0.25
24	0.2926829268292683
25	0.28571428571428564
