1	0.09523809523809523
2	0.09090909090909091
3	0.08695652173913045
4	0.08333333333333334
5	0.08000000000000002
6	0.15384615384615383
7	0.2222222222222222
8	0.28571428571428575
9	0.2758620689655173
10	0.3333333333333333
11	0.3225806451612903
12	0.37499999999999994
13	0.4242424242424242
14	0.4117647058823529
15	0.4
16	0.38888888888888884
17	0.37837837837837834
18	0.36842105263157887
19	0.358974358974359
20	0.35
21	0.3414634146341463
22	0.3333333333333333
23	0.3255813953488372
24	0.31818181818181823
25	0.3111111111111111
