1	0.03773584905660378
2	0.07407407407407407
3	0.07272727272727274
4	0.10714285714285714
5	0.10526315789473685
6	0.10344827586206896
7	0.13559322033898308
8	0.13333333333333336
9	0.1311475409836066
10	0.12903225806451613
11	0.15873015873015872
12	0.1875
13	0.18461538461538463
14	0.18181818181818182
15	0.1791044776119403
16	0.2058823529411765
17	0.2028985507246377
18	0.19999999999999998
19	0.22535211267605634
20	0.2222222222222222
21	0.21917808219178084
22	0.21621621621621623
23	0.21333333333333332
24	0.21052631578947367
25	0.2337662337662338
