1	0.02531645569620253
2	0.05
3	0.07407407407407407
4	0.07317073170731708
5	0.09638554216867469
6	0.09523809523809523
7	0.1176470588235294
8	0.11627906976744184
9	0.13793103448275862
10	0.13636363636363635
11	0.13483146067415733
12	0.13333333333333336
13	0.15384615384615383
14	0.17391304347826086
15	0.17204301075268819
16	0.19148936170212766
17	0.18947368421052632
18	0.20833333333333334
19	0.20618556701030924
20	0.2040816326530612
21	0.2222222222222222
22	0.22000000000000003
23	0.23762376237623764
24	0.2549019607843137
25	0.27184466019417475
