1	0.0
2	0.0
3	0.07407407407407407
4	0.07142857142857142
5	0.13793103448275862
6	0.13333333333333333
7	0.12903225806451613
8	0.1875
9	0.24242424242424243
10	0.23529411764705882
11	0.2285714285714286
12	0.2222222222222222
13	0.21621621621621623
14	0.2105263157894737
15	0.2051282051282051
16	0.25
17	0.24390243902439027
18	0.2380952380952381
19	0.23255813953488372
20	0.22727272727272727
21	0.22222222222222224
22	0.21739130434782608
23	0.2127659574468085
24	0.20833333333333334
25	0.20408163265306126
