1	0.017699115044247787
2	0.017543859649122806
3	0.017391304347826087
4	0.017241379310344824
5	0.034188034188034185
6	0.05084745762711864
7	0.06722689075630252
8	0.06666666666666667
9	0.08264462809917357
10	0.0983606557377049
11	0.11382113821138211
12	0.11290322580645161
13	0.112
14	0.12698412698412698
15	0.12598425196850394
16	0.125
17	0.12403100775193798
18	0.12307692307692308
19	0.12213740458015268
20	0.13636363636363638
21	0.13533834586466167
22	0.13432835820895525
23	0.13333333333333336
24	0.14705882352941177
25	0.1605839416058394
