1	0.031746031746031744
2	0.0625
3	0.09230769230769231
4	0.0909090909090909
5	0.08955223880597016
6	0.1176470588235294
7	0.11594202898550726
8	0.1142857142857143
9	0.11267605633802817
10	0.1111111111111111
11	0.1095890410958904
12	0.1081081081081081
13	0.10666666666666666
14	0.10526315789473685
15	0.1038961038961039
16	0.10256410256410256
17	0.10126582278481013
18	0.09999999999999999
19	0.09876543209876543
20	0.0975609756097561
21	0.09638554216867469
22	0.09523809523809523
23	0.09411764705882353
24	0.09302325581395349
25	0.09195402298850575
