1	0.07692307692307693
2	0.07407407407407407
3	0.14285714285714285
4	0.13793103448275865
5	0.19999999999999998
6	0.1935483870967742
7	0.25
8	0.24242424242424243
9	0.23529411764705882
10	0.22857142857142856
11	0.2222222222222222
12	0.21621621621621623
13	0.2631578947368421
14	0.25641025641025644
15	0.3
16	0.34146341463414637
17	0.3333333333333333
18	0.32558139534883723
19	0.3181818181818182
20	0.3111111111111111
21	0.34782608695652173
22	0.3404255319148936
23	0.3333333333333333
24	0.32653061224489793
25	0.32
