1	0.19999999999999998
2	0.1818181818181818
3	0.16666666666666666
4	0.15384615384615383
5	0.14285714285714285
6	0.13333333333333333
7	0.125
8	0.23529411764705882
9	0.3333333333333333
10	0.3157894736842105
11	0.39999999999999997
12	0.380952380952381
13	0.3636363636363637
14	0.34782608695652173
15	0.33333333333333337
16	0.32
17	0.30769230769230765
18	0.2962962962962963
19	0.35714285714285715
20	0.3448275862068966
21	0.33333333333333326
22	0.3225806451612903
23	0.3125
24	0.30303030303030304
25	0.29411764705882354
