1	0.09523809523809523
2	0.18181818181818182
3	0.1739130434782609
4	0.16666666666666669
5	0.24
6	0.23076923076923075
7	0.2222222222222222
8	0.21428571428571425
9	0.20689655172413793
10	0.26666666666666666
11	0.25806451612903225
12	0.25
13	0.24242424242424246
14	0.2941176470588235
15	0.28571428571428575
16	0.2777777777777778
17	0.27027027027027023
18	0.3157894736842105
19	0.3076923076923077
20	0.3
21	0.2926829268292683
22	0.3333333333333333
23	0.3255813953488372
24	0.3636363636363636
25	0.39999999999999997
