1	0.020833333333333332
2	0.020618556701030927
3	0.020408163265306124
4	0.020202020202020204
5	0.019999999999999997
6	0.0198019801980198
7	0.0392156862745098
8	0.038834951456310676
9	0.057692307692307696
10	0.05714285714285715
11	0.05660377358490566
12	0.05607476635514019
13	0.07407407407407407
14	0.07339449541284403
15	0.09090909090909091
16	0.10810810810810811
17	0.10714285714285714
18	0.1238938053097345
19	0.14035087719298245
20	0.1391304347826087
21	0.15517241379310343
22	0.15384615384615385
23	0.15254237288135591
24	0.16806722689075632
25	0.16666666666666666
