1	0.10526315789473684
2	0.19999999999999998
3	0.1904761904761905
4	0.27272727272727276
5	0.2608695652173913
6	0.25
7	0.24
8	0.23076923076923078
9	0.2222222222222222
10	0.2857142857142857
11	0.27586206896551724
12	0.26666666666666666
13	0.2580645161290323
14	0.31250000000000006
15	0.303030303030303
16	0.29411764705882354
17	0.28571428571428575
18	0.2777777777777778
19	0.27027027027027023
20	0.2631578947368421
21	0.25641025641025644
22	0.3
23	0.34146341463414637
24	0.380952380952381
25	0.37209302325581395
