1	0.19999999999999998
2	0.1818181818181818
3	0.16666666666666666
4	0.15384615384615383
5	0.14285714285714285
6	0.26666666666666666
7	0.375
8	0.47058823529411764
9	0.4444444444444444
10	0.4210526315789474
11	0.39999999999999997
12	0.4761904761904762
13	0.4545454545454546
14	0.43478260869565216
15	0.4166666666666667
16	0.39999999999999997
17	0.3846153846153846
18	0.3703703703703704
19	0.35714285714285715
20	0.41379310344827586
21	0.4
22	0.45161290322580644
23	0.43750000000000006
24	0.42424242424242425
25	0.4117647058823529
