1	0.0
2	0.15384615384615385
3	0.14285714285714288
4	0.13333333333333333
5	0.12500000000000003
6	0.11764705882352942
7	0.1111111111111111
8	0.2105263157894737
9	0.19999999999999998
10	0.1904761904761905
11	0.18181818181818182
12	0.2608695652173913
13	0.33333333333333337
14	0.32
15	0.30769230769230765
16	0.2962962962962963
17	0.2857142857142857
18	0.27586206896551724
19	0.26666666666666666
20	0.3225806451612903
21	0.37499999999999994
22	0.3636363636363636
23	0.3529411764705882
24	0.4
25	0.4444444444444444
