1	0.0
2	0.15384615384615385
3	0.14285714285714288
4	0.13333333333333333
5	0.12500000000000003
6	0.11764705882352942
7	0.1111111111111111
8	0.10526315789473685
9	0.09999999999999999
10	0.09523809523809525
11	0.09090909090909091
12	0.17391304347826086
13	0.16666666666666669
14	0.16
15	0.23076923076923075
16	0.2222222222222222
17	0.21428571428571427
18	0.27586206896551724
19	0.26666666666666666
20	0.25806451612903225
21	0.25
22	0.24242424242424246
23	0.2352941176470588
24	0.2285714285714286
25	0.2222222222222222
