1	0.0
2	0.0
3	0.029850746268656716
4	0.029411764705882353
5	0.028985507246376812
6	0.02857142857142857
7	0.028169014084507043
8	0.027777777777777776
9	0.0273972602739726
10	0.02702702702702703
11	0.02666666666666667
12	0.02631578947368421
13	0.025974025974025976
14	0.05128205128205128
15	0.05063291139240506
16	0.05
17	0.04938271604938271
18	0.07317073170731708
19	0.07228915662650602
20	0.07142857142857142
21	0.07058823529411765
22	0.06976744186046512
23	0.06896551724137931
24	0.06818181818181818
25	0.0898876404494382
