1	0.13333333333333333
2	0.125
3	0.23529411764705882
4	0.22222222222222224
5	0.21052631578947364
6	0.3
7	0.2857142857142857
8	0.36363636363636365
9	0.34782608695652173
10	0.3333333333333333
11	0.32
12	0.3846153846153846
13	0.3703703703703704
14	0.35714285714285715
15	0.4137931034482759
16	0.4666666666666667
17	0.45161290322580644
18	0.43750000000000006
19	0.4242424242424242
20	0.4117647058823529
21	0.4571428571428571
22	0.4444444444444444
23	0.4864864864864865
24	0.4736842105263159
25	0.4615384615384615
