1	0.0
2	0.04545454545454545
3	0.044444444444444446
4	0.08695652173913042
5	0.0851063829787234
6	0.08333333333333333
7	0.08163265306122448
8	0.08
9	0.0784313725490196
10	0.11538461538461536
11	0.11320754716981131
12	0.11111111111111112
13	0.10909090909090909
14	0.10714285714285714
15	0.14035087719298245
16	0.13793103448275862
17	0.13559322033898302
18	0.13333333333333333
19	0.13114754098360656
20	0.12903225806451613
21	0.12698412698412698
22	0.125
23	0.12307692307692307
24	0.12121212121212123
25	0.11940298507462685
