1	0.014705882352941178
2	0.029197080291970802
3	0.028985507246376812
4	0.02877697841726619
5	0.02857142857142857
6	0.028368794326241134
7	0.04225352112676056
8	0.04195804195804196
9	0.04166666666666667
10	0.04137931034482759
11	0.04109589041095891
12	0.054421768707483
13	0.05405405405405406
14	0.05369127516778524
15	0.05333333333333334
16	0.0662251655629139
17	0.06578947368421052
18	0.0784313725490196
19	0.07792207792207792
20	0.09032258064516129
21	0.10256410256410256
22	0.11464968152866242
23	0.1139240506329114
24	0.11320754716981134
25	0.11250000000000002
