1	0.10526315789473684
2	0.09999999999999999
3	0.09523809523809525
4	0.1818181818181818
5	0.1739130434782609
6	0.16666666666666666
7	0.24
8	0.23076923076923078
9	0.2222222222222222
10	0.2857142857142857
11	0.27586206896551724
12	0.26666666666666666
13	0.2580645161290323
14	0.31250000000000006
15	0.303030303030303
16	0.35294117647058826
17	0.34285714285714286
18	0.3333333333333333
19	0.3243243243243243
20	0.3157894736842105
21	0.30769230769230765
22	0.3
23	0.2926829268292683
24	0.28571428571428575
25	0.27906976744186046
