1	0.14285714285714288
2	0.13333333333333336
3	0.125
4	0.23529411764705882
5	0.2222222222222222
6	0.21052631578947367
7	0.3
8	0.2857142857142857
9	0.27272727272727276
10	0.2608695652173913
11	0.24999999999999994
12	0.24000000000000002
13	0.23076923076923078
14	0.29629629629629634
15	0.28571428571428575
16	0.27586206896551724
17	0.26666666666666666
18	0.2580645161290323
19	0.25
20	0.30303030303030304
21	0.2941176470588235
22	0.2857142857142857
23	0.27777777777777773
24	0.32432432432432434
25	0.3157894736842105
