1	0.08695652173913045
2	0.16666666666666669
3	0.16
4	0.15384615384615385
5	0.14814814814814814
6	0.21428571428571427
7	0.20689655172413793
8	0.26666666666666666
9	0.2580645161290322
10	0.25000000000000006
11	0.24242424242424246
12	0.23529411764705885
13	0.2285714285714286
14	0.2222222222222222
15	0.21621621621621623
16	0.2631578947368421
17	0.25641025641025644
18	0.25
19	0.24390243902439024
20	0.28571428571428564
21	0.2790697674418604
22	0.3181818181818182
23	0.31111111111111117
24	0.30434782608695654
25	0.29787234042553196
