1	0.11764705882352941
2	0.1111111111111111
3	0.10526315789473684
4	0.1
5	0.09523809523809523
6	0.09090909090909091
7	0.08695652173913043
8	0.08333333333333333
9	0.08
10	0.07692307692307693
11	0.14814814814814814
12	0.21428571428571427
13	0.20689655172413793
14	0.19999999999999998
15	0.19354838709677422
16	0.1875
17	0.1818181818181818
18	0.17647058823529413
19	0.17142857142857143
20	0.16666666666666663
21	0.16216216216216214
22	0.15789473684210525
23	0.15384615384615383
24	0.15
25	0.14634146341463414
