1	0.125
2	0.11764705882352941
3	0.1111111111111111
4	0.10526315789473685
5	0.1
6	0.09523809523809522
7	0.18181818181818182
8	0.1739130434782609
9	0.16666666666666669
10	0.16
11	0.15384615384615383
12	0.14814814814814814
13	0.14285714285714288
14	0.1379310344827586
15	0.13333333333333333
16	0.19354838709677422
17	0.18750000000000003
18	0.1818181818181818
19	0.17647058823529413
20	0.17142857142857143
21	0.16666666666666666
22	0.16216216216216214
23	0.15789473684210528
24	0.15384615384615385
25	0.15
