1	0.05882352941176471
2	0.05714285714285715
3	0.05555555555555555
4	0.054054054054054064
5	0.052631578947368425
6	0.10256410256410256
7	0.1
8	0.14634146341463414
9	0.14285714285714288
10	0.186046511627907
11	0.22727272727272727
12	0.26666666666666666
13	0.26086956521739135
14	0.2978723404255319
15	0.29166666666666663
16	0.326530612244898
17	0.32
18	0.3137254901960784
19	0.3076923076923077
20	0.339622641509434
21	0.33333333333333326
22	0.32727272727272727
23	0.32142857142857145
24	0.3508771929824562
25	0.3448275862068965
