1	0.06060606060606061
2	0.058823529411764705
3	0.05714285714285714
4	0.1111111111111111
5	0.16216216216216214
6	0.21052631578947367
7	0.20512820512820512
8	0.2
9	0.1951219512195122
10	0.23809523809523808
11	0.2325581395348837
12	0.22727272727272727
13	0.22222222222222224
14	0.21739130434782608
15	0.2127659574468085
16	0.20833333333333334
17	0.20408163265306123
18	0.19999999999999998
19	0.23529411764705882
20	0.23076923076923075
21	0.2641509433962264
22	0.2962962962962963
23	0.2909090909090909
24	0.28571428571428575
25	0.2807017543859649
