1	0.1
2	0.09523809523809525
3	0.18181818181818182
4	0.17391304347826086
5	0.16666666666666666
6	0.16
7	0.15384615384615385
8	0.14814814814814814
9	0.14285714285714285
10	0.13793103448275862
11	0.13333333333333333
12	0.12903225806451615
13	0.125
14	0.12121212121212122
15	0.11764705882352941
16	0.11428571428571428
17	0.1111111111111111
18	0.10810810810810811
19	0.10526315789473684
20	0.10256410256410256
21	0.1
22	0.0975609756097561
23	0.09523809523809525
24	0.0930232558139535
25	0.0909090909090909
