1	0.0
2	0.0
3	0.0
4	0.05128205128205128
5	0.049999999999999996
6	0.048780487804878044
7	0.09523809523809522
8	0.09302325581395347
9	0.0909090909090909
10	0.08888888888888888
11	0.13043478260869562
12	0.1276595744680851
13	0.12500000000000003
14	0.12244897959183673
15	0.12000000000000001
16	0.11764705882352938
17	0.15384615384615385
18	0.1509433962264151
19	0.18518518518518517
20	0.18181818181818182
21	0.17857142857142855
22	0.17543859649122806
23	0.17241379310344826
24	0.1694915254237288
25	0.16666666666666666
