1	0.11764705882352941
2	0.1111111111111111
3	0.10526315789473684
4	0.1
5	0.09523809523809523
6	0.09090909090909091
7	0.08695652173913043
8	0.08333333333333333
9	0.08
10	0.07692307692307693
11	0.07407407407407407
12	0.07142857142857144
13	0.06896551724137931
14	0.06666666666666667
15	0.06451612903225808
16	0.0625
17	0.06060606060606061
18	0.058823529411764705
19	0.11428571428571428
20	0.11111111111111112
21	0.1081081081081081
22	0.10526315789473685
23	0.10256410256410256
24	0.1
25	0.09756097560975609
