1	0.06060606060606061
2	0.11764705882352941
3	0.11428571428571428
4	0.1111111111111111
5	0.16216216216216214
6	0.15789473684210525
7	0.15384615384615383
8	0.15
9	0.14634146341463417
10	0.19047619047619047
11	0.18604651162790697
12	0.18181818181818182
13	0.17777777777777778
14	0.17391304347826086
15	0.1702127659574468
16	0.16666666666666666
17	0.20408163265306123
18	0.19999999999999998
19	0.19607843137254902
20	0.19230769230769232
21	0.18867924528301888
22	0.18518518518518515
23	0.18181818181818182
24	0.17857142857142858
25	0.17543859649122806
