1	0.0
2	0.0
3	0.05714285714285714
4	0.05555555555555555
5	0.10810810810810811
6	0.10526315789473684
7	0.10256410256410256
8	0.1
9	0.0975609756097561
10	0.09523809523809523
11	0.13953488372093023
12	0.13636363636363635
13	0.13333333333333333
14	0.17391304347826086
15	0.1702127659574468
16	0.16666666666666666
17	0.16326530612244897
18	0.16
19	0.1568627450980392
20	0.19230769230769232
21	0.18867924528301888
22	0.18518518518518515
23	0.18181818181818182
24	0.17857142857142858
25	0.17543859649122806
