1	0.14285714285714288
2	0.2666666666666667
3	0.375
4	0.3529411764705882
5	0.33333333333333337
6	0.3157894736842105
7	0.3
8	0.380952380952381
9	0.3636363636363637
10	0.34782608695652173
11	0.33333333333333337
12	0.32
13	0.38461538461538464
14	0.3703703703703704
15	0.3571428571428571
16	0.3448275862068966
17	0.33333333333333337
18	0.3225806451612903
19	0.37499999999999994
20	0.3636363636363637
21	0.35294117647058826
22	0.3428571428571428
23	0.33333333333333337
24	0.32432432432432434
25	0.3157894736842105
