1	0.07999999999999999
2	0.07692307692307693
3	0.07407407407407407
4	0.07142857142857142
5	0.06896551724137931
6	0.13333333333333333
7	0.12903225806451613
8	0.1875
9	0.18181818181818182
10	0.17647058823529413
11	0.17142857142857143
12	0.16666666666666666
13	0.21621621621621623
14	0.2631578947368421
15	0.3076923076923077
16	0.35000000000000003
17	0.34146341463414637
18	0.3333333333333333
19	0.32558139534883723
20	0.31818181818181823
21	0.35555555555555557
22	0.34782608695652173
23	0.3404255319148936
24	0.3333333333333333
25	0.32653061224489793
