1	0.10526315789473684
2	0.09999999999999999
3	0.1904761904761905
4	0.27272727272727276
5	0.3478260869565218
6	0.3333333333333333
7	0.32
8	0.30769230769230765
9	0.2962962962962963
10	0.35714285714285715
11	0.3448275862068966
12	0.33333333333333337
13	0.3225806451612903
14	0.31250000000000006
15	0.303030303030303
16	0.29411764705882354
17	0.28571428571428575
18	0.2777777777777778
19	0.27027027027027023
20	0.2631578947368421
21	0.25641025641025644
22	0.25
23	0.24390243902439024
24	0.2380952380952381
25	0.23255813953488372
