1	0.018181818181818184
2	0.01801801801801802
3	0.03571428571428572
4	0.05309734513274336
5	0.05263157894736843
6	0.05217391304347826
7	0.05172413793103448
8	0.05128205128205129
9	0.05084745762711865
10	0.05042016806722689
11	0.05
12	0.049586776859504134
13	0.06557377049180328
14	0.06504065040650407
15	0.06451612903225808
16	0.064
17	0.07936507936507936
18	0.09448818897637797
19	0.09375
20	0.0930232558139535
21	0.0923076923076923
22	0.0916030534351145
23	0.10606060606060606
24	0.10526315789473685
25	0.10447761194029852
