1	0.0
2	0.15384615384615385
3	0.28571428571428575
4	0.39999999999999997
5	0.37499999999999994
6	0.4705882352941177
7	0.4444444444444444
8	0.4210526315789474
9	0.39999999999999997
10	0.380952380952381
11	0.36363636363636365
12	0.34782608695652173
13	0.33333333333333337
14	0.32
15	0.30769230769230765
16	0.3703703703703703
17	0.35714285714285715
18	0.41379310344827586
19	0.39999999999999997
20	0.3870967741935483
21	0.43749999999999994
22	0.4242424242424242
23	0.411764705882353
24	0.4
25	0.3888888888888889
