1	0.0
2	0.13333333333333336
3	0.125
4	0.11764705882352941
5	0.1111111111111111
6	0.10526315789473684
7	0.1
8	0.1904761904761905
9	0.18181818181818185
10	0.17391304347826086
11	0.24999999999999994
12	0.24000000000000002
13	0.23076923076923078
14	0.29629629629629634
15	0.28571428571428575
16	0.3448275862068966
17	0.33333333333333337
18	0.3225806451612903
19	0.3125
20	0.30303030303030304
21	0.35294117647058826
22	0.39999999999999997
23	0.3888888888888889
24	0.3783783783783784
25	0.3684210526315789
