1	0.07407407407407407
2	0.14285714285714288
3	0.13793103448275862
4	0.19999999999999998
5	0.1935483870967742
6	0.1875
7	0.18181818181818182
8	0.1764705882352941
9	0.17142857142857146
10	0.16666666666666669
11	0.16216216216216214
12	0.15789473684210525
13	0.15384615384615388
14	0.15
15	0.14634146341463417
16	0.14285714285714285
17	0.13953488372093026
18	0.13636363636363638
19	0.13333333333333333
20	0.13043478260869565
21	0.1702127659574468
22	0.16666666666666669
23	0.20408163265306123
24	0.2
25	0.19607843137254902
