1	0.06060606060606061
2	0.058823529411764705
3	0.11428571428571428
4	0.1111111111111111
5	0.16216216216216214
6	0.15789473684210525
7	0.20512820512820512
8	0.2
9	0.24390243902439024
10	0.23809523809523808
11	0.27906976744186046
12	0.2727272727272727
13	0.26666666666666666
14	0.26086956521739124
15	0.25531914893617025
16	0.25
17	0.24489795918367344
18	0.24000000000000005
19	0.2745098039215686
20	0.3076923076923077
21	0.3018867924528302
22	0.2962962962962963
23	0.2909090909090909
24	0.28571428571428575
25	0.2807017543859649
