1	0.18181818181818182
2	0.16666666666666669
3	0.15384615384615383
4	0.14285714285714288
5	0.26666666666666666
6	0.25
7	0.23529411764705882
8	0.33333333333333326
9	0.3157894736842105
10	0.3
11	0.28571428571428564
12	0.3636363636363636
13	0.34782608695652173
14	0.3333333333333333
15	0.32
16	0.38461538461538464
17	0.37037037037037035
18	0.35714285714285715
19	0.3448275862068966
20	0.3333333333333333
21	0.3225806451612903
22	0.3125
23	0.36363636363636365
24	0.35294117647058826
25	0.34285714285714286
