1	0.18181818181818182
2	0.16666666666666669
3	0.15384615384615383
4	0.14285714285714288
5	0.13333333333333333
6	0.125
7	0.11764705882352941
8	0.11111111111111112
9	0.10526315789473685
10	0.10000000000000002
11	0.1904761904761905
12	0.1818181818181818
13	0.17391304347826086
14	0.25
15	0.24
16	0.23076923076923075
17	0.29629629629629634
18	0.2857142857142857
19	0.27586206896551724
20	0.26666666666666666
21	0.25806451612903225
22	0.25000000000000006
23	0.24242424242424243
24	0.23529411764705882
25	0.22857142857142856
