1	0.0625
2	0.12121212121212122
3	0.17647058823529413
4	0.2285714285714286
5	0.2222222222222222
6	0.27027027027027023
7	0.3157894736842105
8	0.30769230769230765
9	0.30000000000000004
10	0.3414634146341463
11	0.3333333333333333
12	0.3255813953488372
13	0.3181818181818182
14	0.3111111111111111
15	0.3043478260869565
16	0.2978723404255319
17	0.29166666666666663
18	0.2857142857142857
19	0.28
20	0.2745098039215686
21	0.2692307692307692
22	0.2641509433962264
23	0.25925925925925924
24	0.2545454545454545
25	0.25
