1	0.18181818181818182
2	0.16666666666666669
3	0.15384615384615383
4	0.28571428571428575
5	0.26666666666666666
6	0.37499999999999994
7	0.3529411764705882
8	0.33333333333333326
9	0.3157894736842105
10	0.4000000000000001
11	0.380952380952381
12	0.3636363636363636
13	0.4347826086956522
14	0.41666666666666663
15	0.4
16	0.4615384615384615
17	0.4444444444444445
18	0.42857142857142855
19	0.41379310344827586
20	0.4666666666666667
21	0.5161290322580645
22	0.5000000000000001
23	0.48484848484848486
24	0.47058823529411764
25	0.45714285714285713
