1	0.03225806451612903
2	0.031746031746031744
3	0.03125
4	0.030769230769230767
5	0.030303030303030307
6	0.02985074626865672
7	0.029411764705882356
8	0.028985507246376815
9	0.028571428571428574
10	0.056338028169014086
11	0.05555555555555556
12	0.0547945205479452
13	0.05405405405405406
14	0.05333333333333333
15	0.07894736842105264
16	0.07792207792207792
17	0.10256410256410256
18	0.10126582278481013
19	0.1
20	0.09876543209876544
21	0.0975609756097561
22	0.12048192771084337
23	0.11904761904761903
24	0.1411764705882353
25	0.13953488372093023
