1	0.0
2	0.0
3	0.0
4	0.05714285714285715
5	0.05555555555555555
6	0.05405405405405405
7	0.10526315789473685
8	0.15384615384615383
9	0.15000000000000002
10	0.14634146341463414
11	0.14285714285714285
12	0.18604651162790697
13	0.22727272727272727
14	0.2222222222222222
15	0.21739130434782605
16	0.2127659574468085
17	0.25
18	0.24489795918367346
19	0.24000000000000002
20	0.23529411764705882
21	0.23076923076923075
22	0.22641509433962262
23	0.2222222222222222
24	0.21818181818181817
25	0.21428571428571427
