1	0.08333333333333333
2	0.16
3	0.15384615384615383
4	0.22222222222222218
5	0.21428571428571427
6	0.20689655172413793
7	0.2
8	0.19354838709677416
9	0.18750000000000003
10	0.24242424242424243
11	0.29411764705882354
12	0.2857142857142857
13	0.33333333333333337
14	0.3243243243243243
15	0.31578947368421056
16	0.30769230769230765
17	0.3
18	0.34146341463414637
19	0.3333333333333333
20	0.37209302325581395
21	0.3636363636363636
22	0.3555555555555555
23	0.34782608695652173
24	0.3404255319148936
25	0.37499999999999994
