1	0.07692307692307693
2	0.07407407407407407
3	0.07142857142857142
4	0.13793103448275865
5	0.13333333333333333
6	0.12903225806451613
7	0.125
8	0.12121212121212122
9	0.11764705882352941
10	0.11428571428571428
11	0.16666666666666666
12	0.21621621621621623
13	0.2105263157894737
14	0.20512820512820512
15	0.2
16	0.24390243902439027
17	0.2380952380952381
18	0.23255813953488372
19	0.22727272727272727
20	0.22222222222222224
21	0.21739130434782608
22	0.21276595744680854
23	0.20833333333333331
24	0.24489795918367346
25	0.24
