1	0.19999999999999998
2	0.1818181818181818
3	0.16666666666666666
4	0.30769230769230765
5	0.42857142857142855
6	0.4
7	0.375
8	0.35294117647058826
9	0.3333333333333333
10	0.3157894736842105
11	0.39999999999999997
12	0.380952380952381
13	0.3636363636363637
14	0.43478260869565216
15	0.4166666666666667
16	0.39999999999999997
17	0.46153846153846156
18	0.5185185185185185
19	0.5
20	0.48275862068965514
21	0.4666666666666666
22	0.45161290322580644
23	0.43750000000000006
24	0.42424242424242425
25	0.4117647058823529
