1	0.18181818181818182
2	0.16666666666666669
3	0.15384615384615383
4	0.14285714285714288
5	0.13333333333333333
6	0.25
7	0.3529411764705882
8	0.4444444444444445
9	0.5263157894736842
10	0.6
11	0.6666666666666666
12	0.7272727272727272
13	0.6956521739130435
14	0.6666666666666666
15	0.64
16	0.6153846153846154
17	0.5925925925925927
18	0.5714285714285714
19	0.5517241379310345
20	0.5333333333333333
21	0.5161290322580645
22	0.5000000000000001
23	0.48484848484848486
24	0.47058823529411764
25	0.45714285714285713
