1	0.18181818181818182
2	0.16666666666666669
3	0.30769230769230765
4	0.28571428571428575
5	0.4
6	0.37499999999999994
7	0.47058823529411764
8	0.4444444444444445
9	0.4210526315789474
10	0.4000000000000001
11	0.47619047619047616
12	0.5454545454545454
13	0.608695652173913
14	0.5833333333333334
15	0.56
16	0.5384615384615384
17	0.5185185185185185
18	0.5714285714285714
19	0.5517241379310345
20	0.5333333333333333
21	0.5161290322580645
22	0.5000000000000001
23	0.5454545454545454
24	0.5294117647058825
25	0.5142857142857143
