1	0.042553191489361694
2	0.041666666666666664
3	0.08163265306122448
4	0.12
5	0.11764705882352941
6	0.11538461538461539
7	0.11320754716981131
8	0.11111111111111109
9	0.10909090909090909
10	0.10714285714285714
11	0.10526315789473684
12	0.13793103448275862
13	0.1694915254237288
14	0.2
15	0.19672131147540983
16	0.19354838709677416
17	0.2222222222222222
18	0.25
19	0.2769230769230769
20	0.2727272727272727
21	0.26865671641791045
22	0.29411764705882354
23	0.2898550724637681
24	0.3142857142857143
25	0.33802816901408445
