0.5714285714285714
0.15384615384615385
0.4615384615384615
0.16666666666666666
0.4000000000000001
0.5882352941176471
0.16666666666666666
0.15384615384615385
0.5454545454545454
0.4615384615384615
0.3333333333333333
0.4444444444444445
0.1111111111111111
0.20000000000000004
0.2222222222222222
0.14285714285714285
0.3076923076923077
0.3636363636363636
0.5454545454545454
0.2857142857142857
0.14285714285714285
0.0
0.26666666666666666
0.3333333333333333
0.3636363636363636
0.4
0.26666666666666666
0.12903225806451613
0.16666666666666666
0.6
0.15384615384615385
0.25000000000000006
0.1818181818181818
0.3
0.5454545454545454
0.22222222222222224
0.3076923076923077
0.15384615384615385
0.11764705882352941
0.3636363636363636
0.42857142857142855
0.4000000000000001
0.22222222222222224
0.3636363636363636
0.1739130434782609
0.0
0.1818181818181818
0.0
0.09523809523809523
0.0
0.1818181818181818
0.22222222222222224
0.0
0.0
0.13333333333333333
0.25000000000000006
0.13333333333333333
0.13333333333333333
0.42857142857142855
0.35294117647058826
0.1111111111111111
0.4000000000000001
0.4000000000000001
0.20000000000000004
0.4444444444444445
0.1818181818181818
0.0
0.35294117647058826
0.6666666666666665
0.2727272727272727
0.3157894736842105
0.47619047619047616
0.0
0.12500000000000003
0.16666666666666666
0.4
0.23529411764705882
0.3333333333333333
0.16666666666666666
0.22222222222222224
0.1111111111111111
0.37499999999999994
0.23529411764705882
0.12500000000000003
0.12500000000000003
0.26666666666666666
0.15384615384615385
0.07407407407407407
0.4615384615384615
0.3333333333333333
0.4000000000000001
0.0
0.15384615384615385
0.5454545454545454
0.4000000000000001
0.25000000000000006
0.23529411764705882
0.1
0.20000000000000004
0.23529411764705882
0.3636363636363636
0.15384615384615385
0.0
0.5
0.2222222222222222
0.13333333333333333
0.3636363636363636
0.6666666666666665
0.13333333333333333
0.16666666666666666
0.5
0.0
0.26666666666666666
0.8000000000000002
0.041666666666666664
0.3636363636363636
0.06896551724137931
0.25000000000000006
0.14285714285714285
0.22222222222222224
0.12500000000000003
0.4444444444444445
0.1818181818181818
0.3333333333333333
0.21428571428571427
0.09523809523809523
0.3076923076923077
0.3636363636363636
0.07142857142857142
0.15384615384615385
0.2222222222222222
0.20000000000000004
0.5454545454545454
0.12903225806451613
0.14814814814814814
0.6
0.0
0.4444444444444445
0.33333333333333337
0.08695652173913045
0.4
0.26666666666666666
0.4
0.6666666666666665
0.4
0.4000000000000001
0.888888888888889
0.1818181818181818
0.6
0.25000000000000006
0.4000000000000001
0.3636363636363636
0.4000000000000001
0.0
0.08000000000000002
0.22222222222222224
0.2857142857142857
0.4615384615384615
0.23529411764705882
0.16216216216216214
0.3076923076923077
0.2222222222222222
0.1818181818181818
0.19047619047619047
0.3333333333333333
0.4000000000000001
0.14285714285714285
0.13333333333333333
0.0
0.1818181818181818
0.3636363636363636
0.16000000000000003
0.0
0.20000000000000004
0.22222222222222224
0.14285714285714285
0.12500000000000003
0.1818181818181818
0.4
0.6153846153846154
0.22222222222222224
0.4
0.11764705882352941
0.1818181818181818
0.0
0.12500000000000003
0.26666666666666666
0.1818181818181818
0.21052631578947364
0.3333333333333333
0.3636363636363636
0.3636363636363636
0.3333333333333333
0.0909090909090909
0.1818181818181818
0.20000000000000004
0.4000000000000001
0.25000000000000006
0.37499999999999994
0.3076923076923077
0.1
0.0
0.4000000000000001
0.25000000000000006
0.2727272727272727
0.3636363636363636
0.4210526315789473
0.10526315789473682
0.2222222222222222
0.20000000000000004
0.23529411764705882
0.16666666666666666
0.3333333333333333
0.25000000000000006
0.3333333333333333
0.16666666666666666
0.1818181818181818
0.1818181818181818
0.3333333333333333
0.22222222222222224
0.33333333333333337
0.0
0.2857142857142857
0.47058823529411764
0.15384615384615385
0.09523809523809523
0.35294117647058826
0.32000000000000006
0.15384615384615385
0.1818181818181818
0.15384615384615385
0.11764705882352941
0.6
0.13333333333333333
0.14285714285714285
0.12500000000000003
0.08695652173913045
0.09523809523809523
0.1818181818181818
0.25000000000000006
0.0909090909090909
0.5555555555555556
0.6666666666666665
0.0
0.3333333333333333
0.15384615384615385
0.0
0.4000000000000001
0.12500000000000003
0.5
0.14285714285714285
0.14814814814814814
0.8000000000000002
0.1
0.21052631578947364
0.4615384615384615
0.11764705882352941
0.42857142857142855
0.8000000000000002
0.4000000000000001
0.8000000000000002
0.26666666666666666
0.0
0.6
0.20000000000000004
0.16666666666666666
0.6
0.3333333333333333
0.6
0.6666666666666665
0.1818181818181818
0.12903225806451613
0.09302325581395349
0.0
0.0
0.09523809523809523
0.15384615384615385
0.08333333333333333
0.3333333333333333
0.3636363636363636
0.20000000000000004
0.19047619047619047
0.6
0.6666666666666666
0.1739130434782609
0.030303030303030307
0.15384615384615385
0.15384615384615385
0.4000000000000001
0.15384615384615385
0.37499999999999994
0.4615384615384615
0.0
0.20000000000000004
0.19999999999999998
0.0
0.1818181818181818
0.4000000000000001
0.0
0.3076923076923077
0.23529411764705882
0.13333333333333333
0.4444444444444445
0.3636363636363636
0.16666666666666666
0.3333333333333333
0.07407407407407407
0.6
0.26666666666666666
0.2727272727272727
0.22222222222222224
0.3333333333333333
0.14285714285714285
0.0
0.6
0.16666666666666666
0.20000000000000004
0.1818181818181818
0.23529411764705882
0.15384615384615385
0.0
0.22222222222222224
0.3076923076923077
0.6666666666666666
0.2857142857142857
0.16666666666666666
0.6666666666666665
0.6
0.08695652173913045
0.0
0.6
0.3333333333333333
0.16666666666666666
0.7272727272727272
0.0
0.4000000000000001
0.13333333333333333
0.6
0.16666666666666666
0.6666666666666665
0.4000000000000001
0.3636363636363636
0.05405405405405406
0.1818181818181818
0.6153846153846154
0.06060606060606061
0.0
0.5
0.5333333333333333
0.07017543859649124
0.14285714285714285
0.0625
0.3636363636363636
0.3076923076923077
0.15384615384615385
0.5333333333333333
0.3333333333333333
0.0
0.3333333333333333
0.06451612903225806
0.0
0.6
0.6
0.20000000000000004
0.25000000000000006
0.21052631578947364
0.045454545454545456
0.12500000000000003
0.5454545454545454
0.0
0.0
0.1935483870967742
0.3076923076923077
0.4444444444444445
0.11764705882352941
0.0
0.6666666666666665
0.4444444444444445
0.10526315789473682
0.4444444444444445
0.3636363636363636
0.23529411764705882
0.2857142857142857
0.4000000000000001
0.1818181818181818
0.13333333333333333
0.0
0.20000000000000004
0.22222222222222224
0.3076923076923077
0.16666666666666666
0.25000000000000006
0.20000000000000004
0.19047619047619047
0.0
0.0
0.4615384615384615
0.4444444444444445
0.5454545454545454
0.888888888888889
0.4615384615384615
0.5454545454545454
0.4
0.14285714285714285
0.1
0.42857142857142855
0.2857142857142857
0.4000000000000001
0.2222222222222222
0.888888888888889
0.2857142857142857
0.2222222222222222
0.6
0.47058823529411764
0.0
0.22222222222222224
0.3076923076923077
0.20000000000000004
0.0588235294117647
0.1
0.1818181818181818
0.4
0.13333333333333333
0.3571428571428571
0.5263157894736842
0.6666666666666665
0.1
0.05633802816901409
0.16666666666666666
0.15384615384615385
0.22222222222222224
0.3333333333333333
0.08695652173913045
0.15384615384615385
0.11764705882352941
0.13333333333333333
0.13333333333333333
0.0
0.23529411764705882
0.2
0.8000000000000002
0.3333333333333333
0.1818181818181818
0.5454545454545454
0.13333333333333333
0.0
0.5454545454545454
0.15384615384615385
0.5263157894736842
0.4444444444444445
0.22222222222222224
0.4000000000000001
0.23529411764705882
0.6666666666666665
0.4000000000000001
0.3636363636363636
0.3076923076923077
0.23529411764705882
0.0
0.5454545454545454
0.22222222222222224
0.1818181818181818
0.6
0.20000000000000004
0.16666666666666666
0.6666666666666665
0.1
0.3636363636363636
0.22222222222222224
0.7272727272727272
0.5454545454545454
0.4444444444444445
0.4615384615384615
0.13333333333333333
0.37499999999999994
0.25000000000000006
0.0
0.4444444444444445
0.14285714285714285
0.1818181818181818
0.4
0.6666666666666666
0.16666666666666666
0.2857142857142857
0.6
0.09523809523809523
0.20000000000000004
0.2857142857142857
0.16216216216216214
0.05555555555555555
0.4000000000000001
0.08000000000000002
0.16666666666666666
0.20000000000000004
0.08333333333333333
0.15384615384615385
0.35294117647058826
0.125
0.0
0.16666666666666666
0.15384615384615385
0.1818181818181818
0.1818181818181818
0.0
0.15384615384615385
0.08695652173913045
0.20000000000000004
0.26666666666666666
0.15384615384615385
0.4000000000000001
0.1818181818181818
0.0
0.0
0.3333333333333333
0.1111111111111111
0.0909090909090909
0.15384615384615385
0.3076923076923077
0.6666666666666665
0.4444444444444445
