1	0.1
2	0.09523809523809525
3	0.09090909090909091
4	0.08695652173913043
5	0.08333333333333333
6	0.08
7	0.07692307692307693
8	0.07407407407407407
9	0.07142857142857142
10	0.13793103448275862
11	0.13333333333333333
12	0.12903225806451615
13	0.18749999999999997
14	0.18181818181818182
15	0.17647058823529413
16	0.17142857142857143
17	0.16666666666666669
18	0.16216216216216214
19	0.15789473684210525
20	0.15384615384615385
21	0.15
22	0.14634146341463414
23	0.1904761904761905
24	0.186046511627907
25	0.1818181818181818
