1	0.16666666666666669
2	0.15384615384615385
3	0.14285714285714288
4	0.13333333333333333
5	0.25000000000000006
6	0.23529411764705885
7	0.33333333333333326
8	0.4210526315789474
9	0.5
10	0.47619047619047616
11	0.5454545454545454
12	0.5217391304347826
13	0.4999999999999999
14	0.4799999999999999
15	0.4615384615384615
16	0.4444444444444444
17	0.42857142857142855
18	0.4827586206896552
19	0.4666666666666667
20	0.5161290322580645
21	0.5
22	0.4848484848484849
23	0.4705882352941176
24	0.4571428571428572
25	0.4444444444444444
