1	0.08695652173913045
2	0.08333333333333334
3	0.08
4	0.07692307692307693
5	0.07407407407407407
6	0.07142857142857144
7	0.06896551724137931
8	0.06666666666666667
9	0.1290322580645161
10	0.12500000000000003
11	0.12121212121212123
12	0.1764705882352941
13	0.1714285714285714
14	0.16666666666666663
15	0.16216216216216214
16	0.15789473684210525
17	0.15384615384615383
18	0.15
19	0.1951219512195122
20	0.1904761904761905
21	0.18604651162790697
22	0.18181818181818182
23	0.22222222222222224
24	0.2608695652173913
25	0.2553191489361702
