1	0.16666666666666669
2	0.15384615384615385
3	0.14285714285714288
4	0.26666666666666666
5	0.25000000000000006
6	0.23529411764705885
7	0.2222222222222222
8	0.3157894736842105
9	0.39999999999999997
10	0.47619047619047616
11	0.45454545454545453
12	0.5217391304347826
13	0.4999999999999999
14	0.4799999999999999
15	0.4615384615384615
16	0.5185185185185185
17	0.5
18	0.4827586206896552
19	0.4666666666666667
20	0.45161290322580644
21	0.5
22	0.5454545454545455
23	0.5294117647058824
24	0.5714285714285715
25	0.5555555555555556
