1	0.0
2	0.08333333333333334
3	0.08
4	0.07692307692307693
5	0.14814814814814814
6	0.14285714285714288
7	0.13793103448275862
8	0.19999999999999998
9	0.1935483870967742
10	0.18749999999999997
11	0.1818181818181818
12	0.1764705882352941
13	0.1714285714285714
14	0.16666666666666663
15	0.16216216216216214
16	0.15789473684210525
17	0.15384615384615383
18	0.15
19	0.14634146341463414
20	0.14285714285714282
21	0.18604651162790697
22	0.18181818181818182
23	0.17777777777777776
24	0.17391304347826086
25	0.21276595744680854
