1	0.0625
2	0.06060606060606061
3	0.1176470588235294
4	0.1142857142857143
5	0.1111111111111111
6	0.1081081081081081
7	0.10526315789473685
8	0.10256410256410256
9	0.09999999999999999
10	0.14634146341463414
11	0.14285714285714285
12	0.18604651162790697
13	0.18181818181818182
14	0.2222222222222222
15	0.21739130434782605
16	0.2127659574468085
17	0.25
18	0.24489795918367346
19	0.28
20	0.2745098039215686
21	0.2692307692307692
22	0.2641509433962264
23	0.25925925925925924
24	0.2545454545454545
25	0.2857142857142857
