1	0.33333333333333337
2	0.5714285714285715
3	0.7499999999999999
4	0.888888888888889
5	0.8000000000000002
6	0.7272727272727272
7	0.6666666666666666
8	0.6153846153846154
9	0.5714285714285714
10	0.5333333333333333
11	0.5000000000000001
12	0.47058823529411764
13	0.4444444444444444
14	0.4210526315789473
15	0.4
16	0.38095238095238093
17	0.3636363636363636
18	0.3478260869565218
19	0.3333333333333333
20	0.32000000000000006
21	0.3076923076923077
22	0.37037037037037035
23	0.3571428571428571
24	0.3448275862068966
25	0.33333333333333337
