1	0.13333333333333333
2	0.25
3	0.23529411764705882
4	0.22222222222222224
5	0.21052631578947364
6	0.3
7	0.38095238095238093
8	0.36363636363636365
9	0.34782608695652173
10	0.3333333333333333
11	0.32
12	0.30769230769230765
13	0.29629629629629634
14	0.35714285714285715
15	0.3448275862068965
16	0.3333333333333333
17	0.3225806451612903
18	0.31250000000000006
19	0.36363636363636365
20	0.4117647058823529
21	0.4571428571428571
22	0.4444444444444444
23	0.4324324324324324
24	0.4736842105263159
25	0.4615384615384615
