1	0.18181818181818182
2	0.16666666666666669
3	0.15384615384615383
4	0.14285714285714288
5	0.26666666666666666
6	0.25
7	0.23529411764705882
8	0.22222222222222224
9	0.2105263157894737
10	0.20000000000000004
11	0.1904761904761905
12	0.1818181818181818
13	0.17391304347826086
14	0.16666666666666666
15	0.16
16	0.23076923076923075
17	0.22222222222222224
18	0.21428571428571427
19	0.20689655172413793
20	0.2
21	0.19354838709677416
22	0.18749999999999997
23	0.18181818181818182
24	0.17647058823529413
25	0.17142857142857143
