1	0.0
2	0.1818181818181818
3	0.16666666666666666
4	0.15384615384615383
5	0.14285714285714285
6	0.13333333333333333
7	0.125
8	0.11764705882352941
9	0.1111111111111111
10	0.10526315789473685
11	0.09999999999999999
12	0.1904761904761905
13	0.18181818181818185
14	0.17391304347826086
15	0.25
16	0.24000000000000005
17	0.23076923076923078
18	0.2222222222222222
19	0.21428571428571427
20	0.2758620689655173
21	0.26666666666666666
22	0.2580645161290322
23	0.25
24	0.24242424242424243
25	0.23529411764705882
