1	0.18181818181818182
2	0.16666666666666669
3	0.15384615384615383
4	0.14285714285714288
5	0.13333333333333333
6	0.25
7	0.3529411764705882
8	0.4444444444444445
9	0.4210526315789474
10	0.5
11	0.47619047619047616
12	0.45454545454545453
13	0.4347826086956522
14	0.41666666666666663
15	0.4
16	0.38461538461538464
17	0.37037037037037035
18	0.35714285714285715
19	0.3448275862068966
20	0.3333333333333333
21	0.3870967741935483
22	0.37499999999999994
23	0.36363636363636365
24	0.35294117647058826
25	0.34285714285714286
