1	0.08695652173913045
2	0.08333333333333334
3	0.08
4	0.07692307692307693
5	0.14814814814814814
6	0.21428571428571427
7	0.20689655172413793
8	0.19999999999999998
9	0.2580645161290322
10	0.25000000000000006
11	0.24242424242424246
12	0.23529411764705885
13	0.2285714285714286
14	0.2222222222222222
15	0.21621621621621623
16	0.2105263157894737
17	0.20512820512820512
18	0.19999999999999998
19	0.24390243902439024
20	0.23809523809523808
21	0.2790697674418604
22	0.2727272727272727
23	0.2666666666666666
24	0.30434782608695654
25	0.29787234042553196
