1	0.09523809523809523
2	0.09090909090909091
3	0.08695652173913045
4	0.08333333333333334
5	0.08000000000000002
6	0.07692307692307691
7	0.07407407407407408
8	0.07142857142857144
9	0.06896551724137932
10	0.06666666666666667
11	0.06451612903225806
12	0.125
13	0.12121212121212123
14	0.11764705882352941
15	0.1142857142857143
16	0.11111111111111112
17	0.1081081081081081
18	0.10526315789473685
19	0.10256410256410256
20	0.10000000000000002
21	0.0975609756097561
22	0.09523809523809525
23	0.09302325581395349
24	0.0909090909090909
25	0.08888888888888889
