1	0.07407407407407407
2	0.07142857142857144
3	0.06896551724137931
4	0.13333333333333336
5	0.12903225806451613
6	0.125
7	0.12121212121212123
8	0.1764705882352941
9	0.17142857142857146
10	0.16666666666666669
11	0.16216216216216214
12	0.15789473684210525
13	0.20512820512820515
14	0.2
15	0.2439024390243902
16	0.2857142857142857
17	0.2790697674418605
18	0.3181818181818182
19	0.3111111111111111
20	0.3043478260869565
21	0.2978723404255319
22	0.33333333333333337
23	0.36734693877551017
24	0.4
25	0.39215686274509803
