1	0.08333333333333333
2	0.16
3	0.23076923076923078
4	0.22222222222222218
5	0.2857142857142857
6	0.27586206896551724
7	0.26666666666666666
8	0.25806451612903225
9	0.25
10	0.24242424242424243
11	0.2352941176470588
12	0.22857142857142854
13	0.2222222222222222
14	0.2162162162162162
15	0.26315789473684204
16	0.2564102564102564
17	0.25
18	0.24390243902439024
19	0.28571428571428575
20	0.27906976744186046
21	0.31818181818181823
22	0.31111111111111117
23	0.30434782608695654
24	0.2978723404255319
25	0.2916666666666667
