1	0.0
2	0.06060606060606061
3	0.1176470588235294
4	0.1714285714285714
5	0.16666666666666666
6	0.2162162162162162
7	0.2105263157894737
8	0.20512820512820512
9	0.25
10	0.24390243902439024
11	0.2857142857142857
12	0.27906976744186046
13	0.2727272727272727
14	0.26666666666666666
15	0.26086956521739135
16	0.25531914893617014
17	0.29166666666666663
18	0.2857142857142857
19	0.28
20	0.2745098039215686
21	0.30769230769230765
22	0.3018867924528302
23	0.2962962962962963
24	0.3272727272727273
25	0.3214285714285714
