1	0.11764705882352941
2	0.2222222222222222
3	0.3157894736842105
4	0.3
5	0.2857142857142857
6	0.2727272727272727
7	0.34782608695652173
8	0.4166666666666667
9	0.4800000000000001
10	0.4615384615384615
11	0.4444444444444444
12	0.42857142857142855
13	0.41379310344827586
14	0.39999999999999997
15	0.38709677419354843
16	0.4375
17	0.48484848484848486
18	0.47058823529411764
19	0.45714285714285713
20	0.4444444444444445
21	0.4864864864864864
22	0.5263157894736842
23	0.5128205128205128
24	0.5499999999999999
25	0.5365853658536586
