1	0.0
2	0.15384615384615385
3	0.14285714285714288
4	0.26666666666666666
5	0.25000000000000006
6	0.3529411764705882
7	0.4444444444444444
8	0.4210526315789474
9	0.39999999999999997
10	0.47619047619047616
11	0.45454545454545453
12	0.43478260869565216
13	0.41666666666666663
14	0.4
15	0.3846153846153846
16	0.3703703703703703
17	0.42857142857142855
18	0.41379310344827586
19	0.4666666666666667
20	0.5161290322580645
21	0.5625
22	0.6060606060606061
23	0.5882352941176471
24	0.6285714285714286
25	0.6111111111111112
