1	0.021276595744680854
2	0.04210526315789474
3	0.04166666666666667
4	0.04123711340206186
5	0.061224489795918366
6	0.08080808080808081
7	0.1
8	0.09900990099009901
9	0.09803921568627452
10	0.09708737864077671
11	0.09615384615384615
12	0.1142857142857143
13	0.1320754716981132
14	0.1308411214953271
15	0.12962962962962962
16	0.12844036697247704
17	0.1272727272727273
18	0.14414414414414414
19	0.16071428571428573
20	0.17699115044247787
21	0.1929824561403509
22	0.19130434782608696
23	0.20689655172413793
24	0.20512820512820512
25	0.20338983050847456
