1	0.15384615384615385
2	0.14285714285714285
3	0.13333333333333333
4	0.125
5	0.11764705882352941
6	0.1111111111111111
7	0.10526315789473685
8	0.1
9	0.09523809523809525
10	0.1818181818181818
11	0.2608695652173913
12	0.3333333333333333
13	0.32
14	0.30769230769230765
15	0.2962962962962963
16	0.28571428571428575
17	0.27586206896551724
18	0.26666666666666666
19	0.2580645161290323
20	0.3125
21	0.30303030303030304
22	0.29411764705882354
23	0.2857142857142857
24	0.2777777777777778
25	0.32432432432432434
