1	0.06060606060606061
2	0.11764705882352941
3	0.11428571428571428
4	0.16666666666666666
5	0.16216216216216214
6	0.21052631578947367
7	0.20512820512820512
8	0.2
9	0.1951219512195122
10	0.19047619047619047
11	0.18604651162790697
12	0.18181818181818182
13	0.22222222222222224
14	0.21739130434782608
15	0.2127659574468085
16	0.20833333333333334
17	0.20408163265306123
18	0.19999999999999998
19	0.19607843137254902
20	0.23076923076923075
21	0.22641509433962265
22	0.2222222222222222
23	0.21818181818181817
24	0.21428571428571427
25	0.21052631578947367
