1	0.0
2	0.0
3	0.047619047619047616
4	0.04651162790697674
5	0.045454545454545456
6	0.044444444444444446
7	0.043478260869565216
8	0.0425531914893617
9	0.041666666666666664
10	0.04081632653061225
11	0.04
12	0.039215686274509796
13	0.038461538461538464
14	0.03773584905660377
15	0.037037037037037035
16	0.03636363636363637
17	0.07142857142857141
18	0.07017543859649122
19	0.06896551724137932
20	0.06779661016949151
21	0.06666666666666667
22	0.06557377049180327
23	0.06451612903225808
24	0.06349206349206349
25	0.0625
