1	0.13333333333333333
2	0.125
3	0.11764705882352941
4	0.22222222222222224
5	0.21052631578947364
6	0.2
7	0.19047619047619047
8	0.18181818181818182
9	0.17391304347826086
10	0.16666666666666666
11	0.16
12	0.15384615384615383
13	0.14814814814814817
14	0.14285714285714285
15	0.1379310344827586
16	0.13333333333333333
17	0.1935483870967742
18	0.1875
19	0.18181818181818182
20	0.1764705882352941
21	0.17142857142857143
22	0.16666666666666663
23	0.16216216216216214
24	0.15789473684210525
25	0.15384615384615383
