1	0.0689655172413793
2	0.06666666666666667
3	0.06451612903225806
4	0.0625
5	0.06060606060606061
6	0.058823529411764705
7	0.1142857142857143
8	0.11111111111111112
9	0.10810810810810811
10	0.15789473684210525
11	0.15384615384615383
12	0.2
13	0.1951219512195122
14	0.19047619047619047
15	0.18604651162790697
16	0.18181818181818182
17	0.17777777777777778
18	0.17391304347826086
19	0.1702127659574468
20	0.16666666666666666
21	0.16326530612244897
22	0.16
23	0.1568627450980392
24	0.1923076923076923
25	0.1886792452830189
