1	0.047619047619047616
2	0.09302325581395349
3	0.0909090909090909
4	0.13333333333333333
5	0.13043478260869565
6	0.1276595744680851
7	0.125
8	0.12244897959183672
9	0.12
10	0.11764705882352941
11	0.11538461538461536
12	0.11320754716981131
13	0.1111111111111111
14	0.14545454545454548
15	0.17857142857142858
16	0.17543859649122806
17	0.17241379310344826
18	0.16949152542372883
19	0.16666666666666666
20	0.16393442622950818
21	0.16129032258064516
22	0.15873015873015872
23	0.15625
24	0.15384615384615383
25	0.15151515151515152
