1	0.029411764705882353
2	0.02898550724637681
3	0.028571428571428574
4	0.028169014084507043
5	0.05555555555555556
6	0.0821917808219178
7	0.08108108108108107
8	0.08
9	0.07894736842105263
10	0.0779220779220779
11	0.07692307692307691
12	0.07594936708860758
13	0.09999999999999999
14	0.09876543209876543
15	0.09756097560975609
16	0.09638554216867469
17	0.11904761904761904
18	0.11764705882352941
19	0.11627906976744184
20	0.11494252873563218
21	0.11363636363636363
22	0.11235955056179774
23	0.13333333333333333
24	0.13186813186813187
25	0.13043478260869565
