1	0.07999999999999999
2	0.07692307692307693
3	0.07407407407407407
4	0.07142857142857142
5	0.13793103448275862
6	0.13333333333333333
7	0.12903225806451613
8	0.125
9	0.18181818181818182
10	0.17647058823529413
11	0.17142857142857143
12	0.16666666666666666
13	0.16216216216216217
14	0.15789473684210525
15	0.15384615384615385
16	0.15
17	0.19512195121951217
18	0.1904761904761905
19	0.186046511627907
20	0.22727272727272727
21	0.22222222222222224
22	0.21739130434782608
23	0.2553191489361702
24	0.25
25	0.24489795918367346
