1	0.03571428571428572
2	0.07017543859649122
3	0.06896551724137931
4	0.06779661016949153
5	0.06666666666666667
6	0.06557377049180327
7	0.09677419354838708
8	0.09523809523809523
9	0.09375
10	0.0923076923076923
11	0.0909090909090909
12	0.08955223880597014
13	0.08823529411764705
14	0.08695652173913043
15	0.08571428571428572
16	0.08450704225352113
17	0.08333333333333334
18	0.08219178082191782
19	0.08108108108108109
20	0.08
21	0.07894736842105263
22	0.07792207792207792
23	0.10256410256410256
24	0.10126582278481011
25	0.09999999999999999
