1	0.0689655172413793
2	0.06666666666666667
3	0.06451612903225806
4	0.0625
5	0.06060606060606061
6	0.058823529411764705
7	0.1142857142857143
8	0.11111111111111112
9	0.16216216216216214
10	0.15789473684210525
11	0.2051282051282051
12	0.25
13	0.24390243902439027
14	0.2380952380952381
15	0.23255813953488372
16	0.2727272727272727
17	0.26666666666666666
18	0.2608695652173913
19	0.2553191489361702
20	0.25
21	0.24489795918367344
22	0.23999999999999996
23	0.27450980392156865
24	0.2692307692307692
25	0.2641509433962264
