1	0.05555555555555556
2	0.1081081081081081
3	0.10526315789473684
4	0.15384615384615383
5	0.15
6	0.14634146341463414
7	0.14285714285714285
8	0.1395348837209302
9	0.1818181818181818
10	0.22222222222222224
11	0.21739130434782608
12	0.21276595744680848
13	0.25000000000000006
14	0.24489795918367346
15	0.24000000000000002
16	0.27450980392156865
17	0.3076923076923077
18	0.3018867924528302
19	0.2962962962962963
20	0.32727272727272727
21	0.3214285714285714
22	0.3508771929824561
23	0.3448275862068965
24	0.3389830508474576
25	0.3666666666666667
