1	0.044444444444444446
2	0.08695652173913045
3	0.08510638297872342
4	0.08333333333333334
5	0.1224489795918367
6	0.12000000000000001
7	0.1176470588235294
8	0.11538461538461538
9	0.11320754716981131
10	0.11111111111111109
11	0.10909090909090909
12	0.14285714285714288
13	0.17543859649122806
14	0.17241379310344826
15	0.20338983050847456
16	0.19999999999999998
17	0.19672131147540983
18	0.1935483870967742
19	0.19047619047619047
20	0.18749999999999997
21	0.1846153846153846
22	0.1818181818181818
23	0.1791044776119403
24	0.1764705882352941
25	0.17391304347826086
