1	0.03225806451612903
2	0.031746031746031744
3	0.03125
4	0.030769230769230767
5	0.030303030303030307
6	0.02985074626865672
7	0.029411764705882356
8	0.028985507246376815
9	0.028571428571428574
10	0.028169014084507043
11	0.02777777777777778
12	0.0273972602739726
13	0.02702702702702703
14	0.026666666666666665
15	0.02631578947368421
16	0.025974025974025972
17	0.02564102564102564
18	0.05063291139240506
19	0.05
20	0.04938271604938272
21	0.04878048780487805
22	0.04819277108433735
23	0.047619047619047616
24	0.04705882352941177
25	0.046511627906976744
