1	0.1111111111111111
2	0.10526315789473684
3	0.1
4	0.09523809523809523
5	0.1818181818181818
6	0.1739130434782609
7	0.16666666666666666
8	0.15999999999999998
9	0.15384615384615383
10	0.14814814814814817
11	0.14285714285714285
12	0.13793103448275862
13	0.13333333333333333
14	0.12903225806451615
15	0.18750000000000003
16	0.1818181818181818
17	0.17647058823529413
18	0.17142857142857143
19	0.16666666666666669
20	0.16216216216216214
21	0.15789473684210528
22	0.15384615384615383
23	0.15
24	0.14634146341463414
25	0.14285714285714282
