1	0.33333333333333337
2	0.5714285714285715
3	0.5
4	0.4444444444444445
5	0.4000000000000001
6	0.3636363636363636
7	0.3333333333333333
8	0.3076923076923077
9	0.2857142857142857
10	0.26666666666666666
11	0.25000000000000006
12	0.23529411764705882
13	0.2222222222222222
14	0.21052631578947364
15	0.2
16	0.2857142857142857
17	0.3636363636363636
18	0.3478260869565218
19	0.3333333333333333
20	0.32000000000000006
21	0.3076923076923077
22	0.2962962962962963
23	0.2857142857142857
24	0.27586206896551724
25	0.26666666666666666
