1	0.10526315789473684
2	0.09999999999999999
3	0.09523809523809525
4	0.0909090909090909
5	0.08695652173913045
6	0.08333333333333333
7	0.08
8	0.15384615384615383
9	0.14814814814814814
10	0.14285714285714285
11	0.13793103448275862
12	0.13333333333333333
13	0.12903225806451615
14	0.125
15	0.1212121212121212
16	0.17647058823529413
17	0.22857142857142856
18	0.2222222222222222
19	0.21621621621621623
20	0.2105263157894737
21	0.20512820512820512
22	0.19999999999999998
23	0.1951219512195122
24	0.1904761904761905
25	0.18604651162790697
