1	0.0689655172413793
2	0.13333333333333333
3	0.12903225806451613
4	0.125
5	0.18181818181818182
6	0.17647058823529413
7	0.17142857142857143
8	0.22222222222222224
9	0.2702702702702703
10	0.2631578947368421
11	0.25641025641025644
12	0.25
13	0.24390243902439027
14	0.2857142857142857
15	0.32558139534883723
16	0.3181818181818182
17	0.3111111111111111
18	0.30434782608695654
19	0.2978723404255319
20	0.2916666666666667
21	0.28571428571428575
22	0.28
23	0.27450980392156865
24	0.2692307692307692
25	0.2641509433962264
