1	0.13333333333333333
2	0.125
3	0.11764705882352941
4	0.11111111111111112
5	0.10526315789473682
6	0.1
7	0.19047619047619047
8	0.18181818181818182
9	0.2608695652173913
10	0.25
11	0.23999999999999996
12	0.23076923076923075
13	0.22222222222222224
14	0.21428571428571427
15	0.20689655172413796
16	0.19999999999999998
17	0.2580645161290323
18	0.25
19	0.24242424242424243
20	0.23529411764705882
21	0.22857142857142854
22	0.2222222222222222
23	0.2162162162162162
24	0.2105263157894737
25	0.20512820512820512
