1	0.0
2	0.09523809523809525
3	0.18181818181818182
4	0.17391304347826086
5	0.16666666666666666
6	0.23999999999999996
7	0.23076923076923078
8	0.22222222222222218
9	0.21428571428571427
10	0.20689655172413793
11	0.26666666666666666
12	0.2580645161290323
13	0.25
14	0.24242424242424243
15	0.23529411764705882
16	0.22857142857142856
17	0.2222222222222222
18	0.27027027027027023
19	0.2631578947368421
20	0.25641025641025644
21	0.25
22	0.2926829268292683
23	0.28571428571428575
24	0.27906976744186046
25	0.3181818181818182
