1	0.0
2	0.0
3	0.0
4	0.07692307692307693
5	0.07407407407407407
6	0.14285714285714288
7	0.13793103448275862
8	0.19999999999999998
9	0.1935483870967742
10	0.18749999999999997
11	0.1818181818181818
12	0.1764705882352941
13	0.1714285714285714
14	0.16666666666666663
15	0.16216216216216214
16	0.15789473684210525
17	0.15384615384615383
18	0.19999999999999998
19	0.1951219512195122
20	0.23809523809523808
21	0.2790697674418604
22	0.2727272727272727
23	0.2666666666666666
24	0.2608695652173913
25	0.2553191489361702
