1	0.07692307692307693
2	0.14814814814814814
3	0.14285714285714285
4	0.13793103448275865
5	0.13333333333333333
6	0.12903225806451613
7	0.125
8	0.18181818181818182
9	0.1764705882352941
10	0.22857142857142856
11	0.2777777777777778
12	0.2702702702702703
13	0.2631578947368421
14	0.25641025641025644
15	0.25
16	0.2926829268292683
17	0.28571428571428564
18	0.27906976744186046
19	0.2727272727272727
20	0.2666666666666666
21	0.2608695652173913
22	0.2553191489361702
23	0.2916666666666667
24	0.2857142857142857
25	0.28
