1	0.05405405405405406
2	0.05263157894736842
3	0.10256410256410256
4	0.09999999999999999
5	0.09756097560975609
6	0.09523809523809525
7	0.09302325581395349
8	0.0909090909090909
9	0.08888888888888888
10	0.13043478260869565
11	0.1276595744680851
12	0.16666666666666666
13	0.163265306122449
14	0.2
15	0.19607843137254902
16	0.23076923076923078
17	0.22641509433962262
18	0.25925925925925924
19	0.2545454545454545
20	0.25
21	0.24561403508771928
22	0.2413793103448276
23	0.23728813559322037
24	0.2333333333333333
25	0.22950819672131148
