1	0.0625
2	0.06060606060606061
3	0.0588235294117647
4	0.1142857142857143
5	0.1111111111111111
6	0.1081081081081081
7	0.10526315789473685
8	0.10256410256410256
9	0.09999999999999999
10	0.0975609756097561
11	0.09523809523809523
12	0.09302325581395349
13	0.09090909090909091
14	0.08888888888888889
15	0.13043478260869568
16	0.12765957446808507
17	0.125
18	0.12244897959183673
19	0.12000000000000001
20	0.11764705882352941
21	0.11538461538461538
22	0.11320754716981131
23	0.1111111111111111
24	0.10909090909090909
25	0.10714285714285714
