1	0.046511627906976744
2	0.04545454545454545
3	0.044444444444444446
4	0.04347826086956521
5	0.0851063829787234
6	0.08333333333333333
7	0.08163265306122448
8	0.08
9	0.0784313725490196
10	0.07692307692307693
11	0.07547169811320754
12	0.11111111111111112
13	0.10909090909090909
14	0.10714285714285714
15	0.10526315789473682
16	0.10344827586206898
17	0.10169491525423728
18	0.1
19	0.09836065573770492
20	0.09677419354838708
21	0.12698412698412698
22	0.125
23	0.12307692307692307
24	0.12121212121212123
25	0.1492537313432836
