1	0.0
2	0.0
3	0.07407407407407407
4	0.07142857142857142
5	0.06896551724137931
6	0.06666666666666667
7	0.12903225806451613
8	0.125
9	0.12121212121212122
10	0.11764705882352941
11	0.1142857142857143
12	0.1111111111111111
13	0.10810810810810811
14	0.15789473684210525
15	0.15384615384615385
16	0.15
17	0.14634146341463414
18	0.14285714285714288
19	0.13953488372093023
20	0.13636363636363635
21	0.13333333333333333
22	0.13043478260869565
23	0.1702127659574468
24	0.20833333333333334
25	0.20408163265306126
