1	0.0
2	0.0
3	0.04347826086956522
4	0.0425531914893617
5	0.041666666666666664
6	0.08163265306122448
7	0.08
8	0.1176470588235294
9	0.11538461538461539
10	0.1509433962264151
11	0.18518518518518515
12	0.1818181818181818
13	0.17857142857142855
14	0.1754385964912281
15	0.1724137931034483
16	0.16949152542372883
17	0.16666666666666666
18	0.19672131147540986
19	0.22580645161290322
20	0.22222222222222227
21	0.21875
22	0.2153846153846154
23	0.21212121212121213
24	0.20895522388059704
25	0.2058823529411765
