1	0.028169014084507043
2	0.02777777777777778
3	0.0547945205479452
4	0.05405405405405405
5	0.05333333333333333
6	0.05263157894736842
7	0.051948051948051945
8	0.05128205128205128
9	0.0759493670886076
10	0.075
11	0.07407407407407407
12	0.07317073170731707
13	0.07228915662650602
14	0.07142857142857142
15	0.09411764705882353
16	0.09302325581395347
17	0.11494252873563217
18	0.13636363636363638
19	0.1348314606741573
20	0.13333333333333333
21	0.13186813186813184
22	0.13043478260869562
23	0.12903225806451615
24	0.14893617021276595
25	0.1473684210526316
