0.0
0.14814814814814814
0.3333333333333333
0.0
0.22222222222222218
0.18181818181818182
0.1111111111111111
0.07407407407407407
0.15384615384615385
0.1818181818181818
0.0
0.12500000000000003
0.045454545454545456
0.11764705882352941
0.0625
0.1739130434782609
0.19047619047619047
0.06896551724137931
0.0
0.16666666666666666
0.051948051948051945
0.020408163265306128
0.3333333333333333
0.13333333333333333
0.3636363636363636
0.11764705882352941
0.15384615384615385
0.0
0.11320754716981132
0.15
0.16666666666666666
0.0
0.11764705882352941
0.13333333333333333
0.2857142857142857
0.35294117647058826
0.06896551724137931
0.1818181818181818
0.11764705882352941
0.15384615384615385
0.0
0.16000000000000003
0.1818181818181818
0.26666666666666666
0.13333333333333333
0.11764705882352941
0.0588235294117647
0.12903225806451613
0.1111111111111111
0.0
0.15384615384615385
0.13333333333333333
0.3636363636363636
0.0
0.3333333333333333
0.22222222222222218
0.10526315789473685
0.12903225806451613
0.3333333333333333
0.1739130434782609
0.03773584905660377
0.0
0.09756097560975609
0.16666666666666666
0.19047619047619047
0.0
0.3076923076923077
0.1739130434782609
0.12121212121212122
0.10526315789473685
0.0
0.2
0.15384615384615385
0.20000000000000004
0.0
0.06666666666666667
0.20000000000000004
0.2
0.0
0.0
0.0
0.15384615384615385
0.15384615384615385
0.0
0.12903225806451613
0.14285714285714285
0.0816326530612245
0.0
0.11764705882352941
0.16666666666666666
0.1818181818181818
0.08000000000000002
0.15384615384615385
0.2
0.023529411764705885
0.07692307692307693
0.3636363636363636
0.11764705882352941
0.0
0.10526315789473682
0.3333333333333333
0.0
0.16666666666666666
0.053691275167785234
0.08000000000000002
0.20000000000000004
0.05405405405405406
0.0
0.4000000000000001
0.2
0.14285714285714285
0.6
0.18181818181818182
0.0
0.15384615384615385
0.0
0.0
0.3636363636363636
0.3636363636363636
0.1739130434782609
0.0
0.5333333333333333
0.20689655172413793
0.16666666666666666
0.3
0.12500000000000003
0.0
0.16666666666666666
0.0
0.0
0.13043478260869565
0.3076923076923077
0.05555555555555555
0.22222222222222218
0.20689655172413793
0.04347826086956522
0.10526315789473682
0.15384615384615385
0.25000000000000006
0.0851063829787234
0.07692307692307693
0.14285714285714285
0.1
0.039999999999999994
0.09523809523809523
0.23529411764705882
0.16216216216216214
0.05405405405405406
0.20000000000000004
0.0
0.25000000000000006
0.6
0.0
0.2608695652173913
0.0909090909090909
0.05333333333333333
0.3636363636363636
0.4
0.25000000000000006
0.03125
0.3333333333333333
0.23529411764705882
0.4000000000000001
0.3076923076923077
0.0
0.3333333333333333
0.043478260869565216
0.26666666666666666
0.14285714285714285
0.0
0.0
0.21052631578947364
0.12500000000000003
0.09302325581395349
0.20000000000000004
0.42857142857142855
0.2222222222222222
0.06060606060606061
0.5454545454545454
0.10526315789473682
0.13333333333333333
0.052631578947368425
0.23076923076923073
0.3076923076923077
0.16666666666666666
0.2
0.15384615384615385
0.07142857142857142
0.06451612903225806
0.05714285714285715
0.3076923076923077
0.07407407407407407
0.1818181818181818
0.20000000000000004
0.0
0.6
0.3076923076923077
0.1142857142857143
0.15384615384615385
0.5454545454545454
0.09302325581395349
0.19999999999999998
0.15384615384615385
0.3076923076923077
0.11764705882352941
0.06666666666666667
0.11764705882352941
0.15384615384615385
0.0
0.10526315789473685
0.13793103448275862
0.23529411764705882
0.060606060606060615
0.37499999999999994
0.05555555555555556
0.14285714285714285
0.061224489795918366
0.16666666666666666
0.20000000000000004
0.0
0.04166666666666667
0.16666666666666666
0.2857142857142857
0.09523809523809523
0.3333333333333333
0.09756097560975609
0.0
0.0
0.0
0.2608695652173913
0.0
0.23529411764705882
0.4000000000000001
0.0
0.0
0.04081632653061225
0.0
0.15384615384615385
0.08000000000000002
0.1111111111111111
0.1818181818181818
0.1
0.13333333333333333
0.0
0.42857142857142855
0.08000000000000002
0.0
0.12903225806451613
0.0
0.20000000000000004
0.25000000000000006
0.0
0.0
0.25000000000000006
0.13333333333333333
0.08
0.05714285714285715
0.0392156862745098
0.4615384615384615
0.20000000000000004
0.4000000000000001
0.15384615384615385
0.13333333333333333
0.03225806451612903
0.23529411764705882
0.1111111111111111
0.0625
0.2857142857142857
0.0
0.12121212121212122
0.15384615384615385
0.25000000000000006
0.19047619047619047
0.09523809523809523
0.07894736842105261
0.09523809523809523
0.0909090909090909
0.1276595744680851
0.041666666666666664
0.08333333333333333
0.0
0.14285714285714285
0.2727272727272727
0.15
0.16000000000000003
0.2727272727272727
0.06060606060606061
0.08108108108108109
0.07407407407407407
0.21052631578947364
0.12500000000000003
0.0
0.5333333333333333
0.4000000000000001
0.23529411764705882
0.3076923076923077
0.09677419354838708
0.04444444444444445
0.42857142857142855
0.1818181818181818
0.15384615384615385
0.11764705882352941
0.5
0.16666666666666666
0.06060606060606061
0.3333333333333333
0.0
0.1142857142857143
0.25000000000000006
0.06451612903225806
0.0
0.35294117647058826
0.15384615384615385
0.0
0.4
0.6
0.046511627906976744
0.37499999999999994
0.0
0.3076923076923077
0.13333333333333333
0.048780487804878044
0.0
0.0
0.3333333333333333
0.4
0.21052631578947364
0.3636363636363636
0.08333333333333333
0.5
0.26666666666666666
0.12500000000000003
0.15384615384615385
0.16666666666666666
0.0
0.1818181818181818
0.1818181818181818
0.06451612903225806
0.04347826086956522
0.03571428571428571
0.041666666666666664
0.4000000000000001
0.25000000000000006
0.1111111111111111
0.16666666666666666
0.06557377049180328
0.15384615384615385
0.13793103448275862
0.08695652173913045
0.0
0.1818181818181818
0.13333333333333333
0.03389830508474576
0.15384615384615385
0.0
0.1818181818181818
0.08695652173913045
0.0
0.12121212121212122
0.0
0.16000000000000003
0.047619047619047616
0.23076923076923073
0.2857142857142857
0.1276595744680851
0.045454545454545456
0.06666666666666667
0.4615384615384615
0.12500000000000003
0.10526315789473682
0.05714285714285715
0.11320754716981132
0.16666666666666666
0.4000000000000001
0.3636363636363636
0.1739130434782609
0.07142857142857142
0.26666666666666666
0.0
0.19999999999999998
0.15384615384615385
0.06896551724137931
0.20000000000000004
0.13333333333333333
0.3333333333333333
0.0
0.0
0.09523809523809523
0.3333333333333333
0.06779661016949153
0.23529411764705882
0.19047619047619047
0.0909090909090909
0.16666666666666666
0.12500000000000003
0.0
0.09523809523809523
0.4000000000000001
0.2
0.04347826086956522
0.4
0.37499999999999994
0.4000000000000001
0.1
0.16666666666666666
0.0
0.15384615384615385
0.09302325581395349
0.09523809523809523
0.2857142857142857
0.20000000000000004
0.2222222222222222
0.12500000000000003
0.3333333333333333
0.09090909090909091
0.1111111111111111
0.6
0.21052631578947364
0.17647058823529413
0.13333333333333333
0.09375000000000001
0.14285714285714285
0.24
0.08695652173913045
0.0
0.0
0.2857142857142857
0.0
0.42857142857142855
0.20689655172413793
0.15384615384615385
0.06060606060606061
0.4615384615384615
0.13333333333333333
0.15384615384615385
0.21428571428571427
0.10256410256410256
0.20000000000000004
0.25000000000000006
0.10526315789473685
0.20000000000000004
0.04347826086956522
0.0
0.20000000000000004
0.23529411764705882
0.032520325203252036
0.0
0.20000000000000004
0.25000000000000006
0.10526315789473685
0.16666666666666666
0.1224489795918367
0.1224489795918367
0.14285714285714285
0.07692307692307693
0.33333333333333337
0.0
0.23529411764705882
0.21052631578947364
0.2
0.07407407407407407
0.0
0.08695652173913045
0.16666666666666666
0.0909090909090909
0.2
0.19047619047619047
0.0
0.15384615384615385
0.09523809523809523
0.14285714285714285
0.0
0.13333333333333333
0.07017543859649124
0.06666666666666667
0.4000000000000001
0.10256410256410256
0.06451612903225806
0.14285714285714285
0.2857142857142857
0.0
0.0
0.09523809523809523
0.13333333333333333
0.0
0.0
0.5714285714285714
0.09677419354838708
0.1739130434782609
0.13333333333333333
0.1224489795918367
0.0
0.1818181818181818
0.14285714285714285
0.20000000000000004
0.030303030303030307
0.057971014492753624
0.16666666666666666
0.1224489795918367
0.3333333333333333
0.09677419354838708
0.15384615384615385
0.16666666666666666
0.2857142857142857
0.3636363636363636
0.10526315789473682
0.1818181818181818
0.12000000000000001
0.08333333333333333
0.4000000000000001
0.1739130434782609
0.2857142857142857
0.4000000000000001
0.0
0.08695652173913045
0.0
0.1818181818181818
0.1818181818181818
0.0
0.0
