1	0.02777777777777778
2	0.05479452054794521
3	0.08108108108108109
4	0.08
5	0.07894736842105261
6	0.07792207792207793
7	0.07692307692307691
8	0.10126582278481013
9	0.1
10	0.09876543209876544
11	0.12195121951219513
12	0.14457831325301204
13	0.16666666666666666
14	0.16470588235294117
15	0.1627906976744186
16	0.18390804597701152
17	0.20454545454545459
18	0.2247191011235955
19	0.2222222222222222
20	0.24175824175824173
21	0.23913043478260868
22	0.25806451612903225
23	0.2765957446808511
24	0.29473684210526313
25	0.3125
