1	0.03773584905660378
2	0.07407407407407407
3	0.07272727272727274
4	0.07142857142857144
5	0.07017543859649124
6	0.06896551724137931
7	0.10169491525423728
8	0.09999999999999999
9	0.09836065573770493
10	0.0967741935483871
11	0.09523809523809523
12	0.125
13	0.12307692307692308
14	0.12121212121212123
15	0.11940298507462686
16	0.11764705882352941
17	0.14492753623188406
18	0.14285714285714288
19	0.14084507042253522
20	0.1388888888888889
21	0.136986301369863
22	0.13513513513513511
23	0.13333333333333333
24	0.13157894736842105
25	0.12987012987012989
