1	0.0
2	0.0
3	0.020833333333333336
4	0.02061855670103093
5	0.020408163265306128
6	0.020202020202020204
7	0.04000000000000001
8	0.03960396039603961
9	0.0392156862745098
10	0.03883495145631068
11	0.03846153846153846
12	0.05714285714285715
13	0.07547169811320754
14	0.09345794392523364
15	0.1111111111111111
16	0.12844036697247704
17	0.14545454545454545
18	0.14414414414414414
19	0.14285714285714285
20	0.1415929203539823
21	0.14035087719298245
22	0.13913043478260867
23	0.15517241379310345
24	0.17094017094017094
25	0.1694915254237288
