1	0.04081632653061225
2	0.039999999999999994
3	0.0784313725490196
4	0.11538461538461539
5	0.11320754716981132
6	0.14814814814814814
7	0.14545454545454545
8	0.14285714285714285
9	0.14035087719298245
10	0.13793103448275862
11	0.13559322033898305
12	0.13333333333333333
13	0.13114754098360656
14	0.12903225806451613
15	0.12698412698412698
16	0.125
17	0.12307692307692308
18	0.12121212121212122
19	0.11940298507462688
20	0.11764705882352941
21	0.11594202898550725
22	0.1142857142857143
23	0.11267605633802817
24	0.1111111111111111
25	0.1095890410958904
