1	0.14285714285714288
2	0.13333333333333336
3	0.125
4	0.11764705882352941
5	0.2222222222222222
6	0.21052631578947367
7	0.3
8	0.2857142857142857
9	0.27272727272727276
10	0.2608695652173913
11	0.24999999999999994
12	0.24000000000000002
13	0.3076923076923077
14	0.29629629629629634
15	0.28571428571428575
16	0.3448275862068966
17	0.4000000000000001
18	0.3870967741935484
19	0.37499999999999994
20	0.3636363636363637
21	0.35294117647058826
22	0.39999999999999997
23	0.4444444444444444
24	0.43243243243243246
25	0.4210526315789474
