1	0.04347826086956522
2	0.0425531914893617
3	0.08333333333333334
4	0.0816326530612245
5	0.12000000000000001
6	0.11764705882352941
7	0.11538461538461539
8	0.1509433962264151
9	0.18518518518518515
10	0.2181818181818182
11	0.25
12	0.2807017543859649
13	0.31034482758620696
14	0.3050847457627119
15	0.3
16	0.2950819672131148
17	0.2903225806451613
18	0.28571428571428575
19	0.28125
20	0.27692307692307694
21	0.27272727272727276
22	0.2686567164179105
23	0.2647058823529412
24	0.26086956521739135
25	0.2571428571428571
