1	0.044444444444444446
2	0.04347826086956522
3	0.04255319148936171
4	0.08333333333333334
5	0.1224489795918367
6	0.12000000000000001
7	0.1176470588235294
8	0.11538461538461538
9	0.11320754716981131
10	0.11111111111111109
11	0.14545454545454545
12	0.17857142857142858
13	0.17543859649122806
14	0.20689655172413793
15	0.20338983050847456
16	0.19999999999999998
17	0.19672131147540983
18	0.22580645161290322
19	0.25396825396825395
20	0.25000000000000006
21	0.24615384615384614
22	0.27272727272727276
23	0.2686567164179105
24	0.29411764705882354
25	0.2898550724637681
