1	0.028169014084507043
2	0.02777777777777778
3	0.0273972602739726
4	0.05405405405405405
5	0.08
6	0.10526315789473684
7	0.10389610389610389
8	0.1282051282051282
9	0.12658227848101264
10	0.125
11	0.14814814814814814
12	0.17073170731707318
13	0.16867469879518074
14	0.19047619047619044
15	0.18823529411764706
16	0.18604651162790695
17	0.18390804597701146
18	0.1818181818181818
19	0.17977528089887637
20	0.17777777777777776
21	0.17582417582417584
22	0.17391304347826086
23	0.17204301075268816
24	0.1702127659574468
25	0.16842105263157897
