1	0.034482758620689655
2	0.06779661016949151
3	0.06666666666666667
4	0.06557377049180328
5	0.09677419354838708
6	0.09523809523809525
7	0.09375
8	0.12307692307692307
9	0.12121212121212122
10	0.14925373134328357
11	0.1764705882352941
12	0.17391304347826086
13	0.19999999999999998
14	0.1971830985915493
15	0.19444444444444442
16	0.2191780821917808
17	0.2162162162162162
18	0.23999999999999996
19	0.23684210526315788
20	0.23376623376623376
21	0.2564102564102564
22	0.25316455696202533
23	0.27499999999999997
24	0.2962962962962963
25	0.31707317073170727
