1	0.06451612903225806
2	0.0625
3	0.0606060606060606
4	0.058823529411764705
5	0.05714285714285715
6	0.05555555555555555
7	0.05405405405405406
8	0.052631578947368425
9	0.05128205128205128
10	0.05
11	0.04878048780487805
12	0.04761904761904761
13	0.046511627906976744
14	0.045454545454545456
15	0.04444444444444444
16	0.04347826086956522
17	0.0425531914893617
18	0.04166666666666667
19	0.0816326530612245
20	0.08
21	0.0784313725490196
22	0.11538461538461538
23	0.11320754716981132
24	0.14814814814814814
25	0.14545454545454545
