1	0.0689655172413793
2	0.06666666666666667
3	0.06451612903225806
4	0.0625
5	0.06060606060606061
6	0.11764705882352941
7	0.1142857142857143
8	0.11111111111111112
9	0.10810810810810811
10	0.10526315789473682
11	0.10256410256410255
12	0.15
13	0.14634146341463414
14	0.14285714285714285
15	0.18604651162790697
16	0.22727272727272727
17	0.22222222222222224
18	0.21739130434782608
19	0.2127659574468085
20	0.20833333333333331
21	0.20408163265306123
22	0.23999999999999996
23	0.23529411764705882
24	0.23076923076923075
25	0.2264150943396226
