1	0.05714285714285715
2	0.05555555555555555
3	0.10810810810810811
4	0.15789473684210525
5	0.15384615384615385
6	0.15
7	0.14634146341463417
8	0.14285714285714285
9	0.13953488372093023
10	0.13636363636363635
11	0.13333333333333333
12	0.13043478260869565
13	0.12765957446808512
14	0.125
15	0.12244897959183675
16	0.12
17	0.11764705882352942
18	0.11538461538461539
19	0.11320754716981131
20	0.11111111111111112
21	0.10909090909090909
22	0.10714285714285714
23	0.10526315789473685
24	0.10344827586206896
25	0.10169491525423728
