1	0.1111111111111111
2	0.10526315789473684
3	0.1
4	0.19047619047619047
5	0.1818181818181818
6	0.1739130434782609
7	0.16666666666666666
8	0.15999999999999998
9	0.23076923076923078
10	0.29629629629629634
11	0.2857142857142857
12	0.27586206896551724
13	0.33333333333333337
14	0.3225806451612903
15	0.3125
16	0.30303030303030304
17	0.29411764705882354
18	0.28571428571428575
19	0.33333333333333337
20	0.3243243243243243
21	0.31578947368421056
22	0.30769230769230765
23	0.3
24	0.2926829268292683
25	0.28571428571428564
