1	0.1111111111111111
2	0.10526315789473684
3	0.1
4	0.19047619047619047
5	0.2727272727272727
6	0.2608695652173913
7	0.25
8	0.31999999999999995
9	0.30769230769230765
10	0.29629629629629634
11	0.2857142857142857
12	0.27586206896551724
13	0.26666666666666666
14	0.3225806451612903
15	0.3125
16	0.30303030303030304
17	0.29411764705882354
18	0.28571428571428575
19	0.27777777777777773
20	0.27027027027027023
21	0.31578947368421056
22	0.30769230769230765
23	0.3
24	0.2926829268292683
25	0.28571428571428564
