1	0.06666666666666667
2	0.06451612903225806
3	0.0625
4	0.0606060606060606
5	0.0588235294117647
6	0.05714285714285715
7	0.1111111111111111
8	0.16216216216216217
9	0.15789473684210528
10	0.20512820512820515
11	0.25000000000000006
12	0.2926829268292683
13	0.28571428571428575
14	0.2790697674418604
15	0.2727272727272727
16	0.26666666666666666
17	0.2608695652173913
18	0.2553191489361702
19	0.25
20	0.24489795918367346
21	0.24000000000000002
22	0.23529411764705882
23	0.2692307692307692
24	0.26415094339622647
25	0.25925925925925924
