1	0.09523809523809523
2	0.09090909090909091
3	0.08695652173913045
4	0.08333333333333334
5	0.08000000000000002
6	0.07692307692307691
7	0.07407407407407408
8	0.07142857142857144
9	0.06896551724137932
10	0.06666666666666667
11	0.06451612903225806
12	0.125
13	0.12121212121212123
14	0.11764705882352941
15	0.1142857142857143
16	0.16666666666666663
17	0.16216216216216214
18	0.2105263157894737
19	0.20512820512820512
20	0.20000000000000004
21	0.24390243902439024
22	0.23809523809523808
23	0.23255813953488372
24	0.22727272727272727
25	0.22222222222222224
