1	0.1111111111111111
2	0.10526315789473684
3	0.1
4	0.09523809523809523
5	0.0909090909090909
6	0.08695652173913045
7	0.08333333333333333
8	0.07999999999999999
9	0.07692307692307691
10	0.07407407407407408
11	0.07142857142857142
12	0.13793103448275862
13	0.20000000000000004
14	0.1935483870967742
15	0.18750000000000003
16	0.1818181818181818
17	0.17647058823529413
18	0.17142857142857143
19	0.16666666666666669
20	0.16216216216216214
21	0.15789473684210528
22	0.15384615384615383
23	0.15
24	0.14634146341463414
25	0.14285714285714282
