1	0.05405405405405406
2	0.05263157894736842
3	0.05128205128205128
4	0.049999999999999996
5	0.048780487804878044
6	0.04761904761904762
7	0.046511627906976744
8	0.04545454545454545
9	0.04444444444444444
10	0.04347826086956522
11	0.0425531914893617
12	0.041666666666666664
13	0.04081632653061225
14	0.04
15	0.0784313725490196
16	0.07692307692307691
17	0.07547169811320754
18	0.07407407407407407
19	0.07272727272727272
20	0.07142857142857142
21	0.07017543859649122
22	0.06896551724137931
23	0.06779661016949153
24	0.06666666666666667
25	0.06557377049180328
