1	0.07692307692307693
2	0.14814814814814814
3	0.14285714285714285
4	0.13793103448275865
5	0.13333333333333333
6	0.1935483870967742
7	0.1875
8	0.24242424242424243
9	0.23529411764705882
10	0.28571428571428575
11	0.2777777777777778
12	0.2702702702702703
13	0.2631578947368421
14	0.30769230769230765
15	0.3
16	0.2926829268292683
17	0.28571428571428564
18	0.27906976744186046
19	0.2727272727272727
20	0.2666666666666666
21	0.30434782608695654
22	0.29787234042553196
23	0.3333333333333333
24	0.3673469387755102
25	0.36
