1	0.10526315789473684
2	0.09999999999999999
3	0.1904761904761905
4	0.27272727272727276
5	0.2608695652173913
6	0.25
7	0.24
8	0.30769230769230765
9	0.2962962962962963
10	0.2857142857142857
11	0.27586206896551724
12	0.26666666666666666
13	0.2580645161290323
14	0.25
15	0.2424242424242424
16	0.23529411764705882
17	0.22857142857142856
18	0.2222222222222222
19	0.21621621621621623
20	0.2105263157894737
21	0.20512820512820512
22	0.19999999999999998
23	0.1951219512195122
24	0.1904761904761905
25	0.18604651162790697
