1	0.05405405405405406
2	0.10526315789473684
3	0.10256410256410256
4	0.09999999999999999
5	0.09756097560975609
6	0.09523809523809525
7	0.09302325581395349
8	0.0909090909090909
9	0.08888888888888888
10	0.08695652173913045
11	0.0851063829787234
12	0.08333333333333333
13	0.0816326530612245
14	0.08
15	0.11764705882352941
16	0.11538461538461539
17	0.11320754716981131
18	0.1111111111111111
19	0.1090909090909091
20	0.10714285714285714
21	0.14035087719298245
22	0.13793103448275862
23	0.13559322033898305
24	0.13333333333333333
25	0.13114754098360656
