1	0.03225806451612903
2	0.031746031746031744
3	0.03125
4	0.030769230769230767
5	0.060606060606060615
6	0.05970149253731344
7	0.05882352941176471
8	0.05797101449275363
9	0.05714285714285715
10	0.056338028169014086
11	0.05555555555555556
12	0.0547945205479452
13	0.08108108108108109
14	0.10666666666666666
15	0.10526315789473684
16	0.10389610389610389
17	0.10256410256410256
18	0.10126582278481013
19	0.125
20	0.12345679012345678
21	0.14634146341463414
22	0.14457831325301204
23	0.14285714285714285
24	0.1411764705882353
25	0.13953488372093023
