1	0.0
2	0.0
3	0.03389830508474576
4	0.06666666666666667
5	0.06557377049180328
6	0.06451612903225806
7	0.06349206349206349
8	0.0625
9	0.06153846153846154
10	0.09090909090909091
11	0.08955223880597014
12	0.08823529411764706
13	0.11594202898550726
14	0.1142857142857143
15	0.11267605633802816
16	0.11111111111111112
17	0.136986301369863
18	0.13513513513513514
19	0.13333333333333333
20	0.15789473684210525
21	0.1558441558441558
22	0.15384615384615383
23	0.15189873417721517
24	0.15
25	0.1481481481481481
