1	0.03225806451612903
2	0.06349206349206349
3	0.0625
4	0.0923076923076923
5	0.09090909090909091
6	0.11940298507462688
7	0.11764705882352942
8	0.11594202898550726
9	0.1142857142857143
10	0.14084507042253522
11	0.13888888888888887
12	0.136986301369863
13	0.13513513513513514
14	0.13333333333333333
15	0.13157894736842105
16	0.12987012987012986
17	0.12820512820512822
18	0.12658227848101267
19	0.125
20	0.12345679012345678
21	0.14634146341463414
22	0.14457831325301204
23	0.14285714285714285
24	0.1411764705882353
25	0.13953488372093023
