1	0.1
2	0.09523809523809525
3	0.09090909090909091
4	0.08695652173913043
5	0.08333333333333333
6	0.08
7	0.07692307692307693
8	0.14814814814814814
9	0.14285714285714285
10	0.13793103448275862
11	0.13333333333333333
12	0.12903225806451615
13	0.125
14	0.12121212121212122
15	0.11764705882352941
16	0.11428571428571428
17	0.1111111111111111
18	0.16216216216216214
19	0.15789473684210525
20	0.15384615384615385
21	0.15
22	0.14634146341463414
23	0.14285714285714288
24	0.13953488372093023
25	0.13636363636363635
