1	0.11764705882352941
2	0.1111111111111111
3	0.10526315789473684
4	0.1
5	0.09523809523809523
6	0.09090909090909091
7	0.08695652173913043
8	0.08333333333333333
9	0.08
10	0.07692307692307693
11	0.07407407407407407
12	0.07142857142857144
13	0.06896551724137931
14	0.06666666666666667
15	0.06451612903225808
16	0.0625
17	0.06060606060606061
18	0.058823529411764705
19	0.05714285714285714
20	0.05555555555555556
21	0.05405405405405405
22	0.052631578947368425
23	0.05128205128205128
24	0.05
25	0.048780487804878044
