1	0.0
2	0.09090909090909091
3	0.08695652173913045
4	0.08333333333333334
5	0.08000000000000002
6	0.07692307692307691
7	0.07407407407407408
8	0.07142857142857144
9	0.06896551724137932
10	0.13333333333333333
11	0.12903225806451613
12	0.125
13	0.12121212121212123
14	0.11764705882352941
15	0.17142857142857143
16	0.16666666666666663
17	0.16216216216216214
18	0.15789473684210525
19	0.15384615384615385
20	0.15
21	0.14634146341463414
22	0.1904761904761905
23	0.18604651162790697
24	0.1818181818181818
25	0.17777777777777778
