1	0.039999999999999994
2	0.07843137254901959
3	0.11538461538461538
4	0.11320754716981131
5	0.1111111111111111
6	0.14545454545454545
7	0.14285714285714285
8	0.14035087719298245
9	0.13793103448275862
10	0.13559322033898302
11	0.16666666666666669
12	0.16393442622950824
13	0.1935483870967742
14	0.19047619047619047
15	0.1875
16	0.1846153846153846
17	0.18181818181818182
18	0.17910447761194032
19	0.1764705882352941
20	0.17391304347826086
21	0.1714285714285714
22	0.16901408450704225
23	0.16666666666666666
24	0.1643835616438356
25	0.18918918918918917
