1	0.07407407407407407
2	0.07142857142857144
3	0.06896551724137931
4	0.06666666666666668
5	0.06451612903225806
6	0.0625
7	0.060606060606060615
8	0.11764705882352941
9	0.1142857142857143
10	0.1111111111111111
11	0.16216216216216214
12	0.15789473684210525
13	0.15384615384615388
14	0.15
15	0.14634146341463417
16	0.1904761904761905
17	0.186046511627907
18	0.2272727272727273
19	0.2222222222222222
20	0.2173913043478261
21	0.21276595744680848
22	0.24999999999999994
23	0.24489795918367346
24	0.27999999999999997
25	0.3137254901960784
