1	0.11764705882352941
2	0.1111111111111111
3	0.10526315789473684
4	0.1
5	0.09523809523809523
6	0.09090909090909091
7	0.08695652173913043
8	0.08333333333333333
9	0.08
10	0.15384615384615385
11	0.14814814814814814
12	0.21428571428571427
13	0.27586206896551724
14	0.26666666666666666
15	0.2580645161290323
16	0.3125
17	0.30303030303030304
18	0.29411764705882354
19	0.34285714285714286
20	0.33333333333333326
21	0.3243243243243243
22	0.3157894736842105
23	0.30769230769230765
24	0.3
25	0.2926829268292683
