1	0.0909090909090909
2	0.08695652173913042
3	0.08333333333333333
4	0.08
5	0.07692307692307693
6	0.14814814814814814
7	0.14285714285714285
8	0.13793103448275862
9	0.13333333333333333
10	0.19354838709677416
11	0.18749999999999997
12	0.18181818181818182
13	0.17647058823529413
14	0.17142857142857143
15	0.16666666666666666
16	0.16216216216216214
17	0.21052631578947367
18	0.20512820512820512
19	0.2
20	0.24390243902439024
21	0.2857142857142857
22	0.2790697674418604
23	0.31818181818181823
24	0.35555555555555557
25	0.34782608695652173
