1	0.04545454545454545
2	0.08888888888888888
3	0.08695652173913045
4	0.0851063829787234
5	0.08333333333333333
6	0.08163265306122448
7	0.12
8	0.1176470588235294
9	0.11538461538461539
10	0.11320754716981132
11	0.11111111111111109
12	0.10909090909090909
13	0.10714285714285714
14	0.10526315789473685
15	0.10344827586206895
16	0.10169491525423728
17	0.1
18	0.09836065573770493
19	0.09677419354838708
20	0.09523809523809525
21	0.09374999999999999
22	0.09230769230769229
23	0.09090909090909091
24	0.08955223880597014
25	0.08823529411764704
