1	0.013793103448275862
2	0.0273972602739726
3	0.04081632653061225
4	0.040540540540540536
5	0.053691275167785234
6	0.05333333333333333
7	0.052980132450331126
8	0.05263157894736842
9	0.05228758169934641
10	0.051948051948051945
11	0.051612903225806445
12	0.06410256410256411
13	0.06369426751592357
14	0.06329113924050633
15	0.07547169811320754
16	0.075
17	0.08695652173913043
18	0.09876543209876543
19	0.11042944785276075
20	0.10975609756097562
21	0.10909090909090909
22	0.12048192771084337
23	0.11976047904191615
24	0.11904761904761905
25	0.1183431952662722
