1	0.0689655172413793
2	0.13333333333333333
3	0.12903225806451613
4	0.1875
5	0.18181818181818182
6	0.23529411764705882
7	0.2285714285714286
8	0.22222222222222224
9	0.21621621621621623
10	0.21052631578947364
11	0.2051282051282051
12	0.2
13	0.1951219512195122
14	0.2380952380952381
15	0.23255813953488372
16	0.22727272727272727
17	0.22222222222222224
18	0.21739130434782608
19	0.2127659574468085
20	0.20833333333333331
21	0.20408163265306123
22	0.2
23	0.19607843137254902
24	0.1923076923076923
25	0.1886792452830189
