1	0.05882352941176471
2	0.1142857142857143
3	0.1111111111111111
4	0.10810810810810813
5	0.10526315789473685
6	0.10256410256410256
7	0.15000000000000002
8	0.1951219512195122
9	0.19047619047619047
10	0.23255813953488375
11	0.22727272727272727
12	0.2222222222222222
13	0.26086956521739135
14	0.2978723404255319
15	0.29166666666666663
16	0.326530612244898
17	0.32
18	0.3137254901960784
19	0.3076923076923077
20	0.30188679245283023
21	0.33333333333333326
22	0.32727272727272727
23	0.32142857142857145
24	0.3157894736842105
25	0.3103448275862069
