1	0.034482758620689655
2	0.06779661016949151
3	0.06666666666666667
4	0.06557377049180328
5	0.06451612903225806
6	0.06349206349206349
7	0.0625
8	0.061538461538461535
9	0.06060606060606061
10	0.05970149253731343
11	0.058823529411764705
12	0.08695652173913043
13	0.08571428571428572
14	0.08450704225352114
15	0.08333333333333333
16	0.0821917808219178
17	0.08108108108108107
18	0.08
19	0.07894736842105263
20	0.0779220779220779
21	0.07692307692307693
22	0.10126582278481013
23	0.09999999999999999
24	0.09876543209876543
25	0.12195121951219512
