1	0.042553191489361694
2	0.041666666666666664
3	0.04081632653061224
4	0.08
5	0.11764705882352941
6	0.11538461538461539
7	0.11320754716981131
8	0.11111111111111109
9	0.10909090909090909
10	0.10714285714285714
11	0.10526315789473684
12	0.10344827586206896
13	0.10169491525423728
14	0.1
15	0.09836065573770492
16	0.09677419354838708
17	0.09523809523809525
18	0.09375000000000001
19	0.0923076923076923
20	0.09090909090909091
21	0.11940298507462685
22	0.1176470588235294
23	0.11594202898550723
24	0.11428571428571427
25	0.11267605633802817
