1	0.04081632653061225
2	0.07999999999999999
3	0.0784313725490196
4	0.11538461538461539
5	0.11320754716981132
6	0.1111111111111111
7	0.10909090909090909
8	0.10714285714285714
9	0.10526315789473684
10	0.10344827586206896
11	0.10169491525423728
12	0.1
13	0.09836065573770492
14	0.09677419354838708
15	0.09523809523809523
16	0.09375
17	0.09230769230769231
18	0.09090909090909091
19	0.08955223880597014
20	0.08823529411764706
21	0.11594202898550725
22	0.1142857142857143
23	0.14084507042253522
24	0.1388888888888889
25	0.136986301369863
