1	0.08695652173913045
2	0.16666666666666669
3	0.24000000000000002
4	0.23076923076923075
5	0.22222222222222218
6	0.28571428571428575
7	0.27586206896551724
8	0.26666666666666666
9	0.2580645161290322
10	0.25000000000000006
11	0.24242424242424246
12	0.23529411764705885
13	0.2285714285714286
14	0.2777777777777778
15	0.27027027027027023
16	0.2631578947368421
17	0.25641025641025644
18	0.25
19	0.24390243902439024
20	0.23809523809523808
21	0.23255813953488372
22	0.22727272727272727
23	0.22222222222222224
24	0.21739130434782608
25	0.21276595744680854
