1	0.022727272727272724
2	0.02247191011235955
3	0.022222222222222223
4	0.04395604395604396
5	0.043478260869565216
6	0.06451612903225806
7	0.08510638297872342
8	0.08421052631578949
9	0.10416666666666666
10	0.10309278350515463
11	0.10204081632653061
12	0.1212121212121212
13	0.11999999999999998
14	0.1386138613861386
15	0.13725490196078433
16	0.1553398058252427
17	0.17307692307692307
18	0.17142857142857143
19	0.18867924528301888
20	0.20560747663551404
21	0.2222222222222222
22	0.23853211009174313
23	0.2545454545454545
24	0.2702702702702703
25	0.2857142857142857
