1	0.052631578947368425
2	0.10256410256410257
3	0.1
4	0.0975609756097561
5	0.09523809523809523
6	0.13953488372093023
7	0.18181818181818182
8	0.17777777777777778
9	0.17391304347826086
10	0.1702127659574468
11	0.20833333333333334
12	0.2448979591836735
13	0.24
14	0.23529411764705885
15	0.23076923076923078
16	0.2641509433962264
17	0.29629629629629634
18	0.2909090909090909
19	0.3214285714285714
20	0.3508771929824562
21	0.3448275862068966
22	0.33898305084745767
23	0.3333333333333333
24	0.3278688524590164
25	0.3548387096774193
