1	0.11764705882352941
2	0.1111111111111111
3	0.10526315789473684
4	0.2
5	0.19047619047619047
6	0.18181818181818182
7	0.26086956521739124
8	0.25
9	0.24000000000000005
10	0.23076923076923075
11	0.2962962962962963
12	0.35714285714285715
13	0.41379310344827586
14	0.39999999999999997
15	0.38709677419354843
16	0.4375
17	0.48484848484848486
18	0.47058823529411764
19	0.45714285714285713
20	0.4444444444444445
21	0.4324324324324324
22	0.4210526315789474
23	0.41025641025641024
24	0.4
25	0.39024390243902435
