1	0.18181818181818182
2	0.33333333333333337
3	0.4615384615384615
4	0.4285714285714285
5	0.4
6	0.37499999999999994
7	0.3529411764705882
8	0.33333333333333326
9	0.3157894736842105
10	0.4000000000000001
11	0.380952380952381
12	0.3636363636363636
13	0.34782608695652173
14	0.41666666666666663
15	0.4
16	0.38461538461538464
17	0.37037037037037035
18	0.35714285714285715
19	0.3448275862068966
20	0.3333333333333333
21	0.3225806451612903
22	0.3125
23	0.30303030303030304
24	0.29411764705882354
25	0.28571428571428575
