1	0.10526315789473684
2	0.09999999999999999
3	0.09523809523809525
4	0.1818181818181818
5	0.1739130434782609
6	0.16666666666666666
7	0.16
8	0.15384615384615383
9	0.14814814814814814
10	0.14285714285714285
11	0.13793103448275862
12	0.2
13	0.1935483870967742
14	0.1875
15	0.2424242424242424
16	0.23529411764705882
17	0.22857142857142856
18	0.2222222222222222
19	0.21621621621621623
20	0.2105263157894737
21	0.20512820512820512
22	0.19999999999999998
23	0.1951219512195122
24	0.1904761904761905
25	0.18604651162790697
