1	0.0
2	0.06896551724137931
3	0.06666666666666667
4	0.06451612903225806
5	0.0625
6	0.06060606060606061
7	0.058823529411764705
8	0.05714285714285714
9	0.1111111111111111
10	0.16216216216216217
11	0.15789473684210525
12	0.15384615384615383
13	0.15
14	0.14634146341463417
15	0.14285714285714285
16	0.13953488372093023
17	0.13636363636363638
18	0.17777777777777776
19	0.17391304347826086
20	0.1702127659574468
21	0.16666666666666666
22	0.16326530612244897
23	0.15999999999999998
24	0.19607843137254902
25	0.1923076923076923
