1	0.08695652173913045
2	0.08333333333333334
3	0.08
4	0.07692307692307693
5	0.14814814814814814
6	0.14285714285714288
7	0.20689655172413793
8	0.19999999999999998
9	0.1935483870967742
10	0.25000000000000006
11	0.30303030303030304
12	0.3529411764705882
13	0.3428571428571428
14	0.33333333333333326
15	0.3243243243243243
16	0.3157894736842105
17	0.358974358974359
18	0.35000000000000003
19	0.3414634146341463
20	0.3333333333333333
21	0.3255813953488372
22	0.3181818181818182
23	0.31111111111111117
24	0.30434782608695654
25	0.29787234042553196
