1	0.0909090909090909
2	0.08695652173913042
3	0.08333333333333333
4	0.16
5	0.23076923076923073
6	0.22222222222222224
7	0.21428571428571427
8	0.27586206896551724
9	0.26666666666666666
10	0.25806451612903225
11	0.25
12	0.30303030303030304
13	0.2941176470588235
14	0.34285714285714286
15	0.3333333333333333
16	0.3243243243243243
17	0.36842105263157887
18	0.358974358974359
19	0.35
20	0.3414634146341463
21	0.38095238095238093
22	0.37209302325581395
23	0.3636363636363636
24	0.39999999999999997
25	0.391304347826087
