1	0.16666666666666669
2	0.15384615384615385
3	0.28571428571428575
4	0.26666666666666666
5	0.25000000000000006
6	0.23529411764705885
7	0.2222222222222222
8	0.2105263157894737
9	0.19999999999999998
10	0.1904761904761905
11	0.18181818181818182
12	0.17391304347826086
13	0.16666666666666669
14	0.16
15	0.15384615384615383
16	0.14814814814814814
17	0.14285714285714285
18	0.13793103448275862
19	0.13333333333333333
20	0.12903225806451613
21	0.125
22	0.12121212121212123
23	0.1176470588235294
24	0.1142857142857143
25	0.1111111111111111
