1	0.07407407407407407
2	0.07142857142857144
3	0.06896551724137931
4	0.13333333333333336
5	0.12903225806451613
6	0.125
7	0.12121212121212123
8	0.1764705882352941
9	0.17142857142857146
10	0.2222222222222222
11	0.27027027027027023
12	0.3157894736842105
13	0.30769230769230776
14	0.3
15	0.3414634146341463
16	0.33333333333333337
17	0.372093023255814
18	0.3636363636363637
19	0.39999999999999997
20	0.3913043478260869
21	0.3829787234042554
22	0.37500000000000006
23	0.40816326530612246
24	0.43999999999999995
25	0.4313725490196078
