1	0.0909090909090909
2	0.08695652173913042
3	0.16666666666666666
4	0.16
5	0.15384615384615385
6	0.14814814814814814
7	0.14285714285714285
8	0.13793103448275862
9	0.13333333333333333
10	0.12903225806451613
11	0.125
12	0.12121212121212123
13	0.17647058823529413
14	0.17142857142857143
15	0.16666666666666666
16	0.2162162162162162
17	0.21052631578947367
18	0.25641025641025644
19	0.25
20	0.2926829268292683
21	0.3333333333333333
22	0.3255813953488372
23	0.31818181818181823
24	0.3111111111111111
25	0.30434782608695654
