1	0.06451612903225806
2	0.0625
3	0.0606060606060606
4	0.11764705882352941
5	0.1142857142857143
6	0.1111111111111111
7	0.16216216216216217
8	0.15789473684210528
9	0.15384615384615383
10	0.15
11	0.1951219512195122
12	0.23809523809523808
13	0.27906976744186046
14	0.27272727272727276
15	0.31111111111111117
16	0.3478260869565218
17	0.3829787234042553
18	0.37499999999999994
19	0.3673469387755102
20	0.36000000000000004
21	0.3529411764705882
22	0.34615384615384615
23	0.3773584905660377
24	0.3703703703703704
25	0.3636363636363636
