1	0.03333333333333333
2	0.03278688524590164
3	0.03225806451612903
4	0.031746031746031744
5	0.03125
6	0.061538461538461535
7	0.060606060606060594
8	0.05970149253731343
9	0.0588235294117647
10	0.05797101449275363
11	0.05714285714285715
12	0.056338028169014086
13	0.05555555555555555
14	0.08219178082191782
15	0.10810810810810811
16	0.10666666666666667
17	0.13157894736842105
18	0.12987012987012986
19	0.1282051282051282
20	0.12658227848101267
21	0.15000000000000002
22	0.14814814814814817
23	0.14634146341463417
24	0.14457831325301204
25	0.16666666666666666
