1	0.19999999999999998
2	0.1818181818181818
3	0.16666666666666666
4	0.30769230769230765
5	0.2857142857142857
6	0.26666666666666666
7	0.25
8	0.23529411764705882
9	0.3333333333333333
10	0.4210526315789474
11	0.39999999999999997
12	0.4761904761904762
13	0.4545454545454546
14	0.43478260869565216
15	0.4166666666666667
16	0.39999999999999997
17	0.3846153846153846
18	0.3703703703703704
19	0.35714285714285715
20	0.3448275862068966
21	0.33333333333333326
22	0.3225806451612903
23	0.3125
24	0.30303030303030304
25	0.29411764705882354
