1	0.0
2	0.05128205128205129
3	0.05
4	0.04878048780487805
5	0.047619047619047616
6	0.046511627906976744
7	0.045454545454545456
8	0.08888888888888889
9	0.13043478260869568
10	0.12765957446808512
11	0.125
12	0.12244897959183675
13	0.12
14	0.11764705882352942
15	0.11538461538461539
16	0.1509433962264151
17	0.14814814814814817
18	0.14545454545454545
19	0.14285714285714288
20	0.14035087719298245
21	0.1724137931034483
22	0.16949152542372883
23	0.16666666666666666
24	0.19672131147540983
25	0.1935483870967742
