1	0.04878048780487806
2	0.09523809523809523
3	0.13953488372093023
4	0.13636363636363635
5	0.13333333333333333
6	0.13043478260869565
7	0.1702127659574468
8	0.16666666666666669
9	0.163265306122449
10	0.16000000000000003
11	0.15686274509803924
12	0.1923076923076923
13	0.18867924528301888
14	0.18518518518518517
15	0.18181818181818182
16	0.17857142857142858
17	0.17543859649122806
18	0.1724137931034483
19	0.1694915254237288
20	0.16666666666666666
21	0.16393442622950818
22	0.16129032258064516
23	0.15873015873015875
24	0.15625
25	0.1846153846153846
