1	0.05882352941176471
2	0.1142857142857143
3	0.1111111111111111
4	0.10810810810810813
5	0.10526315789473685
6	0.10256410256410256
7	0.15000000000000002
8	0.1951219512195122
9	0.19047619047619047
10	0.23255813953488375
11	0.22727272727272727
12	0.26666666666666666
13	0.30434782608695654
14	0.3404255319148936
15	0.37499999999999994
16	0.36734693877551017
17	0.36
18	0.3921568627450981
19	0.38461538461538464
20	0.37735849056603776
21	0.37037037037037035
22	0.36363636363636365
23	0.3928571428571428
24	0.4210526315789474
25	0.41379310344827586
