1	0.10526315789473684
2	0.09999999999999999
3	0.09523809523809525
4	0.0909090909090909
5	0.08695652173913045
6	0.08333333333333333
7	0.08
8	0.15384615384615383
9	0.14814814814814814
10	0.21428571428571427
11	0.20689655172413793
12	0.26666666666666666
13	0.2580645161290323
14	0.25
15	0.2424242424242424
16	0.23529411764705882
17	0.22857142857142856
18	0.2222222222222222
19	0.27027027027027023
20	0.2631578947368421
21	0.25641025641025644
22	0.25
23	0.24390243902439024
24	0.2380952380952381
25	0.23255813953488372
