1	0.09523809523809523
2	0.18181818181818182
3	0.1739130434782609
4	0.16666666666666669
5	0.24
6	0.23076923076923075
7	0.29629629629629634
8	0.28571428571428575
9	0.2758620689655173
10	0.26666666666666666
11	0.25806451612903225
12	0.25
13	0.30303030303030304
14	0.2941176470588235
15	0.28571428571428575
16	0.2777777777777778
17	0.27027027027027023
18	0.2631578947368421
19	0.25641025641025644
20	0.25
21	0.24390243902439024
22	0.23809523809523808
23	0.23255813953488372
24	0.22727272727272727
25	0.22222222222222224
