1	0.044444444444444446
2	0.04347826086956522
3	0.04255319148936171
4	0.08333333333333334
5	0.1224489795918367
6	0.16
7	0.1568627450980392
8	0.1923076923076923
9	0.22641509433962262
10	0.22222222222222218
11	0.21818181818181817
12	0.21428571428571427
13	0.21052631578947364
14	0.20689655172413793
15	0.23728813559322037
16	0.23333333333333334
17	0.22950819672131148
18	0.22580645161290322
19	0.22222222222222218
20	0.21875
21	0.21538461538461537
22	0.2121212121212121
23	0.2388059701492537
24	0.2647058823529412
25	0.2898550724637681
