1	0.07999999999999999
2	0.07692307692307693
3	0.07407407407407407
4	0.07142857142857142
5	0.06896551724137931
6	0.06666666666666667
7	0.06451612903225806
8	0.0625
9	0.06060606060606061
10	0.058823529411764705
11	0.05714285714285715
12	0.05555555555555555
13	0.05405405405405406
14	0.052631578947368425
15	0.05128205128205127
16	0.05
17	0.048780487804878044
18	0.04761904761904762
19	0.04651162790697675
20	0.04545454545454545
21	0.044444444444444446
22	0.043478260869565216
23	0.0425531914893617
24	0.041666666666666664
25	0.04081632653061224
