1	0.07407407407407407
2	0.14285714285714288
3	0.13793103448275862
4	0.13333333333333336
5	0.12903225806451613
6	0.125
7	0.12121212121212123
8	0.11764705882352941
9	0.17142857142857146
10	0.16666666666666669
11	0.16216216216216214
12	0.15789473684210525
13	0.15384615384615388
14	0.2
15	0.1951219512195122
16	0.1904761904761905
17	0.186046511627907
18	0.18181818181818185
19	0.17777777777777778
20	0.17391304347826086
21	0.1702127659574468
22	0.16666666666666669
23	0.16326530612244897
24	0.16
25	0.1568627450980392
