1	0.14285714285714288
2	0.2666666666666667
3	0.25
4	0.23529411764705882
5	0.2222222222222222
6	0.21052631578947367
7	0.2
8	0.1904761904761905
9	0.27272727272727276
10	0.2608695652173913
11	0.24999999999999994
12	0.24000000000000002
13	0.23076923076923078
14	0.22222222222222224
15	0.21428571428571427
16	0.27586206896551724
17	0.26666666666666666
18	0.3225806451612903
19	0.3125
20	0.3636363636363637
21	0.35294117647058826
22	0.3428571428571428
23	0.33333333333333337
24	0.32432432432432434
25	0.3157894736842105
