1	0.023255813953488372
2	0.02298850574712644
3	0.045454545454545456
4	0.0449438202247191
5	0.06666666666666667
6	0.08791208791208792
7	0.10869565217391305
8	0.10752688172043011
9	0.10638297872340426
10	0.12631578947368421
11	0.125
12	0.12371134020618557
13	0.14285714285714285
14	0.1616161616161616
15	0.16
16	0.1782178217821782
17	0.19607843137254902
18	0.21359223300970875
19	0.23076923076923078
20	0.24761904761904766
21	0.24528301886792456
22	0.26168224299065423
23	0.2777777777777778
24	0.27522935779816515
25	0.2909090909090909
