1	0.06060606060606061
2	0.058823529411764705
3	0.05714285714285714
4	0.05555555555555555
5	0.05405405405405406
6	0.10526315789473684
7	0.10256410256410256
8	0.1
9	0.0975609756097561
10	0.09523809523809523
11	0.09302325581395349
12	0.09090909090909091
13	0.08888888888888889
14	0.08695652173913043
15	0.12765957446808512
16	0.125
17	0.16326530612244897
18	0.16
19	0.1568627450980392
20	0.15384615384615385
21	0.1509433962264151
22	0.14814814814814814
23	0.14545454545454545
24	0.14285714285714288
25	0.14035087719298245
