1	0.024390243902439025	1.0
2	0.04878048780487805	1.0
3	0.04878048780487805	0.6666666666666666
4	0.07317073170731707	0.75
5	0.07317073170731707	0.6
6	0.07317073170731707	0.5
7	0.07317073170731707	0.42857142857142855
8	0.07317073170731707	0.375
9	0.07317073170731707	0.3333333333333333
10	0.07317073170731707	0.3
11	0.07317073170731707	0.2727272727272727
12	0.07317073170731707	0.25
13	0.07317073170731707	0.23076923076923078
14	0.0975609756097561	0.2857142857142857
15	0.12195121951219512	0.3333333333333333
16	0.12195121951219512	0.3125
17	0.12195121951219512	0.29411764705882354
18	0.12195121951219512	0.2777777777777778
19	0.12195121951219512	0.2631578947368421
20	0.12195121951219512	0.25
21	0.12195121951219512	0.23809523809523808
22	0.12195121951219512	0.22727272727272727
23	0.12195121951219512	0.21739130434782608
24	0.12195121951219512	0.20833333333333334
25	0.12195121951219512	0.2
