1	0.05	1.0
2	0.05	0.5
3	0.05	0.3333333333333333
4	0.1	0.5
5	0.1	0.4
6	0.1	0.3333333333333333
7	0.1	0.2857142857142857
8	0.1	0.25
9	0.1	0.2222222222222222
10	0.1	0.2
11	0.1	0.18181818181818182
12	0.1	0.16666666666666666
13	0.15	0.23076923076923078
14	0.2	0.2857142857142857
15	0.25	0.3333333333333333
16	0.25	0.3125
17	0.25	0.29411764705882354
18	0.25	0.2777777777777778
19	0.3	0.3157894736842105
20	0.3	0.3
21	0.3	0.2857142857142857
22	0.3	0.2727272727272727
23	0.3	0.2608695652173913
24	0.3	0.25
25	0.3	0.24
