1	0.0	0.0
2	0.0	0.0
3	0.0	0.0
4	0.0	0.0
5	0.0	0.0
6	0.0	0.0
7	0.0	0.0
8	0.0	0.0
9	0.0	0.0
10	0.0	0.0
11	0.043478260869565216	0.09090909090909091
12	0.043478260869565216	0.08333333333333333
13	0.043478260869565216	0.07692307692307693
14	0.08695652173913043	0.14285714285714285
15	0.08695652173913043	0.13333333333333333
16	0.13043478260869565	0.1875
17	0.13043478260869565	0.17647058823529413
18	0.17391304347826086	0.2222222222222222
19	0.17391304347826086	0.21052631578947367
20	0.21739130434782608	0.25
21	0.21739130434782608	0.23809523809523808
22	0.21739130434782608	0.22727272727272727
23	0.21739130434782608	0.21739130434782608
24	0.21739130434782608	0.20833333333333334
25	0.2608695652173913	0.24
