1	0.007194244604316547	1.0
2	0.007194244604316547	0.5
3	0.014388489208633094	0.6666666666666666
4	0.02158273381294964	0.75
5	0.02158273381294964	0.6
6	0.02158273381294964	0.5
7	0.02158273381294964	0.42857142857142855
8	0.02877697841726619	0.5
9	0.02877697841726619	0.4444444444444444
10	0.03597122302158273	0.5
11	0.03597122302158273	0.45454545454545453
12	0.03597122302158273	0.4166666666666667
13	0.03597122302158273	0.38461538461538464
14	0.04316546762589928	0.42857142857142855
15	0.050359712230215826	0.4666666666666667
16	0.05755395683453238	0.5
17	0.05755395683453238	0.47058823529411764
18	0.05755395683453238	0.4444444444444444
19	0.05755395683453238	0.42105263157894735
20	0.05755395683453238	0.4
21	0.06474820143884892	0.42857142857142855
22	0.06474820143884892	0.4090909090909091
23	0.06474820143884892	0.391304347826087
24	0.07194244604316546	0.4166666666666667
25	0.07194244604316546	0.4
