1	0.00847457627118644	1.0
2	0.01694915254237288	1.0
3	0.01694915254237288	0.6666666666666666
4	0.01694915254237288	0.5
5	0.01694915254237288	0.4
6	0.01694915254237288	0.3333333333333333
7	0.025423728813559324	0.42857142857142855
8	0.025423728813559324	0.375
9	0.03389830508474576	0.4444444444444444
10	0.03389830508474576	0.4
11	0.03389830508474576	0.36363636363636365
12	0.0423728813559322	0.4166666666666667
13	0.0423728813559322	0.38461538461538464
14	0.0423728813559322	0.35714285714285715
15	0.0423728813559322	0.3333333333333333
16	0.05084745762711865	0.375
17	0.05084745762711865	0.35294117647058826
18	0.059322033898305086	0.3888888888888889
19	0.059322033898305086	0.3684210526315789
20	0.059322033898305086	0.35
21	0.059322033898305086	0.3333333333333333
22	0.059322033898305086	0.3181818181818182
23	0.06779661016949153	0.34782608695652173
24	0.06779661016949153	0.3333333333333333
25	0.07627118644067797	0.36
