1	0.023255813953488372	1.0
2	0.023255813953488372	0.5
3	0.023255813953488372	0.3333333333333333
4	0.023255813953488372	0.25
5	0.023255813953488372	0.2
6	0.023255813953488372	0.16666666666666666
7	0.023255813953488372	0.14285714285714285
8	0.023255813953488372	0.125
9	0.023255813953488372	0.1111111111111111
10	0.023255813953488372	0.1
11	0.023255813953488372	0.09090909090909091
12	0.046511627906976744	0.16666666666666666
13	0.046511627906976744	0.15384615384615385
14	0.046511627906976744	0.14285714285714285
15	0.046511627906976744	0.13333333333333333
16	0.046511627906976744	0.125
17	0.06976744186046512	0.17647058823529413
18	0.06976744186046512	0.16666666666666666
19	0.06976744186046512	0.15789473684210525
20	0.06976744186046512	0.15
21	0.06976744186046512	0.14285714285714285
22	0.09302325581395349	0.18181818181818182
23	0.09302325581395349	0.17391304347826086
24	0.09302325581395349	0.16666666666666666
25	0.09302325581395349	0.16
