1	0.05555555555555555	1.0
2	0.05555555555555555	0.5
3	0.1111111111111111	0.6666666666666666
4	0.1111111111111111	0.5
5	0.1111111111111111	0.4
6	0.16666666666666666	0.5
7	0.16666666666666666	0.42857142857142855
8	0.16666666666666666	0.375
9	0.16666666666666666	0.3333333333333333
10	0.2222222222222222	0.4
11	0.2222222222222222	0.36363636363636365
12	0.2222222222222222	0.3333333333333333
13	0.2222222222222222	0.3076923076923077
14	0.2777777777777778	0.35714285714285715
15	0.2777777777777778	0.3333333333333333
16	0.2777777777777778	0.3125
17	0.2777777777777778	0.29411764705882354
18	0.2777777777777778	0.2777777777777778
19	0.2777777777777778	0.2631578947368421
20	0.2777777777777778	0.25
21	0.2777777777777778	0.23809523809523808
22	0.3333333333333333	0.2727272727272727
23	0.3333333333333333	0.2608695652173913
24	0.3888888888888889	0.2916666666666667
25	0.3888888888888889	0.28
