1	0.015625	1.0
2	0.03125	1.0
3	0.03125	0.6666666666666666
4	0.03125	0.5
5	0.03125	0.4
6	0.03125	0.3333333333333333
7	0.03125	0.2857142857142857
8	0.03125	0.25
9	0.03125	0.2222222222222222
10	0.046875	0.3
11	0.0625	0.36363636363636365
12	0.078125	0.4166666666666667
13	0.078125	0.38461538461538464
14	0.078125	0.35714285714285715
15	0.078125	0.3333333333333333
16	0.09375	0.375
17	0.09375	0.35294117647058826
18	0.09375	0.3333333333333333
19	0.109375	0.3684210526315789
20	0.109375	0.35
21	0.109375	0.3333333333333333
22	0.109375	0.3181818181818182
23	0.109375	0.30434782608695654
24	0.125	0.3333333333333333
25	0.125	0.32
