1	0.0	0.0
2	0.0	0.0
3	0.0	0.0
4	0.0	0.0
5	0.0	0.0
6	0.047619047619047616	0.16666666666666666
7	0.047619047619047616	0.14285714285714285
8	0.047619047619047616	0.125
9	0.09523809523809523	0.2222222222222222
10	0.09523809523809523	0.2
11	0.14285714285714285	0.2727272727272727
12	0.19047619047619047	0.3333333333333333
13	0.19047619047619047	0.3076923076923077
14	0.19047619047619047	0.2857142857142857
15	0.19047619047619047	0.26666666666666666
16	0.23809523809523808	0.3125
17	0.23809523809523808	0.29411764705882354
18	0.23809523809523808	0.2777777777777778
19	0.2857142857142857	0.3157894736842105
20	0.3333333333333333	0.35
21	0.3333333333333333	0.3333333333333333
22	0.3333333333333333	0.3181818181818182
23	0.3333333333333333	0.30434782608695654
24	0.3333333333333333	0.2916666666666667
25	0.3333333333333333	0.28
