1	0.0	0.0
2	0.0	0.0
3	0.0	0.0
4	0.0	0.0
5	0.0	0.0
6	0.0	0.0
7	0.0	0.0
8	0.0	0.0
9	0.0	0.0
10	0.0	0.0
11	0.014705882352941176	0.09090909090909091
12	0.014705882352941176	0.08333333333333333
13	0.014705882352941176	0.07692307692307693
14	0.029411764705882353	0.14285714285714285
15	0.029411764705882353	0.13333333333333333
16	0.04411764705882353	0.1875
17	0.04411764705882353	0.17647058823529413
18	0.058823529411764705	0.2222222222222222
19	0.058823529411764705	0.21052631578947367
20	0.058823529411764705	0.2
21	0.058823529411764705	0.19047619047619047
22	0.058823529411764705	0.18181818181818182
23	0.07352941176470588	0.21739130434782608
24	0.07352941176470588	0.20833333333333334
25	0.07352941176470588	0.2
