1	0.0	0.0
2	0.0	0.0
3	0.0	0.0
4	0.0	0.0
5	0.0	0.0
6	0.027777777777777776	0.16666666666666666
7	0.027777777777777776	0.14285714285714285
8	0.027777777777777776	0.125
9	0.027777777777777776	0.1111111111111111
10	0.027777777777777776	0.1
11	0.027777777777777776	0.09090909090909091
12	0.027777777777777776	0.08333333333333333
13	0.027777777777777776	0.07692307692307693
14	0.05555555555555555	0.14285714285714285
15	0.05555555555555555	0.13333333333333333
16	0.08333333333333333	0.1875
17	0.08333333333333333	0.17647058823529413
18	0.08333333333333333	0.16666666666666666
19	0.1111111111111111	0.21052631578947367
20	0.1111111111111111	0.2
21	0.1111111111111111	0.19047619047619047
22	0.1111111111111111	0.18181818181818182
23	0.1111111111111111	0.17391304347826086
24	0.1111111111111111	0.16666666666666666
25	0.1111111111111111	0.16
