1	0.047619047619047616	1.0
2	0.09523809523809523	1.0
3	0.09523809523809523	0.6666666666666666
4	0.09523809523809523	0.5
5	0.09523809523809523	0.4
6	0.14285714285714285	0.5
7	0.19047619047619047	0.5714285714285714
8	0.23809523809523808	0.625
9	0.23809523809523808	0.5555555555555556
10	0.23809523809523808	0.5
11	0.23809523809523808	0.45454545454545453
12	0.23809523809523808	0.4166666666666667
13	0.2857142857142857	0.46153846153846156
14	0.3333333333333333	0.5
15	0.3333333333333333	0.4666666666666667
16	0.3333333333333333	0.4375
17	0.38095238095238093	0.47058823529411764
18	0.42857142857142855	0.5
19	0.47619047619047616	0.5263157894736842
20	0.5238095238095238	0.55
21	0.5238095238095238	0.5238095238095238
22	0.5238095238095238	0.5
23	0.5238095238095238	0.4782608695652174
24	0.5238095238095238	0.4583333333333333
25	0.5238095238095238	0.44
