1	0.014285714285714285	1.0
2	0.014285714285714285	0.5
3	0.02857142857142857	0.6666666666666666
4	0.02857142857142857	0.5
5	0.02857142857142857	0.4
6	0.02857142857142857	0.3333333333333333
7	0.02857142857142857	0.2857142857142857
8	0.02857142857142857	0.25
9	0.04285714285714286	0.3333333333333333
10	0.04285714285714286	0.3
11	0.04285714285714286	0.2727272727272727
12	0.04285714285714286	0.25
13	0.04285714285714286	0.23076923076923078
14	0.04285714285714286	0.21428571428571427
15	0.05714285714285714	0.26666666666666666
16	0.05714285714285714	0.25
17	0.07142857142857142	0.29411764705882354
18	0.08571428571428572	0.3333333333333333
19	0.08571428571428572	0.3157894736842105
20	0.08571428571428572	0.3
21	0.08571428571428572	0.2857142857142857
22	0.08571428571428572	0.2727272727272727
23	0.08571428571428572	0.2608695652173913
24	0.1	0.2916666666666667
25	0.1	0.28
