1	0.014084507042253521	1.0
2	0.028169014084507043	1.0
3	0.04225352112676056	1.0
4	0.04225352112676056	0.75
5	0.04225352112676056	0.6
6	0.04225352112676056	0.5
7	0.04225352112676056	0.42857142857142855
8	0.056338028169014086	0.5
9	0.056338028169014086	0.4444444444444444
10	0.056338028169014086	0.4
11	0.07042253521126761	0.45454545454545453
12	0.08450704225352113	0.5
13	0.09859154929577464	0.5384615384615384
14	0.09859154929577464	0.5
15	0.09859154929577464	0.4666666666666667
16	0.11267605633802817	0.5
17	0.1267605633802817	0.5294117647058824
18	0.14084507042253522	0.5555555555555556
19	0.14084507042253522	0.5263157894736842
20	0.15492957746478872	0.55
21	0.15492957746478872	0.5238095238095238
22	0.16901408450704225	0.5454545454545454
23	0.18309859154929578	0.5652173913043478
24	0.19718309859154928	0.5833333333333334
25	0.2112676056338028	0.6
