1	0.019230769230769232	1.0
2	0.038461538461538464	1.0
3	0.038461538461538464	0.6666666666666666
4	0.038461538461538464	0.5
5	0.038461538461538464	0.4
6	0.038461538461538464	0.3333333333333333
7	0.057692307692307696	0.42857142857142855
8	0.057692307692307696	0.375
9	0.057692307692307696	0.3333333333333333
10	0.057692307692307696	0.3
11	0.057692307692307696	0.2727272727272727
12	0.07692307692307693	0.3333333333333333
13	0.07692307692307693	0.3076923076923077
14	0.07692307692307693	0.2857142857142857
15	0.07692307692307693	0.26666666666666666
16	0.07692307692307693	0.25
17	0.09615384615384616	0.29411764705882354
18	0.09615384615384616	0.2777777777777778
19	0.09615384615384616	0.2631578947368421
20	0.09615384615384616	0.25
21	0.09615384615384616	0.23809523809523808
22	0.09615384615384616	0.22727272727272727
23	0.09615384615384616	0.21739130434782608
24	0.09615384615384616	0.20833333333333334
25	0.09615384615384616	0.2
