1	0.047619047619047616	1.0
2	0.047619047619047616	0.5
3	0.047619047619047616	0.3333333333333333
4	0.09523809523809523	0.5
5	0.14285714285714285	0.6
6	0.14285714285714285	0.5
7	0.14285714285714285	0.42857142857142855
8	0.19047619047619047	0.5
9	0.19047619047619047	0.4444444444444444
10	0.19047619047619047	0.4
11	0.19047619047619047	0.36363636363636365
12	0.19047619047619047	0.3333333333333333
13	0.23809523809523808	0.38461538461538464
14	0.2857142857142857	0.42857142857142855
15	0.2857142857142857	0.4
16	0.2857142857142857	0.375
17	0.3333333333333333	0.4117647058823529
18	0.38095238095238093	0.4444444444444444
19	0.42857142857142855	0.47368421052631576
20	0.47619047619047616	0.5
21	0.5238095238095238	0.5238095238095238
22	0.5238095238095238	0.5
23	0.5238095238095238	0.4782608695652174
24	0.5238095238095238	0.4583333333333333
25	0.5238095238095238	0.44
