1	0.0	0.0
2	0.0	0.0
3	0.010752688172043012	0.3333333333333333
4	0.010752688172043012	0.25
5	0.010752688172043012	0.2
6	0.010752688172043012	0.16666666666666666
7	0.021505376344086023	0.2857142857142857
8	0.021505376344086023	0.25
9	0.021505376344086023	0.2222222222222222
10	0.021505376344086023	0.2
11	0.021505376344086023	0.18181818181818182
12	0.03225806451612903	0.25
13	0.043010752688172046	0.3076923076923077
14	0.053763440860215055	0.35714285714285715
15	0.06451612903225806	0.4
16	0.07526881720430108	0.4375
17	0.08602150537634409	0.47058823529411764
18	0.08602150537634409	0.4444444444444444
19	0.08602150537634409	0.42105263157894735
20	0.08602150537634409	0.4
21	0.08602150537634409	0.38095238095238093
22	0.08602150537634409	0.36363636363636365
23	0.0967741935483871	0.391304347826087
24	0.10752688172043011	0.4166666666666667
25	0.10752688172043011	0.4
