1	0.0625	1.0
2	0.0625	0.5
3	0.125	0.6666666666666666
4	0.125	0.5
5	0.1875	0.6
6	0.1875	0.5
7	0.1875	0.42857142857142855
8	0.1875	0.375
9	0.1875	0.3333333333333333
10	0.1875	0.3
11	0.1875	0.2727272727272727
12	0.1875	0.25
13	0.1875	0.23076923076923078
14	0.1875	0.21428571428571427
15	0.1875	0.2
16	0.1875	0.1875
17	0.1875	0.17647058823529413
18	0.1875	0.16666666666666666
19	0.25	0.21052631578947367
20	0.25	0.2
21	0.25	0.19047619047619047
22	0.25	0.18181818181818182
23	0.25	0.17391304347826086
24	0.3125	0.20833333333333334
25	0.3125	0.2
