1	0.03225806451612903	1.0
2	0.06451612903225806	1.0
3	0.06451612903225806	0.6666666666666666
4	0.0967741935483871	0.75
5	0.0967741935483871	0.6
6	0.0967741935483871	0.5
7	0.12903225806451613	0.5714285714285714
8	0.16129032258064516	0.625
9	0.1935483870967742	0.6666666666666666
10	0.22580645161290322	0.7
11	0.22580645161290322	0.6363636363636364
12	0.22580645161290322	0.5833333333333334
13	0.25806451612903225	0.6153846153846154
14	0.2903225806451613	0.6428571428571429
15	0.2903225806451613	0.6
16	0.2903225806451613	0.5625
17	0.2903225806451613	0.5294117647058824
18	0.2903225806451613	0.5
19	0.2903225806451613	0.47368421052631576
20	0.2903225806451613	0.45
21	0.2903225806451613	0.42857142857142855
22	0.3225806451612903	0.45454545454545453
23	0.3225806451612903	0.43478260869565216
24	0.3225806451612903	0.4166666666666667
25	0.3225806451612903	0.4
