1	0.014285714285714285	1.0
2	0.014285714285714285	0.5
3	0.014285714285714285	0.3333333333333333
4	0.02857142857142857	0.5
5	0.04285714285714286	0.6
6	0.05714285714285714	0.6666666666666666
7	0.05714285714285714	0.5714285714285714
8	0.07142857142857142	0.625
9	0.07142857142857142	0.5555555555555556
10	0.07142857142857142	0.5
11	0.08571428571428572	0.5454545454545454
12	0.1	0.5833333333333334
13	0.1	0.5384615384615384
14	0.11428571428571428	0.5714285714285714
15	0.11428571428571428	0.5333333333333333
16	0.11428571428571428	0.5
17	0.11428571428571428	0.47058823529411764
18	0.11428571428571428	0.4444444444444444
19	0.11428571428571428	0.42105263157894735
20	0.11428571428571428	0.4
21	0.11428571428571428	0.38095238095238093
22	0.11428571428571428	0.36363636363636365
23	0.11428571428571428	0.34782608695652173
24	0.11428571428571428	0.3333333333333333
25	0.11428571428571428	0.32
