1	0.05555555555555555	1.0
2	0.05555555555555555	0.5
3	0.05555555555555555	0.3333333333333333
4	0.05555555555555555	0.25
5	0.1111111111111111	0.4
6	0.1111111111111111	0.3333333333333333
7	0.1111111111111111	0.2857142857142857
8	0.1111111111111111	0.25
9	0.1111111111111111	0.2222222222222222
10	0.1111111111111111	0.2
11	0.16666666666666666	0.2727272727272727
12	0.16666666666666666	0.25
13	0.16666666666666666	0.23076923076923078
14	0.16666666666666666	0.21428571428571427
15	0.2222222222222222	0.26666666666666666
16	0.2222222222222222	0.25
17	0.2777777777777778	0.29411764705882354
18	0.2777777777777778	0.2777777777777778
19	0.2777777777777778	0.2631578947368421
20	0.2777777777777778	0.25
21	0.3333333333333333	0.2857142857142857
22	0.3333333333333333	0.2727272727272727
23	0.3333333333333333	0.2608695652173913
24	0.3888888888888889	0.2916666666666667
25	0.3888888888888889	0.28
