1	0.05	1.0
2	0.05	0.5
3	0.05	0.3333333333333333
4	0.05	0.25
5	0.05	0.2
6	0.05	0.16666666666666666
7	0.05	0.14285714285714285
8	0.05	0.125
9	0.05	0.1111111111111111
10	0.05	0.1
11	0.05	0.09090909090909091
12	0.1	0.16666666666666666
13	0.1	0.15384615384615385
14	0.1	0.14285714285714285
15	0.1	0.13333333333333333
16	0.15	0.1875
17	0.15	0.17647058823529413
18	0.2	0.2222222222222222
19	0.2	0.21052631578947367
20	0.2	0.2
21	0.25	0.23809523809523808
22	0.25	0.22727272727272727
23	0.25	0.21739130434782608
24	0.25	0.20833333333333334
25	0.25	0.2
