1	0.047619047619047616	1.0
2	0.047619047619047616	0.5
3	0.047619047619047616	0.3333333333333333
4	0.047619047619047616	0.25
5	0.047619047619047616	0.2
6	0.09523809523809523	0.3333333333333333
7	0.09523809523809523	0.2857142857142857
8	0.09523809523809523	0.25
9	0.09523809523809523	0.2222222222222222
10	0.14285714285714285	0.3
11	0.14285714285714285	0.2727272727272727
12	0.14285714285714285	0.25
13	0.14285714285714285	0.23076923076923078
14	0.14285714285714285	0.21428571428571427
15	0.14285714285714285	0.2
16	0.14285714285714285	0.1875
17	0.19047619047619047	0.23529411764705882
18	0.19047619047619047	0.2222222222222222
19	0.19047619047619047	0.21052631578947367
20	0.23809523809523808	0.25
21	0.2857142857142857	0.2857142857142857
22	0.2857142857142857	0.2727272727272727
23	0.3333333333333333	0.30434782608695654
24	0.38095238095238093	0.3333333333333333
25	0.38095238095238093	0.32
