1	0.006944444444444444	1.0
2	0.013888888888888888	1.0
3	0.020833333333333332	1.0
4	0.020833333333333332	0.75
5	0.027777777777777776	0.8
6	0.027777777777777776	0.6666666666666666
7	0.027777777777777776	0.5714285714285714
8	0.027777777777777776	0.5
9	0.027777777777777776	0.4444444444444444
10	0.027777777777777776	0.4
11	0.027777777777777776	0.36363636363636365
12	0.034722222222222224	0.4166666666666667
13	0.034722222222222224	0.38461538461538464
14	0.034722222222222224	0.35714285714285715
15	0.041666666666666664	0.4
16	0.041666666666666664	0.375
17	0.04861111111111111	0.4117647058823529
18	0.05555555555555555	0.4444444444444444
19	0.0625	0.47368421052631576
20	0.0625	0.45
21	0.0625	0.42857142857142855
22	0.06944444444444445	0.45454545454545453
23	0.06944444444444445	0.43478260869565216
24	0.06944444444444445	0.4166666666666667
25	0.06944444444444445	0.4
