1	0.0	0.0
2	0.0	0.0
3	0.0	0.0
4	0.0	0.0
5	0.017543859649122806	0.2
6	0.03508771929824561	0.3333333333333333
7	0.03508771929824561	0.2857142857142857
8	0.05263157894736842	0.375
9	0.05263157894736842	0.3333333333333333
10	0.05263157894736842	0.3
11	0.07017543859649122	0.36363636363636365
12	0.07017543859649122	0.3333333333333333
13	0.08771929824561403	0.38461538461538464
14	0.08771929824561403	0.35714285714285715
15	0.08771929824561403	0.3333333333333333
16	0.08771929824561403	0.3125
17	0.08771929824561403	0.29411764705882354
18	0.08771929824561403	0.2777777777777778
19	0.08771929824561403	0.2631578947368421
20	0.10526315789473684	0.3
21	0.10526315789473684	0.2857142857142857
22	0.12280701754385964	0.3181818181818182
23	0.14035087719298245	0.34782608695652173
24	0.15789473684210525	0.375
25	0.15789473684210525	0.36
