1	0.0	0.0
2	0.0	0.0
3	0.0	0.0
4	0.0	0.0
5	0.0	0.0
6	0.011235955056179775	0.16666666666666666
7	0.011235955056179775	0.14285714285714285
8	0.02247191011235955	0.25
9	0.02247191011235955	0.2222222222222222
10	0.033707865168539325	0.3
11	0.033707865168539325	0.2727272727272727
12	0.033707865168539325	0.25
13	0.0449438202247191	0.3076923076923077
14	0.056179775280898875	0.35714285714285715
15	0.06741573033707865	0.4
16	0.06741573033707865	0.375
17	0.07865168539325842	0.4117647058823529
18	0.0898876404494382	0.4444444444444444
19	0.10112359550561797	0.47368421052631576
20	0.11235955056179775	0.5
21	0.12359550561797752	0.5238095238095238
22	0.1348314606741573	0.5454545454545454
23	0.14606741573033707	0.5652173913043478
24	0.14606741573033707	0.5416666666666666
25	0.14606741573033707	0.52
