1	0.030303030303030304	1.0
2	0.06060606060606061	1.0
3	0.06060606060606061	0.6666666666666666
4	0.06060606060606061	0.5
5	0.06060606060606061	0.4
6	0.06060606060606061	0.3333333333333333
7	0.09090909090909091	0.42857142857142855
8	0.12121212121212122	0.5
9	0.12121212121212122	0.4444444444444444
10	0.15151515151515152	0.5
11	0.15151515151515152	0.45454545454545453
12	0.15151515151515152	0.4166666666666667
13	0.18181818181818182	0.46153846153846156
14	0.21212121212121213	0.5
15	0.21212121212121213	0.4666666666666667
16	0.24242424242424243	0.5
17	0.24242424242424243	0.47058823529411764
18	0.24242424242424243	0.4444444444444444
19	0.24242424242424243	0.42105263157894735
20	0.24242424242424243	0.4
21	0.2727272727272727	0.42857142857142855
22	0.2727272727272727	0.4090909090909091
23	0.2727272727272727	0.391304347826087
24	0.2727272727272727	0.375
25	0.2727272727272727	0.36
