1	0.0	0.0
2	0.0	0.0
3	0.0	0.0
4	0.0	0.0
5	0.0	0.0
6	0.0	0.0
7	0.024390243902439025	0.14285714285714285
8	0.04878048780487805	0.25
9	0.04878048780487805	0.2222222222222222
10	0.07317073170731707	0.3
11	0.07317073170731707	0.2727272727272727
12	0.07317073170731707	0.25
13	0.07317073170731707	0.23076923076923078
14	0.07317073170731707	0.21428571428571427
15	0.0975609756097561	0.26666666666666666
16	0.0975609756097561	0.25
17	0.12195121951219512	0.29411764705882354
18	0.12195121951219512	0.2777777777777778
19	0.14634146341463414	0.3157894736842105
20	0.14634146341463414	0.3
21	0.17073170731707318	0.3333333333333333
22	0.1951219512195122	0.36363636363636365
23	0.1951219512195122	0.34782608695652173
24	0.1951219512195122	0.3333333333333333
25	0.1951219512195122	0.32
