1	0.02857142857142857	1.0
2	0.05714285714285714	1.0
3	0.05714285714285714	0.6666666666666666
4	0.08571428571428572	0.75
5	0.08571428571428572	0.6
6	0.11428571428571428	0.6666666666666666
7	0.11428571428571428	0.5714285714285714
8	0.11428571428571428	0.5
9	0.11428571428571428	0.4444444444444444
10	0.11428571428571428	0.4
11	0.11428571428571428	0.36363636363636365
12	0.11428571428571428	0.3333333333333333
13	0.11428571428571428	0.3076923076923077
14	0.11428571428571428	0.2857142857142857
15	0.11428571428571428	0.26666666666666666
16	0.11428571428571428	0.25
17	0.11428571428571428	0.23529411764705882
18	0.11428571428571428	0.2222222222222222
19	0.11428571428571428	0.21052631578947367
20	0.11428571428571428	0.2
21	0.11428571428571428	0.19047619047619047
22	0.11428571428571428	0.18181818181818182
23	0.14285714285714285	0.21739130434782608
24	0.14285714285714285	0.20833333333333334
25	0.14285714285714285	0.2
