1	0.03571428571428571	1.0
2	0.07142857142857142	1.0
3	0.07142857142857142	0.6666666666666666
4	0.07142857142857142	0.5
5	0.07142857142857142	0.4
6	0.10714285714285714	0.5
7	0.10714285714285714	0.42857142857142855
8	0.10714285714285714	0.375
9	0.10714285714285714	0.3333333333333333
10	0.10714285714285714	0.3
11	0.14285714285714285	0.36363636363636365
12	0.17857142857142858	0.4166666666666667
13	0.17857142857142858	0.38461538461538464
14	0.17857142857142858	0.35714285714285715
15	0.17857142857142858	0.3333333333333333
16	0.17857142857142858	0.3125
17	0.21428571428571427	0.35294117647058826
18	0.25	0.3888888888888889
19	0.25	0.3684210526315789
20	0.25	0.35
21	0.25	0.3333333333333333
22	0.2857142857142857	0.36363636363636365
23	0.32142857142857145	0.391304347826087
24	0.32142857142857145	0.375
25	0.35714285714285715	0.4
