1	0.011494252873563218	1.0
2	0.011494252873563218	0.5
3	0.011494252873563218	0.3333333333333333
4	0.022988505747126436	0.5
5	0.022988505747126436	0.4
6	0.034482758620689655	0.5
7	0.04597701149425287	0.5714285714285714
8	0.04597701149425287	0.5
9	0.05747126436781609	0.5555555555555556
10	0.05747126436781609	0.5
11	0.05747126436781609	0.45454545454545453
12	0.06896551724137931	0.5
13	0.06896551724137931	0.46153846153846156
14	0.08045977011494253	0.5
15	0.08045977011494253	0.4666666666666667
16	0.09195402298850575	0.5
17	0.10344827586206896	0.5294117647058824
18	0.10344827586206896	0.5
19	0.11494252873563218	0.5263157894736842
20	0.12643678160919541	0.55
21	0.13793103448275862	0.5714285714285714
22	0.14942528735632185	0.5909090909090909
23	0.16091954022988506	0.6086956521739131
24	0.1724137931034483	0.625
25	0.1839080459770115	0.64
