1	0.0625	1.0
2	0.0625	0.5
3	0.0625	0.3333333333333333
4	0.125	0.5
5	0.125	0.4
6	0.125	0.3333333333333333
7	0.1875	0.42857142857142855
8	0.1875	0.375
9	0.1875	0.3333333333333333
10	0.1875	0.3
11	0.25	0.36363636363636365
12	0.3125	0.4166666666666667
13	0.375	0.46153846153846156
14	0.375	0.42857142857142855
15	0.375	0.4
16	0.4375	0.4375
17	0.5	0.47058823529411764
18	0.5	0.4444444444444444
19	0.5	0.42105263157894735
20	0.5	0.4
21	0.5	0.38095238095238093
22	0.5	0.36363636363636365
23	0.5	0.34782608695652173
24	0.5	0.3333333333333333
25	0.5	0.32
