1	0.022727272727272728	1.0
2	0.022727272727272728	0.5
3	0.022727272727272728	0.3333333333333333
4	0.022727272727272728	0.25
5	0.022727272727272728	0.2
6	0.022727272727272728	0.16666666666666666
7	0.022727272727272728	0.14285714285714285
8	0.045454545454545456	0.25
9	0.06818181818181818	0.3333333333333333
10	0.06818181818181818	0.3
11	0.06818181818181818	0.2727272727272727
12	0.06818181818181818	0.25
13	0.06818181818181818	0.23076923076923078
14	0.06818181818181818	0.21428571428571427
15	0.06818181818181818	0.2
16	0.06818181818181818	0.1875
17	0.06818181818181818	0.17647058823529413
18	0.06818181818181818	0.16666666666666666
19	0.06818181818181818	0.15789473684210525
20	0.06818181818181818	0.15
21	0.06818181818181818	0.14285714285714285
22	0.06818181818181818	0.13636363636363635
23	0.06818181818181818	0.13043478260869565
24	0.09090909090909091	0.16666666666666666
25	0.09090909090909091	0.16
