1	0.0	0.0
2	0.0	0.0
3	0.0	0.0
4	0.0	0.0
5	0.0	0.0
6	0.0	0.0
7	0.0	0.0
8	0.0	0.0
9	0.0	0.0
10	0.02631578947368421	0.1
11	0.02631578947368421	0.09090909090909091
12	0.05263157894736842	0.16666666666666666
13	0.07894736842105263	0.23076923076923078
14	0.07894736842105263	0.21428571428571427
15	0.07894736842105263	0.2
16	0.10526315789473684	0.25
17	0.10526315789473684	0.23529411764705882
18	0.13157894736842105	0.2777777777777778
19	0.15789473684210525	0.3157894736842105
20	0.15789473684210525	0.3
21	0.15789473684210525	0.2857142857142857
22	0.15789473684210525	0.2727272727272727
23	0.15789473684210525	0.2608695652173913
24	0.15789473684210525	0.25
25	0.15789473684210525	0.24
