1	0.0	0.0
2	0.0	0.0
3	0.0	0.0
4	0.0	0.0
5	0.024390243902439025	0.2
6	0.024390243902439025	0.16666666666666666
7	0.04878048780487805	0.2857142857142857
8	0.04878048780487805	0.25
9	0.04878048780487805	0.2222222222222222
10	0.04878048780487805	0.2
11	0.04878048780487805	0.18181818181818182
12	0.04878048780487805	0.16666666666666666
13	0.04878048780487805	0.15384615384615385
14	0.04878048780487805	0.14285714285714285
15	0.07317073170731707	0.2
16	0.0975609756097561	0.25
17	0.12195121951219512	0.29411764705882354
18	0.12195121951219512	0.2777777777777778
19	0.12195121951219512	0.2631578947368421
20	0.12195121951219512	0.25
21	0.12195121951219512	0.23809523809523808
22	0.14634146341463414	0.2727272727272727
23	0.14634146341463414	0.2608695652173913
24	0.14634146341463414	0.25
25	0.14634146341463414	0.24
