1	0.0	0.0
2	0.047619047619047616	0.5
3	0.047619047619047616	0.3333333333333333
4	0.047619047619047616	0.25
5	0.09523809523809523	0.4
6	0.09523809523809523	0.3333333333333333
7	0.09523809523809523	0.2857142857142857
8	0.09523809523809523	0.25
9	0.09523809523809523	0.2222222222222222
10	0.09523809523809523	0.2
11	0.09523809523809523	0.18181818181818182
12	0.14285714285714285	0.25
13	0.19047619047619047	0.3076923076923077
14	0.19047619047619047	0.2857142857142857
15	0.23809523809523808	0.3333333333333333
16	0.23809523809523808	0.3125
17	0.23809523809523808	0.29411764705882354
18	0.2857142857142857	0.3333333333333333
19	0.3333333333333333	0.3684210526315789
20	0.3333333333333333	0.35
21	0.3333333333333333	0.3333333333333333
22	0.3333333333333333	0.3181818181818182
23	0.38095238095238093	0.34782608695652173
24	0.42857142857142855	0.375
25	0.42857142857142855	0.36
