1	0.0	0.0
2	0.02631578947368421	0.5
3	0.02631578947368421	0.3333333333333333
4	0.02631578947368421	0.25
5	0.05263157894736842	0.4
6	0.07894736842105263	0.5
7	0.07894736842105263	0.42857142857142855
8	0.10526315789473684	0.5
9	0.13157894736842105	0.5555555555555556
10	0.13157894736842105	0.5
11	0.13157894736842105	0.45454545454545453
12	0.15789473684210525	0.5
13	0.15789473684210525	0.46153846153846156
14	0.15789473684210525	0.42857142857142855
15	0.18421052631578946	0.4666666666666667
16	0.18421052631578946	0.4375
17	0.18421052631578946	0.4117647058823529
18	0.21052631578947367	0.4444444444444444
19	0.21052631578947367	0.42105263157894735
20	0.21052631578947367	0.4
21	0.21052631578947367	0.38095238095238093
22	0.21052631578947367	0.36363636363636365
23	0.21052631578947367	0.34782608695652173
24	0.21052631578947367	0.3333333333333333
25	0.21052631578947367	0.32
