1	0.0	0.0
2	0.0	0.0
3	0.047619047619047616	0.3333333333333333
4	0.047619047619047616	0.25
5	0.047619047619047616	0.2
6	0.09523809523809523	0.3333333333333333
7	0.09523809523809523	0.2857142857142857
8	0.14285714285714285	0.375
9	0.14285714285714285	0.3333333333333333
10	0.14285714285714285	0.3
11	0.19047619047619047	0.36363636363636365
12	0.23809523809523808	0.4166666666666667
13	0.23809523809523808	0.38461538461538464
14	0.23809523809523808	0.35714285714285715
15	0.23809523809523808	0.3333333333333333
16	0.23809523809523808	0.3125
17	0.23809523809523808	0.29411764705882354
18	0.23809523809523808	0.2777777777777778
19	0.23809523809523808	0.2631578947368421
20	0.2857142857142857	0.3
21	0.2857142857142857	0.2857142857142857
22	0.3333333333333333	0.3181818181818182
23	0.3333333333333333	0.30434782608695654
24	0.3333333333333333	0.2916666666666667
25	0.3333333333333333	0.28
