1	0.01694915254237288	1.0
2	0.01694915254237288	0.5
3	0.01694915254237288	0.3333333333333333
4	0.01694915254237288	0.25
5	0.01694915254237288	0.2
6	0.03389830508474576	0.3333333333333333
7	0.03389830508474576	0.2857142857142857
8	0.03389830508474576	0.25
9	0.03389830508474576	0.2222222222222222
10	0.03389830508474576	0.2
11	0.03389830508474576	0.18181818181818182
12	0.03389830508474576	0.16666666666666666
13	0.03389830508474576	0.15384615384615385
14	0.05084745762711865	0.21428571428571427
15	0.06779661016949153	0.26666666666666666
16	0.06779661016949153	0.25
17	0.0847457627118644	0.29411764705882354
18	0.0847457627118644	0.2777777777777778
19	0.0847457627118644	0.2631578947368421
20	0.0847457627118644	0.25
21	0.1016949152542373	0.2857142857142857
22	0.1016949152542373	0.2727272727272727
23	0.1016949152542373	0.2608695652173913
24	0.1016949152542373	0.25
25	0.11864406779661017	0.28
