1	0.038461538461538464	1.0
2	0.038461538461538464	0.5
3	0.038461538461538464	0.3333333333333333
4	0.07692307692307693	0.5
5	0.07692307692307693	0.4
6	0.07692307692307693	0.3333333333333333
7	0.07692307692307693	0.2857142857142857
8	0.11538461538461539	0.375
9	0.11538461538461539	0.3333333333333333
10	0.15384615384615385	0.4
11	0.19230769230769232	0.45454545454545453
12	0.23076923076923078	0.5
13	0.23076923076923078	0.46153846153846156
14	0.23076923076923078	0.42857142857142855
15	0.2692307692307692	0.4666666666666667
16	0.2692307692307692	0.4375
17	0.3076923076923077	0.47058823529411764
18	0.3076923076923077	0.4444444444444444
19	0.34615384615384615	0.47368421052631576
20	0.34615384615384615	0.45
21	0.34615384615384615	0.42857142857142855
22	0.34615384615384615	0.4090909090909091
23	0.38461538461538464	0.43478260869565216
24	0.4230769230769231	0.4583333333333333
25	0.4230769230769231	0.44
