1	0.030303030303030304	1.0
2	0.06060606060606061	1.0
3	0.06060606060606061	0.6666666666666666
4	0.06060606060606061	0.5
5	0.06060606060606061	0.4
6	0.06060606060606061	0.3333333333333333
7	0.09090909090909091	0.42857142857142855
8	0.12121212121212122	0.5
9	0.12121212121212122	0.4444444444444444
10	0.15151515151515152	0.5
11	0.15151515151515152	0.45454545454545453
12	0.18181818181818182	0.5
13	0.21212121212121213	0.5384615384615384
14	0.24242424242424243	0.5714285714285714
15	0.2727272727272727	0.6
16	0.2727272727272727	0.5625
17	0.2727272727272727	0.5294117647058824
18	0.30303030303030304	0.5555555555555556
19	0.30303030303030304	0.5263157894736842
20	0.30303030303030304	0.5
21	0.30303030303030304	0.47619047619047616
22	0.30303030303030304	0.45454545454545453
23	0.3333333333333333	0.4782608695652174
24	0.36363636363636365	0.5
25	0.36363636363636365	0.48
