1	0.05555555555555555	1.0
2	0.05555555555555555	0.5
3	0.05555555555555555	0.3333333333333333
4	0.05555555555555555	0.25
5	0.05555555555555555	0.2
6	0.05555555555555555	0.16666666666666666
7	0.05555555555555555	0.14285714285714285
8	0.1111111111111111	0.25
9	0.1111111111111111	0.2222222222222222
10	0.16666666666666666	0.3
11	0.16666666666666666	0.2727272727272727
12	0.2222222222222222	0.3333333333333333
13	0.2222222222222222	0.3076923076923077
14	0.2222222222222222	0.2857142857142857
15	0.2222222222222222	0.26666666666666666
16	0.2222222222222222	0.25
17	0.2222222222222222	0.23529411764705882
18	0.2222222222222222	0.2222222222222222
19	0.2777777777777778	0.2631578947368421
20	0.2777777777777778	0.25
21	0.2777777777777778	0.23809523809523808
22	0.2777777777777778	0.22727272727272727
23	0.2777777777777778	0.21739130434782608
24	0.2777777777777778	0.20833333333333334
25	0.2777777777777778	0.2
