1	0.011764705882352941	1.0
2	0.011764705882352941	0.5
3	0.023529411764705882	0.6666666666666666
4	0.023529411764705882	0.5
5	0.03529411764705882	0.6
6	0.047058823529411764	0.6666666666666666
7	0.058823529411764705	0.7142857142857143
8	0.058823529411764705	0.625
9	0.058823529411764705	0.5555555555555556
10	0.07058823529411765	0.6
11	0.07058823529411765	0.5454545454545454
12	0.07058823529411765	0.5
13	0.08235294117647059	0.5384615384615384
14	0.09411764705882353	0.5714285714285714
15	0.09411764705882353	0.5333333333333333
16	0.10588235294117647	0.5625
17	0.11764705882352941	0.5882352941176471
18	0.12941176470588237	0.6111111111111112
19	0.1411764705882353	0.631578947368421
20	0.15294117647058825	0.65
21	0.15294117647058825	0.6190476190476191
22	0.16470588235294117	0.6363636363636364
23	0.17647058823529413	0.6521739130434783
24	0.17647058823529413	0.625
25	0.18823529411764706	0.64
