1	0.0	0.0
2	0.0	0.0
3	0.0	0.0
4	0.0	0.0
5	0.0	0.0
6	0.0	0.0
7	0.0	0.0
8	0.0	0.0
9	0.0	0.0
10	0.0	0.0
11	0.0	0.0
12	0.0	0.0
13	0.058823529411764705	0.07692307692307693
14	0.11764705882352941	0.14285714285714285
15	0.17647058823529413	0.2
16	0.17647058823529413	0.1875
17	0.17647058823529413	0.17647058823529413
18	0.17647058823529413	0.16666666666666666
19	0.17647058823529413	0.15789473684210525
20	0.17647058823529413	0.15
21	0.17647058823529413	0.14285714285714285
22	0.17647058823529413	0.13636363636363635
23	0.17647058823529413	0.13043478260869565
24	0.17647058823529413	0.125
25	0.17647058823529413	0.12
26	0.17647058823529413	0.11538461538461539
27	0.17647058823529413	0.1111111111111111
28	0.17647058823529413	0.10714285714285714
29	0.17647058823529413	0.10344827586206896
30	0.17647058823529413	0.1
