1	0.0625	1.0
2	0.125	1.0
3	0.125	0.6666666666666666
4	0.1875	0.75
5	0.1875	0.6
6	0.1875	0.5
7	0.1875	0.42857142857142855
8	0.1875	0.375
9	0.1875	0.3333333333333333
10	0.25	0.4
11	0.25	0.36363636363636365
12	0.25	0.3333333333333333
13	0.25	0.3076923076923077
14	0.25	0.2857142857142857
15	0.3125	0.3333333333333333
16	0.3125	0.3125
17	0.3125	0.29411764705882354
18	0.3125	0.2777777777777778
19	0.3125	0.2631578947368421
20	0.375	0.3
21	0.4375	0.3333333333333333
22	0.4375	0.3181818181818182
23	0.4375	0.30434782608695654
24	0.4375	0.2916666666666667
25	0.4375	0.28
26	0.4375	0.2692307692307692
27	0.4375	0.25925925925925924
28	0.4375	0.25
29	0.4375	0.2413793103448276
30	0.5	0.26666666666666666
