1	0.0	0.0
2	0.0	0.0
3	0.0	0.0
4	0.029411764705882353	0.25
5	0.058823529411764705	0.4
6	0.058823529411764705	0.3333333333333333
7	0.08823529411764706	0.42857142857142855
8	0.08823529411764706	0.375
9	0.08823529411764706	0.3333333333333333
10	0.08823529411764706	0.3
11	0.08823529411764706	0.2727272727272727
12	0.11764705882352941	0.3333333333333333
13	0.14705882352941177	0.38461538461538464
14	0.17647058823529413	0.42857142857142855
15	0.20588235294117646	0.4666666666666667
16	0.20588235294117646	0.4375
17	0.20588235294117646	0.4117647058823529
18	0.20588235294117646	0.3888888888888889
19	0.20588235294117646	0.3684210526315789
20	0.23529411764705882	0.4
21	0.23529411764705882	0.38095238095238093
22	0.23529411764705882	0.36363636363636365
23	0.23529411764705882	0.34782608695652173
24	0.2647058823529412	0.375
25	0.29411764705882354	0.4
26	0.3235294117647059	0.4230769230769231
27	0.35294117647058826	0.4444444444444444
28	0.38235294117647056	0.4642857142857143
29	0.38235294117647056	0.4482758620689655
30	0.4117647058823529	0.4666666666666667
