1	0.07692307692307693	1.0
2	0.07692307692307693	0.5
3	0.07692307692307693	0.3333333333333333
4	0.07692307692307693	0.25
5	0.07692307692307693	0.2
6	0.07692307692307693	0.16666666666666666
7	0.15384615384615385	0.2857142857142857
8	0.23076923076923078	0.375
9	0.23076923076923078	0.3333333333333333
10	0.23076923076923078	0.3
11	0.23076923076923078	0.2727272727272727
12	0.23076923076923078	0.25
13	0.3076923076923077	0.3076923076923077
14	0.3076923076923077	0.2857142857142857
15	0.38461538461538464	0.3333333333333333
16	0.38461538461538464	0.3125
17	0.46153846153846156	0.35294117647058826
18	0.46153846153846156	0.3333333333333333
19	0.5384615384615384	0.3684210526315789
20	0.5384615384615384	0.35
21	0.5384615384615384	0.3333333333333333
22	0.6153846153846154	0.36363636363636365
23	0.6153846153846154	0.34782608695652173
24	0.6153846153846154	0.3333333333333333
25	0.6153846153846154	0.32
