1	0.037037037037037035	1.0
2	0.07407407407407407	1.0
3	0.07407407407407407	0.6666666666666666
4	0.07407407407407407	0.5
5	0.1111111111111111	0.6
6	0.1111111111111111	0.5
7	0.1111111111111111	0.42857142857142855
8	0.1111111111111111	0.375
9	0.1111111111111111	0.3333333333333333
10	0.14814814814814814	0.4
11	0.14814814814814814	0.36363636363636365
12	0.18518518518518517	0.4166666666666667
13	0.2222222222222222	0.46153846153846156
14	0.2222222222222222	0.42857142857142855
15	0.2222222222222222	0.4
16	0.2222222222222222	0.375
17	0.2222222222222222	0.35294117647058826
18	0.2222222222222222	0.3333333333333333
19	0.2222222222222222	0.3157894736842105
20	0.2222222222222222	0.3
21	0.2222222222222222	0.2857142857142857
22	0.25925925925925924	0.3181818181818182
23	0.2962962962962963	0.34782608695652173
24	0.2962962962962963	0.3333333333333333
25	0.2962962962962963	0.32
