1	0.0	0.0
2	0.0	0.0
3	0.0	0.0
4	0.0	0.0
5	0.0	0.0
6	0.0	0.0
7	0.0	0.0
8	0.0	0.0
9	0.05263157894736842	0.1111111111111111
10	0.05263157894736842	0.1
11	0.10526315789473684	0.18181818181818182
12	0.10526315789473684	0.16666666666666666
13	0.10526315789473684	0.15384615384615385
14	0.10526315789473684	0.14285714285714285
15	0.10526315789473684	0.13333333333333333
16	0.10526315789473684	0.125
17	0.10526315789473684	0.11764705882352941
18	0.10526315789473684	0.1111111111111111
19	0.10526315789473684	0.10526315789473684
20	0.15789473684210525	0.15
21	0.15789473684210525	0.14285714285714285
22	0.21052631578947367	0.18181818181818182
23	0.2631578947368421	0.21739130434782608
24	0.2631578947368421	0.20833333333333334
25	0.2631578947368421	0.2
