1	0.125	1.0
2	0.125	0.5
3	0.125	0.3333333333333333
4	0.125	0.25
5	0.125	0.2
6	0.25	0.3333333333333333
7	0.25	0.2857142857142857
8	0.25	0.25
9	0.25	0.2222222222222222
10	0.375	0.3
11	0.5	0.36363636363636365
12	0.625	0.4166666666666667
13	0.75	0.46153846153846156
14	0.75	0.42857142857142855
15	0.75	0.4
16	0.75	0.375
17	0.75	0.35294117647058826
18	0.75	0.3333333333333333
19	0.75	0.3157894736842105
20	0.75	0.3
21	0.75	0.2857142857142857
22	0.75	0.2727272727272727
23	0.75	0.2608695652173913
24	0.875	0.2916666666666667
25	0.875	0.28
