1	0.013888888888888888	1.0
2	0.013888888888888888	0.5
3	0.027777777777777776	0.6666666666666666
4	0.041666666666666664	0.75
5	0.041666666666666664	0.6
6	0.05555555555555555	0.6666666666666666
7	0.05555555555555555	0.5714285714285714
8	0.05555555555555555	0.5
9	0.06944444444444445	0.5555555555555556
10	0.08333333333333333	0.6
11	0.08333333333333333	0.5454545454545454
12	0.08333333333333333	0.5
13	0.08333333333333333	0.46153846153846156
14	0.09722222222222222	0.5
15	0.09722222222222222	0.4666666666666667
16	0.1111111111111111	0.5
17	0.1111111111111111	0.47058823529411764
18	0.1111111111111111	0.4444444444444444
19	0.1111111111111111	0.42105263157894735
20	0.1111111111111111	0.4
21	0.1111111111111111	0.38095238095238093
22	0.1111111111111111	0.36363636363636365
23	0.125	0.391304347826087
24	0.125	0.375
25	0.125	0.36
