1	0.1	1.0
2	0.1	0.5
3	0.1	0.3333333333333333
4	0.1	0.25
5	0.2	0.4
6	0.3	0.5
7	0.4	0.5714285714285714
8	0.4	0.5
9	0.4	0.4444444444444444
10	0.4	0.4
11	0.4	0.36363636363636365
12	0.4	0.3333333333333333
13	0.4	0.3076923076923077
14	0.4	0.2857142857142857
15	0.4	0.26666666666666666
16	0.5	0.3125
17	0.5	0.29411764705882354
18	0.6	0.3333333333333333
19	0.7	0.3684210526315789
20	0.7	0.35
21	0.7	0.3333333333333333
22	0.7	0.3181818181818182
23	0.8	0.34782608695652173
24	0.8	0.3333333333333333
25	0.8	0.32
