1	0.06666666666666667	1.0
2	0.06666666666666667	0.5
3	0.13333333333333333	0.6666666666666666
4	0.13333333333333333	0.5
5	0.13333333333333333	0.4
6	0.13333333333333333	0.3333333333333333
7	0.2	0.42857142857142855
8	0.2	0.375
9	0.26666666666666666	0.4444444444444444
10	0.3333333333333333	0.5
11	0.4	0.5454545454545454
12	0.4	0.5
13	0.4	0.46153846153846156
14	0.4	0.42857142857142855
15	0.4	0.4
16	0.4666666666666667	0.4375
17	0.4666666666666667	0.4117647058823529
18	0.4666666666666667	0.3888888888888889
19	0.4666666666666667	0.3684210526315789
20	0.4666666666666667	0.35
21	0.5333333333333333	0.38095238095238093
22	0.6	0.4090909090909091
23	0.6	0.391304347826087
24	0.6	0.375
25	0.6	0.36
