1	0.0	0.0
2	0.045454545454545456	0.5
3	0.09090909090909091	0.6666666666666666
4	0.09090909090909091	0.5
5	0.09090909090909091	0.4
6	0.13636363636363635	0.5
7	0.13636363636363635	0.42857142857142855
8	0.13636363636363635	0.375
9	0.13636363636363635	0.3333333333333333
10	0.18181818181818182	0.4
11	0.18181818181818182	0.36363636363636365
12	0.18181818181818182	0.3333333333333333
13	0.18181818181818182	0.3076923076923077
14	0.22727272727272727	0.35714285714285715
15	0.2727272727272727	0.4
16	0.2727272727272727	0.375
17	0.2727272727272727	0.35294117647058826
18	0.3181818181818182	0.3888888888888889
19	0.36363636363636365	0.42105263157894735
20	0.36363636363636365	0.4
21	0.36363636363636365	0.38095238095238093
22	0.36363636363636365	0.36363636363636365
23	0.36363636363636365	0.34782608695652173
24	0.36363636363636365	0.3333333333333333
25	0.36363636363636365	0.32
