1	0.07142857142857142	1.0
2	0.07142857142857142	0.5
3	0.07142857142857142	0.3333333333333333
4	0.14285714285714285	0.5
5	0.14285714285714285	0.4
6	0.14285714285714285	0.3333333333333333
7	0.14285714285714285	0.2857142857142857
8	0.14285714285714285	0.25
9	0.14285714285714285	0.2222222222222222
10	0.14285714285714285	0.2
11	0.14285714285714285	0.18181818181818182
12	0.14285714285714285	0.16666666666666666
13	0.14285714285714285	0.15384615384615385
14	0.14285714285714285	0.14285714285714285
15	0.21428571428571427	0.2
16	0.21428571428571427	0.1875
17	0.2857142857142857	0.23529411764705882
18	0.2857142857142857	0.2222222222222222
19	0.2857142857142857	0.21052631578947367
20	0.35714285714285715	0.25
21	0.42857142857142855	0.2857142857142857
22	0.42857142857142855	0.2727272727272727
23	0.5	0.30434782608695654
24	0.5714285714285714	0.3333333333333333
25	0.5714285714285714	0.32
