1	0.0	0.0
2	0.0	0.0
3	0.0	0.0
4	0.0	0.0
5	0.0	0.0
6	0.0	0.0
7	0.0	0.0
8	0.0	0.0
9	0.017857142857142856	0.1111111111111111
10	0.017857142857142856	0.1
11	0.017857142857142856	0.09090909090909091
12	0.017857142857142856	0.08333333333333333
13	0.017857142857142856	0.07692307692307693
14	0.017857142857142856	0.07142857142857142
15	0.017857142857142856	0.06666666666666667
16	0.03571428571428571	0.125
17	0.05357142857142857	0.17647058823529413
18	0.05357142857142857	0.16666666666666666
19	0.05357142857142857	0.15789473684210525
20	0.05357142857142857	0.15
21	0.05357142857142857	0.14285714285714285
22	0.07142857142857142	0.18181818181818182
23	0.07142857142857142	0.17391304347826086
24	0.08928571428571429	0.20833333333333334
25	0.08928571428571429	0.2
