1	0.043478260869565216	1.0
2	0.08695652173913043	1.0
3	0.08695652173913043	0.6666666666666666
4	0.13043478260869565	0.75
5	0.13043478260869565	0.6
6	0.13043478260869565	0.5
7	0.13043478260869565	0.42857142857142855
8	0.13043478260869565	0.375
9	0.13043478260869565	0.3333333333333333
10	0.13043478260869565	0.3
11	0.17391304347826086	0.36363636363636365
12	0.17391304347826086	0.3333333333333333
13	0.17391304347826086	0.3076923076923077
14	0.21739130434782608	0.35714285714285715
15	0.21739130434782608	0.3333333333333333
16	0.21739130434782608	0.3125
17	0.2608695652173913	0.35294117647058826
18	0.2608695652173913	0.3333333333333333
19	0.30434782608695654	0.3684210526315789
20	0.30434782608695654	0.35
21	0.30434782608695654	0.3333333333333333
22	0.34782608695652173	0.36363636363636365
23	0.34782608695652173	0.34782608695652173
24	0.391304347826087	0.375
25	0.391304347826087	0.36
