1	0.08333333333333333	1.0
2	0.16666666666666666	1.0
3	0.16666666666666666	0.6666666666666666
4	0.25	0.75
5	0.25	0.6
6	0.3333333333333333	0.6666666666666666
7	0.4166666666666667	0.7142857142857143
8	0.5	0.75
9	0.5	0.6666666666666666
10	0.5	0.6
11	0.5833333333333334	0.6363636363636364
12	0.5833333333333334	0.5833333333333334
13	0.5833333333333334	0.5384615384615384
14	0.5833333333333334	0.5
15	0.5833333333333334	0.4666666666666667
16	0.5833333333333334	0.4375
17	0.6666666666666666	0.47058823529411764
18	0.6666666666666666	0.4444444444444444
19	0.6666666666666666	0.42105263157894735
20	0.6666666666666666	0.4
21	0.6666666666666666	0.38095238095238093
22	0.6666666666666666	0.36363636363636365
23	0.6666666666666666	0.34782608695652173
24	0.6666666666666666	0.3333333333333333
25	0.6666666666666666	0.32
