1	0.023255813953488372	1.0
2	0.023255813953488372	0.5
3	0.023255813953488372	0.3333333333333333
4	0.023255813953488372	0.25
5	0.023255813953488372	0.2
6	0.023255813953488372	0.16666666666666666
7	0.023255813953488372	0.14285714285714285
8	0.023255813953488372	0.125
9	0.023255813953488372	0.1111111111111111
10	0.023255813953488372	0.1
11	0.046511627906976744	0.18181818181818182
12	0.046511627906976744	0.16666666666666666
13	0.06976744186046512	0.23076923076923078
14	0.09302325581395349	0.2857142857142857
15	0.09302325581395349	0.26666666666666666
16	0.11627906976744186	0.3125
17	0.11627906976744186	0.29411764705882354
18	0.13953488372093023	0.3333333333333333
19	0.13953488372093023	0.3157894736842105
20	0.13953488372093023	0.3
21	0.13953488372093023	0.2857142857142857
22	0.13953488372093023	0.2727272727272727
23	0.13953488372093023	0.2608695652173913
24	0.13953488372093023	0.25
25	0.13953488372093023	0.24
