1	0.02040816326530612	1.0
2	0.02040816326530612	0.5
3	0.04081632653061224	0.6666666666666666
4	0.04081632653061224	0.5
5	0.04081632653061224	0.4
6	0.04081632653061224	0.3333333333333333
7	0.04081632653061224	0.2857142857142857
8	0.061224489795918366	0.375
9	0.061224489795918366	0.3333333333333333
10	0.08163265306122448	0.4
11	0.08163265306122448	0.36363636363636365
12	0.10204081632653061	0.4166666666666667
13	0.10204081632653061	0.38461538461538464
14	0.12244897959183673	0.42857142857142855
15	0.12244897959183673	0.4
16	0.12244897959183673	0.375
17	0.12244897959183673	0.35294117647058826
18	0.12244897959183673	0.3333333333333333
19	0.14285714285714285	0.3684210526315789
20	0.16326530612244897	0.4
21	0.1836734693877551	0.42857142857142855
22	0.20408163265306123	0.45454545454545453
23	0.22448979591836735	0.4782608695652174
24	0.22448979591836735	0.4583333333333333
25	0.22448979591836735	0.44
