1	0.08333333333333333	1.0
2	0.16666666666666666	1.0
3	0.16666666666666666	0.6666666666666666
4	0.16666666666666666	0.5
5	0.25	0.6
6	0.25	0.5
7	0.25	0.42857142857142855
8	0.25	0.375
9	0.25	0.3333333333333333
10	0.3333333333333333	0.4
11	0.4166666666666667	0.45454545454545453
12	0.4166666666666667	0.4166666666666667
13	0.4166666666666667	0.38461538461538464
14	0.4166666666666667	0.35714285714285715
15	0.4166666666666667	0.3333333333333333
16	0.5	0.375
17	0.5833333333333334	0.4117647058823529
18	0.5833333333333334	0.3888888888888889
19	0.5833333333333334	0.3684210526315789
20	0.6666666666666666	0.4
21	0.75	0.42857142857142855
22	0.75	0.4090909090909091
23	0.8333333333333334	0.43478260869565216
24	0.8333333333333334	0.4166666666666667
25	0.8333333333333334	0.4
