1	0.0625	1.0
2	0.0625	0.5
3	0.0625	0.3333333333333333
4	0.0625	0.25
5	0.125	0.4
6	0.1875	0.5
7	0.1875	0.42857142857142855
8	0.25	0.5
9	0.3125	0.5555555555555556
10	0.3125	0.5
11	0.3125	0.45454545454545453
12	0.375	0.5
13	0.375	0.46153846153846156
14	0.375	0.42857142857142855
15	0.375	0.4
16	0.375	0.375
17	0.375	0.35294117647058826
18	0.4375	0.3888888888888889
19	0.5	0.42105263157894735
20	0.5	0.4
21	0.5625	0.42857142857142855
22	0.5625	0.4090909090909091
23	0.5625	0.391304347826087
24	0.625	0.4166666666666667
25	0.6875	0.44
