1	0.06666666666666667	1.0
2	0.06666666666666667	0.5
3	0.06666666666666667	0.3333333333333333
4	0.06666666666666667	0.25
5	0.13333333333333333	0.4
6	0.13333333333333333	0.3333333333333333
7	0.13333333333333333	0.2857142857142857
8	0.13333333333333333	0.25
9	0.13333333333333333	0.2222222222222222
10	0.2	0.3
11	0.2	0.2727272727272727
12	0.2	0.25
13	0.2	0.23076923076923078
14	0.26666666666666666	0.2857142857142857
15	0.26666666666666666	0.26666666666666666
16	0.3333333333333333	0.3125
17	0.3333333333333333	0.29411764705882354
18	0.4	0.3333333333333333
19	0.4666666666666667	0.3684210526315789
20	0.4666666666666667	0.35
21	0.4666666666666667	0.3333333333333333
22	0.4666666666666667	0.3181818181818182
23	0.4666666666666667	0.30434782608695654
24	0.4666666666666667	0.2916666666666667
25	0.4666666666666667	0.28
