1	0.0	0.0
2	0.023255813953488372	0.5
3	0.023255813953488372	0.3333333333333333
4	0.046511627906976744	0.5
5	0.06976744186046512	0.6
6	0.06976744186046512	0.5
7	0.09302325581395349	0.5714285714285714
8	0.11627906976744186	0.625
9	0.13953488372093023	0.6666666666666666
10	0.13953488372093023	0.6
11	0.13953488372093023	0.5454545454545454
12	0.16279069767441862	0.5833333333333334
13	0.18604651162790697	0.6153846153846154
14	0.18604651162790697	0.5714285714285714
15	0.18604651162790697	0.5333333333333333
16	0.20930232558139536	0.5625
17	0.23255813953488372	0.5882352941176471
18	0.2558139534883721	0.6111111111111112
19	0.2558139534883721	0.5789473684210527
20	0.2558139534883721	0.55
21	0.2558139534883721	0.5238095238095238
22	0.2558139534883721	0.5
23	0.27906976744186046	0.5217391304347826
24	0.27906976744186046	0.5
25	0.27906976744186046	0.48
