1	0.125	1.0
2	0.125	0.5
3	0.125	0.3333333333333333
4	0.125	0.25
5	0.125	0.2
6	0.125	0.16666666666666666
7	0.125	0.14285714285714285
8	0.25	0.25
9	0.375	0.3333333333333333
10	0.375	0.3
11	0.375	0.2727272727272727
12	0.5	0.3333333333333333
13	0.5	0.3076923076923077
14	0.625	0.35714285714285715
15	0.75	0.4
16	0.75	0.375
17	0.75	0.35294117647058826
18	0.75	0.3333333333333333
19	0.75	0.3157894736842105
20	0.875	0.35
21	0.875	0.3333333333333333
22	0.875	0.3181818181818182
23	0.875	0.30434782608695654
24	0.875	0.2916666666666667
25	0.875	0.28
