1	0.0	0.0
2	0.0	0.0
3	0.058823529411764705	0.3333333333333333
4	0.058823529411764705	0.25
5	0.11764705882352941	0.4
6	0.11764705882352941	0.3333333333333333
7	0.11764705882352941	0.2857142857142857
8	0.11764705882352941	0.25
9	0.11764705882352941	0.2222222222222222
10	0.17647058823529413	0.3
11	0.17647058823529413	0.2727272727272727
12	0.17647058823529413	0.25
13	0.23529411764705882	0.3076923076923077
14	0.23529411764705882	0.2857142857142857
15	0.23529411764705882	0.26666666666666666
16	0.29411764705882354	0.3125
17	0.29411764705882354	0.29411764705882354
18	0.35294117647058826	0.3333333333333333
19	0.35294117647058826	0.3157894736842105
20	0.35294117647058826	0.3
21	0.35294117647058826	0.2857142857142857
22	0.35294117647058826	0.2727272727272727
23	0.35294117647058826	0.2608695652173913
24	0.35294117647058826	0.25
25	0.35294117647058826	0.24
