1	0.06666666666666667	1.0
2	0.13333333333333333	1.0
3	0.13333333333333333	0.6666666666666666
4	0.2	0.75
5	0.2	0.6
6	0.26666666666666666	0.6666666666666666
7	0.26666666666666666	0.5714285714285714
8	0.3333333333333333	0.625
9	0.4	0.6666666666666666
10	0.4	0.6
11	0.4	0.5454545454545454
12	0.4	0.5
13	0.4	0.46153846153846156
14	0.4	0.42857142857142855
15	0.4	0.4
16	0.4666666666666667	0.4375
17	0.4666666666666667	0.4117647058823529
18	0.5333333333333333	0.4444444444444444
19	0.5333333333333333	0.42105263157894735
20	0.5333333333333333	0.4
21	0.5333333333333333	0.38095238095238093
22	0.5333333333333333	0.36363636363636365
23	0.5333333333333333	0.34782608695652173
24	0.6	0.375
25	0.6	0.36
