1	0.14285714285714285	1.0
2	0.14285714285714285	0.5
3	0.14285714285714285	0.3333333333333333
4	0.2857142857142857	0.5
5	0.42857142857142855	0.6
6	0.5714285714285714	0.6666666666666666
7	0.5714285714285714	0.5714285714285714
8	0.7142857142857143	0.625
9	0.7142857142857143	0.5555555555555556
10	0.7142857142857143	0.5
11	0.7142857142857143	0.45454545454545453
12	0.7142857142857143	0.4166666666666667
13	0.8571428571428571	0.46153846153846156
14	0.8571428571428571	0.42857142857142855
15	0.8571428571428571	0.4
16	0.8571428571428571	0.375
17	0.8571428571428571	0.35294117647058826
18	0.8571428571428571	0.3333333333333333
19	0.8571428571428571	0.3157894736842105
20	0.8571428571428571	0.3
21	0.8571428571428571	0.2857142857142857
22	0.8571428571428571	0.2727272727272727
23	0.8571428571428571	0.2608695652173913
24	0.8571428571428571	0.25
25	0.8571428571428571	0.24
