1	0.034482758620689655	1.0
2	0.06896551724137931	1.0
3	0.06896551724137931	0.6666666666666666
4	0.06896551724137931	0.5
5	0.06896551724137931	0.4
6	0.06896551724137931	0.3333333333333333
7	0.06896551724137931	0.2857142857142857
8	0.06896551724137931	0.25
9	0.06896551724137931	0.2222222222222222
10	0.06896551724137931	0.2
11	0.06896551724137931	0.18181818181818182
12	0.10344827586206896	0.25
13	0.10344827586206896	0.23076923076923078
14	0.10344827586206896	0.21428571428571427
15	0.13793103448275862	0.26666666666666666
16	0.13793103448275862	0.25
17	0.1724137931034483	0.29411764705882354
18	0.1724137931034483	0.2777777777777778
19	0.1724137931034483	0.2631578947368421
20	0.1724137931034483	0.25
21	0.1724137931034483	0.23809523809523808
22	0.1724137931034483	0.22727272727272727
23	0.1724137931034483	0.21739130434782608
24	0.1724137931034483	0.20833333333333334
25	0.1724137931034483	0.2
