1	0.041666666666666664	1.0
2	0.041666666666666664	0.5
3	0.08333333333333333	0.6666666666666666
4	0.125	0.75
5	0.125	0.6
6	0.125	0.5
7	0.16666666666666666	0.5714285714285714
8	0.16666666666666666	0.5
9	0.16666666666666666	0.4444444444444444
10	0.16666666666666666	0.4
11	0.16666666666666666	0.36363636363636365
12	0.20833333333333334	0.4166666666666667
13	0.25	0.46153846153846156
14	0.25	0.42857142857142855
15	0.25	0.4
16	0.2916666666666667	0.4375
17	0.2916666666666667	0.4117647058823529
18	0.2916666666666667	0.3888888888888889
19	0.2916666666666667	0.3684210526315789
20	0.3333333333333333	0.4
21	0.375	0.42857142857142855
22	0.375	0.4090909090909091
23	0.375	0.391304347826087
24	0.375	0.375
25	0.375	0.36
