1	0.02631578947368421	1.0
2	0.05263157894736842	1.0
3	0.07894736842105263	1.0
4	0.07894736842105263	0.75
5	0.10526315789473684	0.8
6	0.10526315789473684	0.6666666666666666
7	0.10526315789473684	0.5714285714285714
8	0.10526315789473684	0.5
9	0.13157894736842105	0.5555555555555556
10	0.13157894736842105	0.5
11	0.15789473684210525	0.5454545454545454
12	0.15789473684210525	0.5
13	0.18421052631578946	0.5384615384615384
14	0.21052631578947367	0.5714285714285714
15	0.21052631578947367	0.5333333333333333
16	0.21052631578947367	0.5
17	0.23684210526315788	0.5294117647058824
18	0.23684210526315788	0.5
19	0.23684210526315788	0.47368421052631576
20	0.23684210526315788	0.45
21	0.2631578947368421	0.47619047619047616
22	0.2631578947368421	0.45454545454545453
23	0.2894736842105263	0.4782608695652174
24	0.3157894736842105	0.5
25	0.3157894736842105	0.48
