1	0.06666666666666667	1.0
2	0.13333333333333333	1.0
3	0.13333333333333333	0.6666666666666666
4	0.13333333333333333	0.5
5	0.2	0.6
6	0.2	0.5
7	0.2	0.42857142857142855
8	0.26666666666666666	0.5
9	0.26666666666666666	0.4444444444444444
10	0.26666666666666666	0.4
11	0.26666666666666666	0.36363636363636365
12	0.3333333333333333	0.4166666666666667
13	0.4	0.46153846153846156
14	0.4	0.42857142857142855
15	0.4	0.4
16	0.4	0.375
17	0.4	0.35294117647058826
18	0.4666666666666667	0.3888888888888889
19	0.4666666666666667	0.3684210526315789
20	0.4666666666666667	0.35
21	0.4666666666666667	0.3333333333333333
22	0.5333333333333333	0.36363636363636365
23	0.5333333333333333	0.34782608695652173
24	0.5333333333333333	0.3333333333333333
25	0.5333333333333333	0.32
