1	0.05555555555555555	1.0
2	0.1111111111111111	1.0
3	0.16666666666666666	1.0
4	0.2222222222222222	1.0
5	0.2777777777777778	1.0
6	0.2777777777777778	0.8333333333333334
7	0.2777777777777778	0.7142857142857143
8	0.3333333333333333	0.75
9	0.3888888888888889	0.7777777777777778
10	0.3888888888888889	0.7
11	0.4444444444444444	0.7272727272727273
12	0.4444444444444444	0.6666666666666666
13	0.4444444444444444	0.6153846153846154
14	0.4444444444444444	0.5714285714285714
15	0.4444444444444444	0.5333333333333333
16	0.4444444444444444	0.5
17	0.4444444444444444	0.47058823529411764
18	0.4444444444444444	0.4444444444444444
19	0.4444444444444444	0.42105263157894735
20	0.4444444444444444	0.4
21	0.5	0.42857142857142855
22	0.5	0.4090909090909091
23	0.5	0.391304347826087
24	0.5	0.375
25	0.5	0.36
