1	0.0	0.0
2	0.0	0.0
3	0.04	0.3333333333333333
4	0.08	0.5
5	0.08	0.4
6	0.08	0.3333333333333333
7	0.12	0.42857142857142855
8	0.16	0.5
9	0.16	0.4444444444444444
10	0.16	0.4
11	0.16	0.36363636363636365
12	0.16	0.3333333333333333
13	0.2	0.38461538461538464
14	0.2	0.35714285714285715
15	0.24	0.4
16	0.24	0.375
17	0.24	0.35294117647058826
18	0.24	0.3333333333333333
19	0.24	0.3157894736842105
20	0.24	0.3
21	0.24	0.2857142857142857
22	0.24	0.2727272727272727
23	0.28	0.30434782608695654
24	0.32	0.3333333333333333
25	0.32	0.32
