1	0.1111111111111111	1.0
2	0.1111111111111111	0.5
3	0.2222222222222222	0.6666666666666666
4	0.3333333333333333	0.75
5	0.4444444444444444	0.8
6	0.5555555555555556	0.8333333333333334
7	0.5555555555555556	0.7142857142857143
8	0.5555555555555556	0.625
9	0.5555555555555556	0.5555555555555556
10	0.5555555555555556	0.5
11	0.5555555555555556	0.45454545454545453
12	0.5555555555555556	0.4166666666666667
13	0.5555555555555556	0.38461538461538464
14	0.5555555555555556	0.35714285714285715
15	0.5555555555555556	0.3333333333333333
16	0.6666666666666666	0.375
17	0.7777777777777778	0.4117647058823529
18	0.7777777777777778	0.3888888888888889
19	0.7777777777777778	0.3684210526315789
20	0.8888888888888888	0.4
21	0.8888888888888888	0.38095238095238093
22	0.8888888888888888	0.36363636363636365
23	0.8888888888888888	0.34782608695652173
24	0.8888888888888888	0.3333333333333333
25	0.8888888888888888	0.32
