1	0.09090909090909091	1.0
2	0.09090909090909091	0.5
3	0.09090909090909091	0.3333333333333333
4	0.09090909090909091	0.25
5	0.09090909090909091	0.2
6	0.09090909090909091	0.16666666666666666
7	0.18181818181818182	0.2857142857142857
8	0.2727272727272727	0.375
9	0.36363636363636365	0.4444444444444444
10	0.36363636363636365	0.4
11	0.36363636363636365	0.36363636363636365
12	0.36363636363636365	0.3333333333333333
13	0.45454545454545453	0.38461538461538464
14	0.45454545454545453	0.35714285714285715
15	0.45454545454545453	0.3333333333333333
16	0.5454545454545454	0.375
17	0.5454545454545454	0.35294117647058826
18	0.6363636363636364	0.3888888888888889
19	0.6363636363636364	0.3684210526315789
20	0.6363636363636364	0.35
21	0.7272727272727273	0.38095238095238093
22	0.7272727272727273	0.36363636363636365
23	0.7272727272727273	0.34782608695652173
24	0.7272727272727273	0.3333333333333333
25	0.7272727272727273	0.32
