1	0.058823529411764705	1.0
2	0.058823529411764705	0.5
3	0.11764705882352941	0.6666666666666666
4	0.11764705882352941	0.5
5	0.17647058823529413	0.6
6	0.17647058823529413	0.5
7	0.23529411764705882	0.5714285714285714
8	0.23529411764705882	0.5
9	0.23529411764705882	0.4444444444444444
10	0.23529411764705882	0.4
11	0.23529411764705882	0.36363636363636365
12	0.23529411764705882	0.3333333333333333
13	0.23529411764705882	0.3076923076923077
14	0.23529411764705882	0.2857142857142857
15	0.23529411764705882	0.26666666666666666
16	0.29411764705882354	0.3125
17	0.29411764705882354	0.29411764705882354
18	0.29411764705882354	0.2777777777777778
19	0.29411764705882354	0.2631578947368421
20	0.29411764705882354	0.25
21	0.29411764705882354	0.23809523809523808
22	0.29411764705882354	0.22727272727272727
23	0.29411764705882354	0.21739130434782608
24	0.29411764705882354	0.20833333333333334
25	0.29411764705882354	0.2
