1	0.043478260869565216	1.0
2	0.08695652173913043	1.0
3	0.08695652173913043	0.6666666666666666
4	0.08695652173913043	0.5
5	0.08695652173913043	0.4
6	0.13043478260869565	0.5
7	0.17391304347826086	0.5714285714285714
8	0.17391304347826086	0.5
9	0.21739130434782608	0.5555555555555556
10	0.21739130434782608	0.5
11	0.2608695652173913	0.5454545454545454
12	0.2608695652173913	0.5
13	0.30434782608695654	0.5384615384615384
14	0.34782608695652173	0.5714285714285714
15	0.34782608695652173	0.5333333333333333
16	0.34782608695652173	0.5
17	0.391304347826087	0.5294117647058824
18	0.43478260869565216	0.5555555555555556
19	0.4782608695652174	0.5789473684210527
20	0.5217391304347826	0.6
21	0.5217391304347826	0.5714285714285714
22	0.5217391304347826	0.5454545454545454
23	0.5652173913043478	0.5652173913043478
24	0.5652173913043478	0.5416666666666666
25	0.5652173913043478	0.52
