1	0.16666666666666666	1.0
2	0.16666666666666666	0.5
3	0.16666666666666666	0.3333333333333333
4	0.16666666666666666	0.25
5	0.16666666666666666	0.2
6	0.16666666666666666	0.16666666666666666
7	0.16666666666666666	0.14285714285714285
8	0.16666666666666666	0.125
9	0.3333333333333333	0.2222222222222222
10	0.3333333333333333	0.2
11	0.3333333333333333	0.18181818181818182
12	0.5	0.25
13	0.6666666666666666	0.3076923076923077
14	0.6666666666666666	0.2857142857142857
15	0.8333333333333334	0.3333333333333333
16	0.8333333333333334	0.3125
17	0.8333333333333334	0.29411764705882354
18	0.8333333333333334	0.2777777777777778
19	0.8333333333333334	0.2631578947368421
20	0.8333333333333334	0.25
21	0.8333333333333334	0.23809523809523808
22	0.8333333333333334	0.22727272727272727
23	0.8333333333333334	0.21739130434782608
24	0.8333333333333334	0.20833333333333334
25	0.8333333333333334	0.2
