1	0.0	0.0
2	0.043478260869565216	0.5
3	0.043478260869565216	0.3333333333333333
4	0.043478260869565216	0.25
5	0.043478260869565216	0.2
6	0.043478260869565216	0.16666666666666666
7	0.043478260869565216	0.14285714285714285
8	0.043478260869565216	0.125
9	0.043478260869565216	0.1111111111111111
10	0.043478260869565216	0.1
11	0.08695652173913043	0.18181818181818182
12	0.08695652173913043	0.16666666666666666
13	0.13043478260869565	0.23076923076923078
14	0.13043478260869565	0.21428571428571427
15	0.13043478260869565	0.2
16	0.17391304347826086	0.25
17	0.17391304347826086	0.23529411764705882
18	0.21739130434782608	0.2777777777777778
19	0.21739130434782608	0.2631578947368421
20	0.2608695652173913	0.3
21	0.2608695652173913	0.2857142857142857
22	0.2608695652173913	0.2727272727272727
23	0.2608695652173913	0.2608695652173913
24	0.2608695652173913	0.25
25	0.2608695652173913	0.24
