1	0.0	0.0
2	0.0	0.0
3	0.0	0.0
4	0.0	0.0
5	0.0	0.0
6	0.0	0.0
7	0.0	0.0
8	0.09090909090909091	0.125
9	0.09090909090909091	0.1111111111111111
10	0.09090909090909091	0.1
11	0.09090909090909091	0.09090909090909091
12	0.09090909090909091	0.08333333333333333
13	0.09090909090909091	0.07692307692307693
14	0.09090909090909091	0.07142857142857142
15	0.09090909090909091	0.06666666666666667
16	0.09090909090909091	0.0625
17	0.09090909090909091	0.058823529411764705
18	0.09090909090909091	0.05555555555555555
19	0.09090909090909091	0.05263157894736842
20	0.09090909090909091	0.05
21	0.09090909090909091	0.047619047619047616
22	0.18181818181818182	0.09090909090909091
23	0.2727272727272727	0.13043478260869565
24	0.36363636363636365	0.16666666666666666
25	0.36363636363636365	0.16
26	0.36363636363636365	0.15384615384615385
27	0.36363636363636365	0.14814814814814814
28	0.36363636363636365	0.14285714285714285
29	0.36363636363636365	0.13793103448275862
30	0.36363636363636365	0.13333333333333333
