1	0.0	0.0
2	0.0	0.0
3	0.0	0.0
4	0.030303030303030304	0.25
5	0.030303030303030304	0.2
6	0.030303030303030304	0.16666666666666666
7	0.030303030303030304	0.14285714285714285
8	0.06060606060606061	0.25
9	0.06060606060606061	0.2222222222222222
10	0.09090909090909091	0.3
11	0.12121212121212122	0.36363636363636365
12	0.12121212121212122	0.3333333333333333
13	0.15151515151515152	0.38461538461538464
14	0.18181818181818182	0.42857142857142855
15	0.18181818181818182	0.4
16	0.21212121212121213	0.4375
17	0.24242424242424243	0.47058823529411764
18	0.24242424242424243	0.4444444444444444
19	0.24242424242424243	0.42105263157894735
20	0.24242424242424243	0.4
21	0.24242424242424243	0.38095238095238093
22	0.24242424242424243	0.36363636363636365
23	0.24242424242424243	0.34782608695652173
24	0.24242424242424243	0.3333333333333333
25	0.24242424242424243	0.32
26	0.24242424242424243	0.3076923076923077
27	0.24242424242424243	0.2962962962962963
28	0.24242424242424243	0.2857142857142857
29	0.24242424242424243	0.27586206896551724
30	0.2727272727272727	0.3
