1	0.0	0.0
2	0.0	0.0
3	0.07692307692307693	0.3333333333333333
4	0.07692307692307693	0.25
5	0.07692307692307693	0.2
6	0.07692307692307693	0.16666666666666666
7	0.07692307692307693	0.14285714285714285
8	0.07692307692307693	0.125
9	0.15384615384615385	0.2222222222222222
10	0.23076923076923078	0.3
11	0.23076923076923078	0.2727272727272727
12	0.23076923076923078	0.25
13	0.3076923076923077	0.3076923076923077
14	0.3076923076923077	0.2857142857142857
15	0.3076923076923077	0.26666666666666666
16	0.3076923076923077	0.25
17	0.3076923076923077	0.23529411764705882
18	0.3076923076923077	0.2222222222222222
19	0.3076923076923077	0.21052631578947367
20	0.38461538461538464	0.25
21	0.46153846153846156	0.2857142857142857
22	0.5384615384615384	0.3181818181818182
23	0.6153846153846154	0.34782608695652173
24	0.6153846153846154	0.3333333333333333
25	0.6923076923076923	0.36
26	0.6923076923076923	0.34615384615384615
27	0.6923076923076923	0.3333333333333333
28	0.6923076923076923	0.32142857142857145
29	0.6923076923076923	0.3103448275862069
30	0.6923076923076923	0.3
