1	0.15384615384615385
2	0.14285714285714285
3	0.13333333333333333
4	0.125
5	0.11764705882352941
6	0.1111111111111111
7	0.10526315789473685
8	0.1
9	0.09523809523809525
10	0.0909090909090909
11	0.08695652173913043
12	0.08333333333333333
13	0.16
14	0.15384615384615383
15	0.14814814814814814
16	0.14285714285714288
17	0.13793103448275862
18	0.13333333333333333
19	0.12903225806451615
20	0.125
21	0.12121212121212123
22	0.11764705882352942
23	0.11428571428571427
24	0.1111111111111111
25	0.10810810810810811
