1	0.1
2	0.1904761904761905
3	0.18181818181818182
4	0.17391304347826086
5	0.16666666666666666
6	0.16
7	0.15384615384615385
8	0.14814814814814814
9	0.14285714285714285
10	0.13793103448275862
11	0.13333333333333333
12	0.12903225806451615
13	0.125
14	0.18181818181818182
15	0.17647058823529413
16	0.17142857142857143
17	0.16666666666666669
18	0.16216216216216214
19	0.15789473684210525
20	0.15384615384615385
21	0.2
22	0.1951219512195122
23	0.23809523809523808
24	0.23255813953488372
25	0.22727272727272727
