1	0.0
2	0.0
3	0.04347826086956522
4	0.0425531914893617
5	0.041666666666666664
6	0.04081632653061224
7	0.08
8	0.07843137254901962
9	0.07692307692307693
10	0.11320754716981132
11	0.14814814814814814
12	0.1818181818181818
13	0.17857142857142855
14	0.1754385964912281
15	0.1724137931034483
16	0.16949152542372883
17	0.16666666666666666
18	0.19672131147540986
19	0.19354838709677416
20	0.1904761904761905
21	0.18749999999999997
22	0.18461538461538457
23	0.18181818181818182
24	0.1791044776119403
25	0.2058823529411765
