1	0.042553191489361694
2	0.041666666666666664
3	0.04081632653061224
4	0.04
5	0.0784313725490196
6	0.07692307692307691
7	0.07547169811320756
8	0.07407407407407408
9	0.10909090909090909
10	0.10714285714285714
11	0.10526315789473684
12	0.10344827586206896
13	0.13559322033898305
14	0.16666666666666666
15	0.16393442622950818
16	0.16129032258064516
17	0.15873015873015875
18	0.15625
19	0.15384615384615385
20	0.15151515151515152
21	0.1492537313432836
22	0.14705882352941177
23	0.14492753623188406
24	0.14285714285714285
25	0.14084507042253522
