1	0.07692307692307693
2	0.14814814814814814
3	0.14285714285714285
4	0.20689655172413793
5	0.26666666666666666
6	0.3225806451612903
7	0.3125
8	0.30303030303030304
9	0.3529411764705882
10	0.34285714285714286
11	0.3333333333333333
12	0.32432432432432434
13	0.3157894736842105
14	0.30769230769230765
15	0.3
16	0.2926829268292683
17	0.3333333333333333
18	0.32558139534883723
19	0.3181818181818182
20	0.3111111111111111
21	0.30434782608695654
22	0.29787234042553196
23	0.2916666666666667
24	0.2857142857142857
25	0.28
