1	0.06666666666666667
2	0.06451612903225806
3	0.0625
4	0.0606060606060606
5	0.0588235294117647
6	0.05714285714285715
7	0.1111111111111111
8	0.1081081081081081
9	0.10526315789473684
10	0.10256410256410257
11	0.1
12	0.0975609756097561
13	0.09523809523809525
14	0.09302325581395349
15	0.09090909090909091
16	0.08888888888888889
17	0.08695652173913043
18	0.0851063829787234
19	0.08333333333333333
20	0.08163265306122448
21	0.08
22	0.0784313725490196
23	0.07692307692307693
24	0.07547169811320754
25	0.07407407407407408
