1	0.0
2	0.0
3	0.05555555555555555
4	0.054054054054054064
5	0.052631578947368425
6	0.10256410256410256
7	0.15000000000000002
8	0.14634146341463414
9	0.14285714285714288
10	0.13953488372093023
11	0.13636363636363635
12	0.13333333333333333
13	0.13043478260869568
14	0.1276595744680851
15	0.12500000000000003
16	0.12244897959183672
17	0.12000000000000001
18	0.11764705882352942
19	0.11538461538461539
20	0.11320754716981132
21	0.1111111111111111
22	0.10909090909090909
23	0.10714285714285714
24	0.10526315789473685
25	0.10344827586206896
