1	0.14285714285714288
2	0.2666666666666667
3	0.375
4	0.3529411764705882
5	0.33333333333333337
6	0.3157894736842105
7	0.4
8	0.4761904761904762
9	0.4545454545454546
10	0.5217391304347826
11	0.4999999999999999
12	0.48000000000000004
13	0.46153846153846156
14	0.4444444444444445
15	0.42857142857142855
16	0.41379310344827586
17	0.4000000000000001
18	0.3870967741935484
19	0.37499999999999994
20	0.3636363636363637
21	0.35294117647058826
22	0.3428571428571428
23	0.33333333333333337
24	0.32432432432432434
25	0.3157894736842105
