1	0.03636363636363636
2	0.07142857142857142
3	0.07017543859649122
4	0.06896551724137931
5	0.06779661016949153
6	0.06666666666666667
7	0.06557377049180328
8	0.06451612903225806
9	0.09523809523809525
10	0.09375000000000001
11	0.0923076923076923
12	0.12121212121212122
13	0.11940298507462686
14	0.11764705882352941
15	0.14492753623188404
16	0.14285714285714285
17	0.1408450704225352
18	0.1388888888888889
19	0.136986301369863
20	0.13513513513513514
21	0.13333333333333333
22	0.13157894736842105
23	0.12987012987012986
24	0.15384615384615383
25	0.17721518987341772
