1	0.06451612903225806
2	0.0625
3	0.0606060606060606
4	0.058823529411764705
5	0.05714285714285715
6	0.05555555555555555
7	0.10810810810810811
8	0.10526315789473685
9	0.15384615384615383
10	0.15
11	0.14634146341463417
12	0.14285714285714288
13	0.13953488372093023
14	0.13636363636363638
15	0.13333333333333333
16	0.13043478260869568
17	0.1702127659574468
18	0.16666666666666669
19	0.163265306122449
20	0.16
21	0.1568627450980392
22	0.15384615384615383
23	0.18867924528301885
24	0.1851851851851852
25	0.1818181818181818
