1	0.0
2	0.07407407407407407
3	0.07142857142857142
4	0.06896551724137932
5	0.06666666666666667
6	0.12903225806451613
7	0.1875
8	0.18181818181818182
9	0.1764705882352941
10	0.22857142857142856
11	0.2222222222222222
12	0.21621621621621623
13	0.2105263157894737
14	0.20512820512820512
15	0.2
16	0.19512195121951217
17	0.2380952380952381
18	0.23255813953488372
19	0.22727272727272727
20	0.22222222222222224
21	0.21739130434782608
22	0.21276595744680854
23	0.20833333333333331
24	0.20408163265306126
25	0.20000000000000004
