1	0.16666666666666669
2	0.15384615384615385
3	0.28571428571428575
4	0.26666666666666666
5	0.25000000000000006
6	0.23529411764705885
7	0.2222222222222222
8	0.2105263157894737
9	0.19999999999999998
10	0.28571428571428564
11	0.2727272727272727
12	0.2608695652173913
13	0.24999999999999994
14	0.32
15	0.30769230769230765
16	0.2962962962962963
17	0.35714285714285715
18	0.3448275862068966
19	0.3333333333333333
20	0.3225806451612903
21	0.31249999999999994
22	0.30303030303030304
23	0.29411764705882354
24	0.28571428571428575
25	0.2777777777777778
