1	0.052631578947368425
2	0.05128205128205129
3	0.05
4	0.04878048780487805
5	0.047619047619047616
6	0.046511627906976744
7	0.09090909090909091
8	0.08888888888888889
9	0.13043478260869568
10	0.12765957446808512
11	0.125
12	0.163265306122449
13	0.2
14	0.19607843137254902
15	0.1923076923076923
16	0.18867924528301885
17	0.18518518518518517
18	0.18181818181818182
19	0.17857142857142858
20	0.1754385964912281
21	0.1724137931034483
22	0.16949152542372883
23	0.16666666666666666
24	0.1639344262295082
25	0.16129032258064516
