1	0.16666666666666669
2	0.3076923076923077
3	0.28571428571428575
4	0.26666666666666666
5	0.37499999999999994
6	0.4705882352941177
7	0.4444444444444444
8	0.4210526315789474
9	0.39999999999999997
10	0.380952380952381
11	0.36363636363636365
12	0.34782608695652173
13	0.41666666666666663
14	0.4
15	0.3846153846153846
16	0.3703703703703703
17	0.35714285714285715
18	0.3448275862068966
19	0.3333333333333333
20	0.3225806451612903
21	0.31249999999999994
22	0.30303030303030304
23	0.3529411764705882
24	0.4
25	0.3888888888888889
