1	0.11764705882352941
2	0.2222222222222222
3	0.3157894736842105
4	0.3
5	0.2857142857142857
6	0.2727272727272727
7	0.26086956521739124
8	0.25
9	0.24000000000000005
10	0.23076923076923075
11	0.2222222222222222
12	0.21428571428571427
13	0.27586206896551724
14	0.3333333333333333
15	0.3225806451612903
16	0.3125
17	0.3636363636363636
18	0.35294117647058826
19	0.34285714285714286
20	0.33333333333333326
21	0.37837837837837834
22	0.3684210526315789
23	0.358974358974359
24	0.35000000000000003
25	0.34146341463414637
