1	0.0273972602739726
2	0.05405405405405406
3	0.05333333333333333
4	0.05263157894736842
5	0.051948051948051945
6	0.05128205128205128
7	0.05063291139240506
8	0.075
9	0.07407407407407407
10	0.07317073170731707
11	0.07228915662650602
12	0.07142857142857142
13	0.07058823529411765
14	0.06976744186046512
15	0.06896551724137931
16	0.06818181818181819
17	0.06741573033707865
18	0.06666666666666667
19	0.06593406593406594
20	0.06521739130434782
21	0.06451612903225806
22	0.06382978723404255
23	0.06315789473684211
24	0.0625
25	0.06185567010309278
