1	0.07999999999999999
2	0.07692307692307693
3	0.07407407407407407
4	0.07142857142857142
5	0.13793103448275862
6	0.13333333333333333
7	0.12903225806451613
8	0.125
9	0.12121212121212122
10	0.11764705882352941
11	0.1142857142857143
12	0.1111111111111111
13	0.10810810810810811
14	0.10526315789473685
15	0.10256410256410255
16	0.1
17	0.09756097560975609
18	0.09523809523809525
19	0.0930232558139535
20	0.0909090909090909
21	0.08888888888888889
22	0.08695652173913043
23	0.0851063829787234
24	0.08333333333333333
25	0.08163265306122448
