1	0.06666666666666667
2	0.12903225806451613
3	0.125
4	0.1212121212121212
5	0.1176470588235294
6	0.1142857142857143
7	0.1111111111111111
8	0.16216216216216217
9	0.15789473684210528
10	0.15384615384615385
11	0.15
12	0.1951219512195122
13	0.1904761904761905
14	0.18604651162790697
15	0.18181818181818182
16	0.17777777777777778
17	0.17391304347826086
18	0.1702127659574468
19	0.16666666666666666
20	0.16326530612244897
21	0.16
22	0.1568627450980392
23	0.15384615384615385
24	0.1509433962264151
25	0.14814814814814817
