1	0.10526315789473684
2	0.09999999999999999
3	0.1904761904761905
4	0.1818181818181818
5	0.1739130434782609
6	0.16666666666666666
7	0.16
8	0.23076923076923078
9	0.2222222222222222
10	0.21428571428571427
11	0.27586206896551724
12	0.26666666666666666
13	0.3225806451612903
14	0.31250000000000006
15	0.303030303030303
16	0.29411764705882354
17	0.28571428571428575
18	0.3333333333333333
19	0.3243243243243243
20	0.3157894736842105
21	0.30769230769230765
22	0.35000000000000003
23	0.34146341463414637
24	0.380952380952381
25	0.37209302325581395
