1	0.06451612903225806
2	0.125
3	0.1212121212121212
4	0.17647058823529416
5	0.17142857142857143
6	0.16666666666666669
7	0.16216216216216217
8	0.15789473684210528
9	0.20512820512820512
10	0.25
11	0.2439024390243902
12	0.28571428571428575
13	0.27906976744186046
14	0.27272727272727276
15	0.31111111111111117
16	0.3043478260869565
17	0.2978723404255319
18	0.33333333333333337
19	0.326530612244898
20	0.32
21	0.3137254901960784
22	0.30769230769230765
23	0.30188679245283023
24	0.2962962962962963
25	0.2909090909090909
