1	0.09523809523809523
2	0.18181818181818182
3	0.1739130434782609
4	0.16666666666666669
5	0.16000000000000003
6	0.15384615384615383
7	0.14814814814814817
8	0.14285714285714288
9	0.20689655172413793
10	0.2
11	0.19354838709677416
12	0.25
13	0.30303030303030304
14	0.2941176470588235
15	0.34285714285714286
16	0.33333333333333326
17	0.3243243243243243
18	0.3157894736842105
19	0.3076923076923077
20	0.3
21	0.2926829268292683
22	0.28571428571428564
23	0.27906976744186046
24	0.2727272727272727
25	0.3111111111111111
