0.5
0.4615384615384615
0.12500000000000003
0.16666666666666666
0.0
0.20000000000000004
0.15384615384615385
0.20000000000000004
0.0
0.04444444444444445
0.22222222222222224
0.3333333333333333
0.16666666666666666
0.21052631578947364
0.16666666666666666
0.15384615384615385
0.22222222222222224
0.07547169811320754
0.4444444444444445
0.21052631578947364
0.1818181818181818
0.5454545454545454
0.1818181818181818
0.20000000000000004
0.23529411764705882
0.22222222222222224
0.15384615384615385
0.22222222222222224
0.21052631578947364
0.07142857142857142
0.4000000000000001
0.0
0.17142857142857143
0.20689655172413793
0.16666666666666666
0.6
0.21052631578947364
0.22222222222222224
0.23529411764705882
0.3333333333333333
0.13333333333333333
0.049999999999999996
0.20000000000000004
0.2222222222222222
0.10526315789473682
0.0
0.2857142857142857
0.12000000000000001
0.0
0.22222222222222224
0.0
0.0
0.16666666666666666
0.06666666666666667
0.0
0.5454545454545454
0.3
0.1818181818181818
0.13333333333333333
0.22222222222222224
0.4615384615384615
0.26666666666666666
0.4166666666666667
0.0
0.6
0.15384615384615385
0.09999999999999999
0.4444444444444445
0.0
0.6153846153846154
0.1739130434782609
0.0
0.08695652173913045
0.20000000000000004
0.15384615384615385
0.4615384615384615
0.0
0.25000000000000006
0.16666666666666666
0.0
0.1111111111111111
0.16666666666666666
0.0
0.21052631578947364
0.0
0.11764705882352941
0.12500000000000003
0.3333333333333333
0.16666666666666666
0.3636363636363636
0.1395348837209302
0.3333333333333333
0.2857142857142857
0.1111111111111111
0.19047619047619047
0.0
0.09302325581395349
0.47058823529411764
0.13333333333333333
0.4444444444444445
0.0
0.10526315789473682
0.6666666666666665
0.0
0.14285714285714285
0.2
0.3636363636363636
0.23529411764705882
0.13333333333333333
0.26666666666666666
0.11320754716981132
0.1818181818181818
0.08695652173913045
0.0
0.22222222222222224
0.3333333333333333
0.1818181818181818
0.051948051948051945
0.22222222222222224
0.47058823529411764
0.15384615384615385
0.0
0.1818181818181818
0.4
0.06779661016949153
0.20000000000000004
0.22222222222222224
0.23529411764705882
0.3076923076923077
0.4000000000000001
0.13333333333333333
0.14285714285714285
0.4000000000000001
0.07142857142857142
0.041666666666666664
0.25000000000000006
0.26666666666666666
0.3636363636363636
0.4000000000000001
0.14285714285714285
0.0
0.35294117647058826
0.16000000000000003
0.09090909090909091
0.20000000000000004
0.16666666666666666
0.3333333333333333
0.3636363636363636
0.22222222222222224
0.4444444444444445
0.0
0.1818181818181818
0.12500000000000003
0.15384615384615385
0.20000000000000004
0.1818181818181818
0.09999999999999999
0.2857142857142857
0.09302325581395349
0.1818181818181818
0.4000000000000001
0.14285714285714285
0.2222222222222222
0.35294117647058826
0.42857142857142855
0.4000000000000001
0.0
0.14285714285714285
0.14285714285714285
0.4615384615384615
0.1818181818181818
0.4444444444444445
0.14634146341463414
0.23529411764705882
0.21052631578947364
0.3157894736842105
0.14285714285714285
0.20000000000000004
0.06666666666666667
0.3333333333333333
0.4444444444444445
0.0
0.0
0.1818181818181818
0.37499999999999994
0.20000000000000004
0.15384615384615385
0.1818181818181818
0.0
0.1818181818181818
0.08695652173913045
0.20000000000000004
0.08695652173913045
0.2608695652173913
0.4000000000000001
0.4000000000000001
0.25
0.4000000000000001
0.3333333333333333
0.3636363636363636
0.11764705882352941
0.14814814814814814
0.1818181818181818
0.05714285714285715
0.1
0.0
0.3333333333333333
0.13333333333333333
0.2727272727272727
0.1176470588235294
0.0
0.20000000000000004
0.0
0.12500000000000003
0.16666666666666666
0.0625
0.22222222222222224
0.4000000000000001
0.2857142857142857
0.3333333333333333
0.20000000000000004
0.0784313725490196
0.0
0.0
0.11764705882352941
0.0588235294117647
0.0
0.4444444444444445
0.0
0.26666666666666666
0.0
0.24242424242424243
0.4444444444444445
0.25000000000000006
0.15384615384615385
0.2727272727272727
0.14285714285714285
0.2702702702702703
0.4000000000000001
0.07692307692307693
0.0
0.20000000000000004
0.12500000000000003
0.3636363636363636
0.13333333333333333
0.0
0.22222222222222224
0.3076923076923077
0.0
0.1739130434782609
0.22222222222222224
0.16666666666666666
0.20000000000000004
0.15384615384615385
0.22222222222222224
0.20000000000000004
0.5454545454545454
0.4
0.11764705882352941
0.4000000000000001
0.16666666666666666
0.16666666666666666
0.0
0.3
0.3076923076923077
0.22222222222222224
0.3076923076923077
0.13333333333333333
0.22222222222222224
0.0
0.3076923076923077
0.12500000000000003
0.1818181818181818
0.22222222222222224
0.4000000000000001
0.0
0.22222222222222224
0.2857142857142857
0.21052631578947364
0.4
0.20000000000000004
0.047619047619047616
0.12500000000000003
0.3333333333333333
0.1111111111111111
0.22222222222222224
0.1818181818181818
0.20000000000000004
0.1818181818181818
0.2222222222222222
0.23529411764705882
0.3636363636363636
0.23529411764705882
0.13333333333333333
0.052631578947368425
0.16666666666666666
0.1
0.0
0.13333333333333333
0.2857142857142857
0.25000000000000006
0.1176470588235294
0.42857142857142855
0.0
0.0909090909090909
0.4615384615384615
0.0
0.1818181818181818
0.1111111111111111
0.21052631578947364
0.22222222222222224
0.13793103448275862
0.4444444444444445
0.1818181818181818
0.2727272727272727
0.0
0.0
0.5454545454545454
0.22222222222222224
0.3076923076923077
0.42857142857142855
0.25000000000000006
0.21428571428571427
0.4000000000000001
0.16666666666666666
0.22222222222222224
0.20689655172413793
0.10256410256410256
0.4444444444444445
0.0
0.4000000000000001
0.3076923076923077
0.3636363636363636
0.20000000000000004
0.5
0.4444444444444445
0.0392156862745098
0.09302325581395349
0.4444444444444445
0.0
0.22222222222222224
0.22222222222222218
0.20000000000000004
0.4000000000000001
0.25000000000000006
0.22222222222222224
0.09523809523809523
0.13636363636363635
0.35294117647058826
0.2962962962962963
0.06666666666666667
0.20000000000000004
0.3
0.15384615384615385
0.20000000000000004
0.2608695652173913
0.26666666666666666
0.2222222222222222
0.22222222222222218
0.16666666666666666
0.6666666666666665
0.1739130434782609
0.4444444444444445
0.14285714285714285
0.19047619047619047
0.19047619047619047
0.22222222222222224
0.125
0.16666666666666666
0.15384615384615385
0.10526315789473682
0.26666666666666666
0.3076923076923077
0.0
0.15384615384615385
0.1111111111111111
0.2857142857142857
0.12500000000000003
0.20000000000000004
0.22222222222222224
0.1
0.22222222222222224
0.21052631578947364
0.0
0.20000000000000004
0.21052631578947364
0.20000000000000004
0.1818181818181818
0.13333333333333333
0.11764705882352941
0.16666666666666666
0.1818181818181818
0.23529411764705882
0.3157894736842105
0.0
0.1818181818181818
0.21052631578947364
0.0
0.3333333333333333
0.3157894736842105
0.16666666666666666
0.3333333333333333
0.0
0.16666666666666666
0.20000000000000004
0.37499999999999994
0.14285714285714285
0.4000000000000001
0.16000000000000003
0.4444444444444444
0.1818181818181818
0.0
0.14285714285714285
0.0
0.19047619047619047
0.05405405405405406
0.20000000000000004
0.23529411764705882
0.26666666666666666
0.20000000000000004
0.2
0.3636363636363636
0.25000000000000006
0.20000000000000004
0.0
0.12500000000000003
0.3636363636363636
0.20000000000000004
0.14285714285714285
0.20512820512820512
0.16000000000000003
0.23529411764705882
0.4000000000000001
0.09999999999999999
0.16666666666666666
0.15384615384615385
0.4210526315789473
0.2
0.0
0.14285714285714285
0.1176470588235294
0.4000000000000001
0.12500000000000003
0.12500000000000003
0.20000000000000004
0.25000000000000006
0.12500000000000003
0.3
0.1
0.12500000000000003
0.6
0.25
0.14814814814814814
0.4615384615384615
0.3636363636363636
0.33333333333333337
0.22222222222222224
0.15384615384615385
0.2857142857142857
0.3076923076923077
0.2608695652173913
0.20000000000000004
0.0
0.0
0.22222222222222224
0.3333333333333333
0.20000000000000004
0.3333333333333333
0.35294117647058826
0.1818181818181818
0.4444444444444445
0.26666666666666666
0.2222222222222222
0.1818181818181818
0.16666666666666666
0.14285714285714285
0.125
0.3076923076923077
0.07407407407407407
0.20000000000000004
0.15384615384615385
0.42857142857142855
0.4000000000000001
0.07017543859649124
0.23529411764705882
0.2
0.1111111111111111
0.0
0.16666666666666666
0.35294117647058826
0.25000000000000006
0.1739130434782609
0.20000000000000004
0.16666666666666666
0.3636363636363636
0.3076923076923077
0.20000000000000004
0.0
0.5333333333333333
0.2
0.2857142857142857
0.2222222222222222
0.4000000000000001
0.3636363636363636
0.4
0.1818181818181818
0.3157894736842105
0.12903225806451613
0.4000000000000001
0.049999999999999996
0.3333333333333333
0.25000000000000006
0.0
0.3636363636363636
0.13333333333333333
0.0
0.3076923076923077
0.2222222222222222
0.3076923076923077
0.23529411764705882
