1	0.10526315789473684
2	0.09999999999999999
3	0.09523809523809525
4	0.0909090909090909
5	0.08695652173913045
6	0.08333333333333333
7	0.08
8	0.07692307692307691
9	0.07407407407407407
10	0.07142857142857142
11	0.06896551724137931
12	0.06666666666666667
13	0.06451612903225808
14	0.0625
15	0.0606060606060606
16	0.058823529411764705
17	0.05714285714285714
18	0.05555555555555555
19	0.05405405405405406
20	0.052631578947368425
21	0.05128205128205128
22	0.049999999999999996
23	0.04878048780487805
24	0.04761904761904762
25	0.046511627906976744
