1	0.05405405405405406
2	0.10526315789473684
3	0.15384615384615385
4	0.15
5	0.14634146341463414
6	0.14285714285714285
7	0.13953488372093023
8	0.13636363636363638
9	0.13333333333333333
10	0.13043478260869565
11	0.1276595744680851
12	0.125
13	0.12244897959183675
14	0.12
15	0.1568627450980392
16	0.15384615384615383
17	0.1509433962264151
18	0.14814814814814814
19	0.14545454545454545
20	0.14285714285714285
21	0.14035087719298245
22	0.13793103448275862
23	0.13559322033898305
24	0.13333333333333333
25	0.13114754098360656
