1	0.16666666666666669
2	0.15384615384615385
3	0.14285714285714288
4	0.13333333333333333
5	0.12500000000000003
6	0.11764705882352942
7	0.1111111111111111
8	0.10526315789473685
9	0.09999999999999999
10	0.1904761904761905
11	0.18181818181818182
12	0.17391304347826086
13	0.16666666666666669
14	0.16
15	0.15384615384615383
16	0.14814814814814814
17	0.14285714285714285
18	0.13793103448275862
19	0.19999999999999998
20	0.19354838709677416
21	0.25
22	0.24242424242424246
23	0.2352941176470588
24	0.28571428571428575
25	0.2777777777777778
