1	0.0
2	0.09999999999999999
3	0.09523809523809525
4	0.0909090909090909
5	0.08695652173913045
6	0.08333333333333333
7	0.08
8	0.07692307692307691
9	0.07407407407407407
10	0.07142857142857142
11	0.06896551724137931
12	0.06666666666666667
13	0.06451612903225808
14	0.0625
15	0.0606060606060606
16	0.11764705882352941
17	0.11428571428571428
18	0.1111111111111111
19	0.10810810810810811
20	0.10526315789473685
21	0.10256410256410256
22	0.09999999999999999
23	0.0975609756097561
24	0.14285714285714288
25	0.13953488372093023
