1	0.0
2	0.05
3	0.048780487804878044
4	0.04761904761904762
5	0.09302325581395349
6	0.13636363636363635
7	0.13333333333333333
8	0.13043478260869565
9	0.12765957446808512
10	0.125
11	0.12244897959183672
12	0.11999999999999998
13	0.1568627450980392
14	0.15384615384615385
15	0.18867924528301885
16	0.18518518518518517
17	0.1818181818181818
18	0.17857142857142858
19	0.21052631578947367
20	0.20689655172413793
21	0.2033898305084746
22	0.19999999999999998
23	0.19672131147540983
24	0.1935483870967742
25	0.19047619047619047
