1	0.04347826086956522
2	0.0851063829787234
3	0.125
4	0.12244897959183675
5	0.12000000000000001
6	0.11764705882352941
7	0.11538461538461539
8	0.1509433962264151
9	0.14814814814814814
10	0.1818181818181818
11	0.17857142857142855
12	0.17543859649122806
13	0.20689655172413796
14	0.23728813559322035
15	0.26666666666666666
16	0.2950819672131148
17	0.2903225806451613
18	0.28571428571428575
19	0.3125
20	0.30769230769230765
21	0.30303030303030304
22	0.29850746268656714
23	0.29411764705882354
24	0.31884057971014496
25	0.3142857142857143
