1	0.07407407407407407
2	0.14285714285714288
3	0.13793103448275862
4	0.13333333333333336
5	0.12903225806451613
6	0.125
7	0.12121212121212123
8	0.1764705882352941
9	0.17142857142857146
10	0.16666666666666669
11	0.16216216216216214
12	0.15789473684210525
13	0.20512820512820515
14	0.2
15	0.1951219512195122
16	0.1904761904761905
17	0.186046511627907
18	0.18181818181818185
19	0.2222222222222222
20	0.2173913043478261
21	0.21276595744680848
22	0.20833333333333331
23	0.20408163265306123
24	0.2
25	0.19607843137254902
