1	0.14285714285714288
2	0.13333333333333336
3	0.125
4	0.11764705882352941
5	0.1111111111111111
6	0.10526315789473684
7	0.1
8	0.1904761904761905
9	0.18181818181818185
10	0.17391304347826086
11	0.16666666666666669
12	0.24000000000000002
13	0.23076923076923078
14	0.22222222222222224
15	0.21428571428571427
16	0.20689655172413793
17	0.26666666666666666
18	0.2580645161290323
19	0.25
20	0.30303030303030304
21	0.2941176470588235
22	0.2857142857142857
23	0.27777777777777773
24	0.2702702702702703
25	0.2631578947368421
