1	0.18181818181818182
2	0.16666666666666669
3	0.30769230769230765
4	0.4285714285714285
5	0.4
6	0.37499999999999994
7	0.3529411764705882
8	0.33333333333333326
9	0.3157894736842105
10	0.4000000000000001
11	0.380952380952381
12	0.3636363636363636
13	0.34782608695652173
14	0.3333333333333333
15	0.32
16	0.3076923076923077
17	0.29629629629629634
18	0.2857142857142857
19	0.27586206896551724
20	0.3333333333333333
21	0.3225806451612903
22	0.37499999999999994
23	0.36363636363636365
24	0.35294117647058826
25	0.34285714285714286
