1	0.05555555555555556
2	0.05405405405405405
3	0.10526315789473684
4	0.10256410256410256
5	0.09999999999999999
6	0.09756097560975609
7	0.09523809523809522
8	0.09302325581395347
9	0.0909090909090909
10	0.08888888888888888
11	0.08695652173913043
12	0.0851063829787234
13	0.08333333333333333
14	0.08163265306122448
15	0.12000000000000001
16	0.11764705882352938
17	0.11538461538461539
18	0.1509433962264151
19	0.14814814814814814
20	0.14545454545454545
21	0.14285714285714285
22	0.14035087719298245
23	0.13793103448275862
24	0.13559322033898305
25	0.13333333333333333
