1	0.16666666666666669
2	0.15384615384615385
3	0.14285714285714288
4	0.26666666666666666
5	0.25000000000000006
6	0.23529411764705885
7	0.33333333333333326
8	0.3157894736842105
9	0.3
10	0.28571428571428564
11	0.36363636363636365
12	0.34782608695652173
13	0.33333333333333337
14	0.32
15	0.30769230769230765
16	0.2962962962962963
17	0.2857142857142857
18	0.27586206896551724
19	0.26666666666666666
20	0.25806451612903225
21	0.25
22	0.24242424242424246
23	0.2352941176470588
24	0.2285714285714286
25	0.2777777777777778
