1	0.08695652173913045
2	0.16666666666666669
3	0.16
4	0.23076923076923075
5	0.22222222222222218
6	0.21428571428571427
7	0.27586206896551724
8	0.26666666666666666
9	0.2580645161290322
10	0.25000000000000006
11	0.24242424242424246
12	0.29411764705882354
13	0.2857142857142857
14	0.2777777777777778
15	0.27027027027027023
16	0.2631578947368421
17	0.25641025641025644
18	0.25
19	0.2926829268292683
20	0.28571428571428564
21	0.3255813953488372
22	0.36363636363636365
23	0.3555555555555555
24	0.34782608695652173
25	0.3404255319148936
