1	0.16666666666666669
2	0.15384615384615385
3	0.14285714285714288
4	0.13333333333333333
5	0.12500000000000003
6	0.11764705882352942
7	0.1111111111111111
8	0.10526315789473685
9	0.09999999999999999
10	0.09523809523809525
11	0.09090909090909091
12	0.08695652173913043
13	0.08333333333333334
14	0.08
15	0.07692307692307691
16	0.07407407407407407
17	0.14285714285714285
18	0.13793103448275862
19	0.13333333333333333
20	0.12903225806451613
21	0.125
22	0.1818181818181818
23	0.1764705882352941
24	0.17142857142857143
25	0.16666666666666666
