1	0.11764705882352941
2	0.2222222222222222
3	0.21052631578947367
4	0.2
5	0.19047619047619047
6	0.18181818181818182
7	0.26086956521739124
8	0.3333333333333333
9	0.39999999999999997
10	0.38461538461538464
11	0.3703703703703703
12	0.35714285714285715
13	0.3448275862068966
14	0.39999999999999997
15	0.45161290322580644
16	0.5
17	0.48484848484848486
18	0.47058823529411764
19	0.45714285714285713
20	0.4444444444444445
21	0.4324324324324324
22	0.47368421052631576
23	0.46153846153846156
24	0.45
25	0.43902439024390244
