1	0.18181818181818182
2	0.33333333333333337
3	0.30769230769230765
4	0.28571428571428575
5	0.26666666666666666
6	0.25
7	0.23529411764705882
8	0.22222222222222224
9	0.3157894736842105
10	0.3
11	0.28571428571428564
12	0.2727272727272727
13	0.2608695652173913
14	0.25
15	0.24
16	0.23076923076923075
17	0.22222222222222224
18	0.2857142857142857
19	0.27586206896551724
20	0.26666666666666666
21	0.25806451612903225
22	0.25000000000000006
23	0.24242424242424243
24	0.23529411764705882
25	0.22857142857142856
