1	0.03773584905660378
2	0.037037037037037035
3	0.07272727272727274
4	0.07142857142857144
5	0.07017543859649124
6	0.06896551724137931
7	0.10169491525423728
8	0.13333333333333336
9	0.1311475409836066
10	0.16129032258064518
11	0.19047619047619047
12	0.1875
13	0.2153846153846154
14	0.21212121212121213
15	0.208955223880597
16	0.23529411764705882
17	0.23188405797101452
18	0.2571428571428571
19	0.28169014084507044
20	0.2777777777777778
21	0.273972602739726
22	0.29729729729729726
23	0.29333333333333333
24	0.2894736842105263
25	0.3116883116883117
