1	0.13333333333333333
2	0.125
3	0.23529411764705882
4	0.22222222222222224
5	0.21052631578947364
6	0.2
7	0.19047619047619047
8	0.18181818181818182
9	0.2608695652173913
10	0.3333333333333333
11	0.32
12	0.30769230769230765
13	0.29629629629629634
14	0.2857142857142857
15	0.3448275862068965
16	0.3333333333333333
17	0.3870967741935484
18	0.43750000000000006
19	0.4242424242424242
20	0.4117647058823529
21	0.4571428571428571
22	0.5000000000000001
23	0.4864864864864865
24	0.4736842105263159
25	0.4615384615384615
