1	0.0
2	0.0
3	0.05714285714285714
4	0.05555555555555555
5	0.05405405405405406
6	0.10526315789473684
7	0.10256410256410256
8	0.15
9	0.14634146341463417
10	0.19047619047619047
11	0.18604651162790697
12	0.22727272727272727
13	0.22222222222222224
14	0.21739130434782608
15	0.2127659574468085
16	0.20833333333333334
17	0.20408163265306123
18	0.19999999999999998
19	0.19607843137254902
20	0.19230769230769232
21	0.18867924528301888
22	0.18518518518518515
23	0.18181818181818182
24	0.21428571428571427
25	0.21052631578947367
