1	0.15384615384615385
2	0.2857142857142857
3	0.26666666666666666
4	0.375
5	0.35294117647058826
6	0.3333333333333333
7	0.3157894736842105
8	0.4
9	0.380952380952381
10	0.3636363636363636
11	0.34782608695652173
12	0.3333333333333333
13	0.32
14	0.3846153846153846
15	0.3703703703703704
16	0.35714285714285715
17	0.3448275862068966
18	0.33333333333333337
19	0.3870967741935484
20	0.37499999999999994
21	0.36363636363636365
22	0.3529411764705882
23	0.3428571428571428
24	0.3333333333333333
25	0.32432432432432434
