1	0.07142857142857142
2	0.06896551724137931
3	0.13333333333333333
4	0.12903225806451613
5	0.125
6	0.12121212121212122
7	0.11764705882352941
8	0.11428571428571428
9	0.1111111111111111
10	0.10810810810810811
11	0.15789473684210525
12	0.15384615384615383
13	0.15
14	0.14634146341463417
15	0.14285714285714285
16	0.13953488372093023
17	0.13636363636363638
18	0.13333333333333333
19	0.17391304347826086
20	0.1702127659574468
21	0.16666666666666666
22	0.16326530612244897
23	0.15999999999999998
24	0.15686274509803924
25	0.15384615384615383
