1	0.05
2	0.048780487804878044
3	0.09523809523809523
4	0.09302325581395347
5	0.13636363636363635
6	0.13333333333333336
7	0.17391304347826086
8	0.1702127659574468
9	0.16666666666666666
10	0.163265306122449
11	0.16
12	0.15686274509803919
13	0.15384615384615385
14	0.18867924528301885
15	0.18518518518518517
16	0.1818181818181818
17	0.17857142857142858
18	0.21052631578947367
19	0.20689655172413793
20	0.2033898305084746
21	0.2
22	0.19672131147540986
23	0.22580645161290322
24	0.25396825396825395
25	0.25
