1	0.05
2	0.09756097560975609
3	0.09523809523809523
4	0.09302325581395347
5	0.09090909090909091
6	0.08888888888888889
7	0.08695652173913043
8	0.0851063829787234
9	0.125
10	0.12244897959183675
11	0.16
12	0.15686274509803919
13	0.15384615384615385
14	0.18867924528301885
15	0.18518518518518517
16	0.1818181818181818
17	0.17857142857142858
18	0.17543859649122806
19	0.17241379310344826
20	0.1694915254237288
21	0.16666666666666666
22	0.16393442622950816
23	0.16129032258064516
24	0.1904761904761905
25	0.18750000000000003
