1	0.1111111111111111
2	0.10526315789473684
3	0.1
4	0.09523809523809523
5	0.0909090909090909
6	0.08695652173913045
7	0.08333333333333333
8	0.15999999999999998
9	0.15384615384615383
10	0.22222222222222224
11	0.2857142857142857
12	0.3448275862068966
13	0.33333333333333337
14	0.3225806451612903
15	0.3125
16	0.30303030303030304
17	0.29411764705882354
18	0.34285714285714286
19	0.33333333333333337
20	0.3243243243243243
21	0.31578947368421056
22	0.30769230769230765
23	0.35
24	0.34146341463414637
25	0.3333333333333333
