1	0.18181818181818182
2	0.33333333333333337
3	0.30769230769230765
4	0.28571428571428575
5	0.26666666666666666
6	0.25
7	0.23529411764705882
8	0.22222222222222224
9	0.2105263157894737
10	0.20000000000000004
11	0.1904761904761905
12	0.1818181818181818
13	0.17391304347826086
14	0.16666666666666666
15	0.16
16	0.15384615384615385
17	0.14814814814814817
18	0.14285714285714285
19	0.13793103448275862
20	0.13333333333333333
21	0.12903225806451613
22	0.12500000000000003
23	0.12121212121212122
24	0.11764705882352941
25	0.11428571428571428
