1	0.0	0.0
2	0.038461538461538464	0.5
3	0.07692307692307693	0.6666666666666666
4	0.07692307692307693	0.5
5	0.07692307692307693	0.4
6	0.07692307692307693	0.3333333333333333
7	0.07692307692307693	0.2857142857142857
8	0.07692307692307693	0.25
9	0.07692307692307693	0.2222222222222222
10	0.07692307692307693	0.2
11	0.07692307692307693	0.18181818181818182
12	0.07692307692307693	0.16666666666666666
13	0.07692307692307693	0.15384615384615385
14	0.07692307692307693	0.14285714285714285
15	0.11538461538461539	0.2
16	0.15384615384615385	0.25
17	0.15384615384615385	0.23529411764705882
18	0.15384615384615385	0.2222222222222222
19	0.15384615384615385	0.21052631578947367
20	0.15384615384615385	0.2
21	0.15384615384615385	0.19047619047619047
22	0.19230769230769232	0.22727272727272727
23	0.19230769230769232	0.21739130434782608
24	0.19230769230769232	0.20833333333333334
25	0.19230769230769232	0.2
