1	0.1111111111111111	1.0
2	0.1111111111111111	0.5
3	0.1111111111111111	0.3333333333333333
4	0.1111111111111111	0.25
5	0.1111111111111111	0.2
6	0.1111111111111111	0.16666666666666666
7	0.1111111111111111	0.14285714285714285
8	0.1111111111111111	0.125
9	0.2222222222222222	0.2222222222222222
10	0.2222222222222222	0.2
11	0.2222222222222222	0.18181818181818182
12	0.2222222222222222	0.16666666666666666
13	0.2222222222222222	0.15384615384615385
14	0.2222222222222222	0.14285714285714285
15	0.3333333333333333	0.2
16	0.3333333333333333	0.1875
17	0.3333333333333333	0.17647058823529413
18	0.3333333333333333	0.16666666666666666
19	0.4444444444444444	0.21052631578947367
20	0.4444444444444444	0.2
21	0.4444444444444444	0.19047619047619047
22	0.4444444444444444	0.18181818181818182
23	0.5555555555555556	0.21739130434782608
24	0.5555555555555556	0.20833333333333334
25	0.5555555555555556	0.2
