1	0.058823529411764705	1.0
2	0.11764705882352941	1.0
3	0.11764705882352941	0.6666666666666666
4	0.11764705882352941	0.5
5	0.17647058823529413	0.6
6	0.17647058823529413	0.5
7	0.17647058823529413	0.42857142857142855
8	0.17647058823529413	0.375
9	0.17647058823529413	0.3333333333333333
10	0.17647058823529413	0.3
11	0.17647058823529413	0.2727272727272727
12	0.17647058823529413	0.25
13	0.23529411764705882	0.3076923076923077
14	0.29411764705882354	0.35714285714285715
15	0.29411764705882354	0.3333333333333333
16	0.29411764705882354	0.3125
17	0.29411764705882354	0.29411764705882354
18	0.29411764705882354	0.2777777777777778
19	0.35294117647058826	0.3157894736842105
20	0.35294117647058826	0.3
21	0.35294117647058826	0.2857142857142857
22	0.35294117647058826	0.2727272727272727
23	0.4117647058823529	0.30434782608695654
24	0.4117647058823529	0.2916666666666667
25	0.4117647058823529	0.28
