1	0.0	0.0
2	0.0	0.0
3	0.0	0.0
4	0.0	0.0
5	0.0	0.0
6	0.0	0.0
7	0.0	0.0
8	0.0	0.0
9	0.012048192771084338	0.1111111111111111
10	0.012048192771084338	0.1
11	0.012048192771084338	0.09090909090909091
12	0.024096385542168676	0.16666666666666666
13	0.024096385542168676	0.15384615384615385
14	0.03614457831325301	0.21428571428571427
15	0.03614457831325301	0.2
16	0.03614457831325301	0.1875
17	0.03614457831325301	0.17647058823529413
18	0.04819277108433735	0.2222222222222222
19	0.060240963855421686	0.2631578947368421
20	0.07228915662650602	0.3
21	0.08433734939759036	0.3333333333333333
22	0.08433734939759036	0.3181818181818182
23	0.08433734939759036	0.30434782608695654
24	0.0963855421686747	0.3333333333333333
25	0.10843373493975904	0.36
