1	0.006944444444444444	1.0
2	0.013888888888888888	1.0
3	0.013888888888888888	0.6666666666666666
4	0.020833333333333332	0.75
5	0.027777777777777776	0.8
6	0.027777777777777776	0.6666666666666666
7	0.034722222222222224	0.7142857142857143
8	0.034722222222222224	0.625
9	0.034722222222222224	0.5555555555555556
10	0.034722222222222224	0.5
11	0.034722222222222224	0.45454545454545453
12	0.034722222222222224	0.4166666666666667
13	0.034722222222222224	0.38461538461538464
14	0.034722222222222224	0.35714285714285715
15	0.034722222222222224	0.3333333333333333
16	0.041666666666666664	0.375
17	0.041666666666666664	0.35294117647058826
18	0.041666666666666664	0.3333333333333333
19	0.04861111111111111	0.3684210526315789
20	0.05555555555555555	0.4
21	0.05555555555555555	0.38095238095238093
22	0.0625	0.4090909090909091
23	0.06944444444444445	0.43478260869565216
24	0.06944444444444445	0.4166666666666667
25	0.06944444444444445	0.4
