1	0.015873015873015872	1.0
2	0.031746031746031744	1.0
3	0.047619047619047616	1.0
4	0.047619047619047616	0.75
5	0.047619047619047616	0.6
6	0.047619047619047616	0.5
7	0.047619047619047616	0.42857142857142855
8	0.047619047619047616	0.375
9	0.06349206349206349	0.4444444444444444
10	0.07936507936507936	0.5
11	0.07936507936507936	0.45454545454545453
12	0.07936507936507936	0.4166666666666667
13	0.07936507936507936	0.38461538461538464
14	0.07936507936507936	0.35714285714285715
15	0.09523809523809523	0.4
16	0.1111111111111111	0.4375
17	0.12698412698412698	0.47058823529411764
18	0.14285714285714285	0.5
19	0.15873015873015872	0.5263157894736842
20	0.15873015873015872	0.5
21	0.15873015873015872	0.47619047619047616
22	0.1746031746031746	0.5
23	0.1746031746031746	0.4782608695652174
24	0.19047619047619047	0.5
25	0.19047619047619047	0.48
