1	0.0	0.0
2	0.0	0.0
3	0.0	0.0
4	0.0	0.0
5	0.0	0.0
6	0.0	0.0
7	0.0	0.0
8	0.0196078431372549	0.125
9	0.0196078431372549	0.1111111111111111
10	0.0392156862745098	0.2
11	0.0392156862745098	0.18181818181818182
12	0.058823529411764705	0.25
13	0.0784313725490196	0.3076923076923077
14	0.0784313725490196	0.2857142857142857
15	0.09803921568627451	0.3333333333333333
16	0.09803921568627451	0.3125
17	0.11764705882352941	0.35294117647058826
18	0.11764705882352941	0.3333333333333333
19	0.13725490196078433	0.3684210526315789
20	0.13725490196078433	0.35
21	0.13725490196078433	0.3333333333333333
22	0.13725490196078433	0.3181818181818182
23	0.13725490196078433	0.30434782608695654
24	0.13725490196078433	0.2916666666666667
25	0.1568627450980392	0.32
