1	0.0	0.0
2	0.0	0.0
3	0.0	0.0
4	0.0	0.0
5	0.0	0.0
6	0.0	0.0
7	0.0	0.0
8	0.0	0.0
9	0.0	0.0
10	0.0	0.0
11	0.0	0.0
12	0.0	0.0
13	0.02564102564102564	0.07692307692307693
14	0.02564102564102564	0.07142857142857142
15	0.02564102564102564	0.06666666666666667
16	0.02564102564102564	0.0625
17	0.02564102564102564	0.058823529411764705
18	0.05128205128205128	0.1111111111111111
19	0.05128205128205128	0.10526315789473684
20	0.05128205128205128	0.1
21	0.05128205128205128	0.09523809523809523
22	0.07692307692307693	0.13636363636363635
23	0.07692307692307693	0.13043478260869565
24	0.07692307692307693	0.125
25	0.07692307692307693	0.12
