1	0.0	0.0
2	0.0	0.0
3	0.0	0.0
4	0.0	0.0
5	0.0	0.0
6	0.0	0.0
7	0.03571428571428571	0.14285714285714285
8	0.03571428571428571	0.125
9	0.03571428571428571	0.1111111111111111
10	0.03571428571428571	0.1
11	0.03571428571428571	0.09090909090909091
12	0.03571428571428571	0.08333333333333333
13	0.03571428571428571	0.07692307692307693
14	0.07142857142857142	0.14285714285714285
15	0.07142857142857142	0.13333333333333333
16	0.07142857142857142	0.125
17	0.10714285714285714	0.17647058823529413
18	0.10714285714285714	0.16666666666666666
19	0.10714285714285714	0.15789473684210525
20	0.10714285714285714	0.15
21	0.14285714285714285	0.19047619047619047
22	0.17857142857142858	0.22727272727272727
23	0.17857142857142858	0.21739130434782608
24	0.17857142857142858	0.20833333333333334
25	0.21428571428571427	0.24
