1	0.1	1.0
2	0.2	1.0
3	0.2	0.6666666666666666
4	0.2	0.5
5	0.2	0.4
6	0.2	0.3333333333333333
7	0.3	0.42857142857142855
8	0.3	0.375
9	0.3	0.3333333333333333
10	0.3	0.3
11	0.3	0.2727272727272727
12	0.3	0.25
13	0.3	0.23076923076923078
14	0.3	0.21428571428571427
15	0.4	0.26666666666666666
16	0.5	0.3125
17	0.5	0.29411764705882354
18	0.5	0.2777777777777778
19	0.6	0.3157894736842105
20	0.6	0.3
21	0.6	0.2857142857142857
22	0.6	0.2727272727272727
23	0.7	0.30434782608695654
24	0.7	0.2916666666666667
25	0.7	0.28
