1	0.05555555555555555	1.0
2	0.1111111111111111	1.0
3	0.1111111111111111	0.6666666666666666
4	0.1111111111111111	0.5
5	0.1111111111111111	0.4
6	0.1111111111111111	0.3333333333333333
7	0.1111111111111111	0.2857142857142857
8	0.1111111111111111	0.25
9	0.1111111111111111	0.2222222222222222
10	0.1111111111111111	0.2
11	0.1111111111111111	0.18181818181818182
12	0.1111111111111111	0.16666666666666666
13	0.1111111111111111	0.15384615384615385
14	0.1111111111111111	0.14285714285714285
15	0.1111111111111111	0.13333333333333333
16	0.16666666666666666	0.1875
17	0.16666666666666666	0.17647058823529413
18	0.2222222222222222	0.2222222222222222
19	0.2777777777777778	0.2631578947368421
20	0.2777777777777778	0.25
21	0.2777777777777778	0.23809523809523808
22	0.2777777777777778	0.22727272727272727
23	0.2777777777777778	0.21739130434782608
24	0.2777777777777778	0.20833333333333334
25	0.2777777777777778	0.2
