1	0.01282051282051282	1.0
2	0.02564102564102564	1.0
3	0.038461538461538464	1.0
4	0.038461538461538464	0.75
5	0.05128205128205128	0.8
6	0.05128205128205128	0.6666666666666666
7	0.0641025641025641	0.7142857142857143
8	0.0641025641025641	0.625
9	0.07692307692307693	0.6666666666666666
10	0.07692307692307693	0.6
11	0.07692307692307693	0.5454545454545454
12	0.07692307692307693	0.5
13	0.08974358974358974	0.5384615384615384
14	0.10256410256410256	0.5714285714285714
15	0.10256410256410256	0.5333333333333333
16	0.11538461538461539	0.5625
17	0.11538461538461539	0.5294117647058824
18	0.1282051282051282	0.5555555555555556
19	0.1282051282051282	0.5263157894736842
20	0.1282051282051282	0.5
21	0.14102564102564102	0.5238095238095238
22	0.14102564102564102	0.5
23	0.15384615384615385	0.5217391304347826
24	0.16666666666666666	0.5416666666666666
25	0.1794871794871795	0.56
