1	0.008928571428571428	1.0
2	0.008928571428571428	0.5
3	0.008928571428571428	0.3333333333333333
4	0.008928571428571428	0.25
5	0.017857142857142856	0.4
6	0.026785714285714284	0.5
7	0.03571428571428571	0.5714285714285714
8	0.03571428571428571	0.5
9	0.044642857142857144	0.5555555555555556
10	0.05357142857142857	0.6
11	0.0625	0.6363636363636364
12	0.0625	0.5833333333333334
13	0.0625	0.5384615384615384
14	0.07142857142857142	0.5714285714285714
15	0.07142857142857142	0.5333333333333333
16	0.07142857142857142	0.5
17	0.07142857142857142	0.47058823529411764
18	0.07142857142857142	0.4444444444444444
19	0.07142857142857142	0.42105263157894735
20	0.08035714285714286	0.45
21	0.08035714285714286	0.42857142857142855
22	0.08035714285714286	0.4090909090909091
23	0.08035714285714286	0.391304347826087
24	0.08928571428571429	0.4166666666666667
25	0.09821428571428571	0.44
