1	0.010526315789473684	1.0
2	0.010526315789473684	0.5
3	0.010526315789473684	0.3333333333333333
4	0.010526315789473684	0.25
5	0.010526315789473684	0.2
6	0.010526315789473684	0.16666666666666666
7	0.021052631578947368	0.2857142857142857
8	0.021052631578947368	0.25
9	0.031578947368421054	0.3333333333333333
10	0.031578947368421054	0.3
11	0.031578947368421054	0.2727272727272727
12	0.031578947368421054	0.25
13	0.042105263157894736	0.3076923076923077
14	0.042105263157894736	0.2857142857142857
15	0.05263157894736842	0.3333333333333333
16	0.06315789473684211	0.375
17	0.06315789473684211	0.35294117647058826
18	0.07368421052631578	0.3888888888888889
19	0.08421052631578947	0.42105263157894735
20	0.08421052631578947	0.4
21	0.09473684210526316	0.42857142857142855
22	0.09473684210526316	0.4090909090909091
23	0.09473684210526316	0.391304347826087
24	0.10526315789473684	0.4166666666666667
25	0.10526315789473684	0.4
