1	0.0	0.0
2	0.02702702702702703	0.5
3	0.02702702702702703	0.3333333333333333
4	0.02702702702702703	0.25
5	0.02702702702702703	0.2
6	0.05405405405405406	0.3333333333333333
7	0.05405405405405406	0.2857142857142857
8	0.05405405405405406	0.25
9	0.05405405405405406	0.2222222222222222
10	0.08108108108108109	0.3
11	0.08108108108108109	0.2727272727272727
12	0.10810810810810811	0.3333333333333333
13	0.13513513513513514	0.38461538461538464
14	0.13513513513513514	0.35714285714285715
15	0.16216216216216217	0.4
16	0.16216216216216217	0.375
17	0.16216216216216217	0.35294117647058826
18	0.16216216216216217	0.3333333333333333
19	0.16216216216216217	0.3157894736842105
20	0.16216216216216217	0.3
21	0.16216216216216217	0.2857142857142857
22	0.16216216216216217	0.2727272727272727
23	0.16216216216216217	0.2608695652173913
24	0.16216216216216217	0.25
25	0.16216216216216217	0.24
