1	0.07142857142857142	1.0
2	0.14285714285714285	1.0
3	0.21428571428571427	1.0
4	0.21428571428571427	0.75
5	0.21428571428571427	0.6
6	0.21428571428571427	0.5
7	0.21428571428571427	0.42857142857142855
8	0.21428571428571427	0.375
9	0.2857142857142857	0.4444444444444444
10	0.2857142857142857	0.4
11	0.2857142857142857	0.36363636363636365
12	0.35714285714285715	0.4166666666666667
13	0.35714285714285715	0.38461538461538464
14	0.42857142857142855	0.42857142857142855
15	0.5	0.4666666666666667
16	0.5	0.4375
17	0.5	0.4117647058823529
18	0.5	0.3888888888888889
19	0.5	0.3684210526315789
20	0.5	0.35
21	0.5	0.3333333333333333
22	0.5	0.3181818181818182
23	0.5	0.30434782608695654
24	0.5	0.2916666666666667
25	0.5	0.28
