1	0.0	0.0
2	0.09090909090909091	0.5
3	0.09090909090909091	0.3333333333333333
4	0.09090909090909091	0.25
5	0.09090909090909091	0.2
6	0.09090909090909091	0.16666666666666666
7	0.09090909090909091	0.14285714285714285
8	0.18181818181818182	0.25
9	0.18181818181818182	0.2222222222222222
10	0.18181818181818182	0.2
11	0.18181818181818182	0.18181818181818182
12	0.2727272727272727	0.25
13	0.36363636363636365	0.3076923076923077
14	0.36363636363636365	0.2857142857142857
15	0.36363636363636365	0.26666666666666666
16	0.36363636363636365	0.25
17	0.36363636363636365	0.23529411764705882
18	0.36363636363636365	0.2222222222222222
19	0.36363636363636365	0.21052631578947367
20	0.45454545454545453	0.25
21	0.5454545454545454	0.2857142857142857
22	0.5454545454545454	0.2727272727272727
23	0.5454545454545454	0.2608695652173913
24	0.6363636363636364	0.2916666666666667
25	0.7272727272727273	0.32
