1	0.0	0.0
2	0.0	0.0
3	0.0	0.0
4	0.0	0.0
5	0.0	0.0
6	0.0	0.0
7	0.0	0.0
8	0.0	0.0
9	0.0	0.0
10	0.0	0.0
11	0.0	0.0
12	0.0	0.0
13	0.0	0.0
14	0.015384615384615385	0.07142857142857142
15	0.03076923076923077	0.13333333333333333
16	0.03076923076923077	0.125
17	0.03076923076923077	0.11764705882352941
18	0.03076923076923077	0.1111111111111111
19	0.03076923076923077	0.10526315789473684
20	0.03076923076923077	0.1
21	0.03076923076923077	0.09523809523809523
22	0.046153846153846156	0.13636363636363635
23	0.06153846153846154	0.17391304347826086
24	0.07692307692307693	0.20833333333333334
25	0.07692307692307693	0.2
