1	0.0	0.0
2	0.2	0.5
3	0.2	0.3333333333333333
4	0.4	0.5
5	0.4	0.4
6	0.4	0.3333333333333333
7	0.4	0.2857142857142857
8	0.4	0.25
9	0.4	0.2222222222222222
10	0.4	0.2
11	0.4	0.18181818181818182
12	0.4	0.16666666666666666
13	0.4	0.15384615384615385
14	0.4	0.14285714285714285
15	0.4	0.13333333333333333
16	0.6	0.1875
17	0.8	0.23529411764705882
18	0.8	0.2222222222222222
19	0.8	0.21052631578947367
20	0.8	0.2
21	0.8	0.19047619047619047
22	0.8	0.18181818181818182
23	1.0	0.21739130434782608
24	1.0	0.20833333333333334
25	1.0	0.2
