1	0.007407407407407408	1.0
2	0.014814814814814815	1.0
3	0.014814814814814815	0.6666666666666666
4	0.014814814814814815	0.5
5	0.014814814814814815	0.4
6	0.014814814814814815	0.3333333333333333
7	0.022222222222222223	0.42857142857142855
8	0.022222222222222223	0.375
9	0.022222222222222223	0.3333333333333333
10	0.022222222222222223	0.3
11	0.022222222222222223	0.2727272727272727
12	0.02962962962962963	0.3333333333333333
13	0.02962962962962963	0.3076923076923077
14	0.02962962962962963	0.2857142857142857
15	0.02962962962962963	0.26666666666666666
16	0.037037037037037035	0.3125
17	0.037037037037037035	0.29411764705882354
18	0.044444444444444446	0.3333333333333333
19	0.044444444444444446	0.3157894736842105
20	0.05185185185185185	0.35
21	0.05925925925925926	0.38095238095238093
22	0.06666666666666667	0.4090909090909091
23	0.06666666666666667	0.391304347826087
24	0.06666666666666667	0.375
25	0.06666666666666667	0.36
