1	0.0	0.0
2	0.0	0.0
3	0.0	0.0
4	0.0	0.0
5	0.0	0.0
6	0.0	0.0
7	0.0	0.0
8	0.0	0.0
9	0.0	0.0
10	0.017543859649122806	0.1
11	0.017543859649122806	0.09090909090909091
12	0.017543859649122806	0.08333333333333333
13	0.017543859649122806	0.07692307692307693
14	0.03508771929824561	0.14285714285714285
15	0.05263157894736842	0.2
16	0.05263157894736842	0.1875
17	0.05263157894736842	0.17647058823529413
18	0.05263157894736842	0.16666666666666666
19	0.05263157894736842	0.15789473684210525
20	0.05263157894736842	0.15
21	0.05263157894736842	0.14285714285714285
22	0.07017543859649122	0.18181818181818182
23	0.07017543859649122	0.17391304347826086
24	0.07017543859649122	0.16666666666666666
25	0.07017543859649122	0.16
