1	0.0	0.0
2	0.2	0.5
3	0.2	0.3333333333333333
4	0.2	0.25
5	0.2	0.2
6	0.2	0.16666666666666666
7	0.2	0.14285714285714285
8	0.4	0.25
9	0.4	0.2222222222222222
10	0.4	0.2
11	0.4	0.18181818181818182
12	0.4	0.16666666666666666
13	0.4	0.15384615384615385
14	0.4	0.14285714285714285
15	0.6	0.2
16	0.8	0.25
17	0.8	0.23529411764705882
18	1.0	0.2777777777777778
19	1.0	0.2631578947368421
20	1.0	0.25
21	1.0	0.23809523809523808
22	1.0	0.22727272727272727
23	1.0	0.21739130434782608
24	1.0	0.20833333333333334
25	1.0	0.2
