1	0.0	0.0
2	0.0	0.0
3	0.0	0.0
4	0.02857142857142857	0.25
5	0.02857142857142857	0.2
6	0.02857142857142857	0.16666666666666666
7	0.05714285714285714	0.2857142857142857
8	0.05714285714285714	0.25
9	0.05714285714285714	0.2222222222222222
10	0.05714285714285714	0.2
11	0.08571428571428572	0.2727272727272727
12	0.08571428571428572	0.25
13	0.08571428571428572	0.23076923076923078
14	0.08571428571428572	0.21428571428571427
15	0.08571428571428572	0.2
16	0.08571428571428572	0.1875
17	0.11428571428571428	0.23529411764705882
18	0.11428571428571428	0.2222222222222222
19	0.14285714285714285	0.2631578947368421
20	0.14285714285714285	0.25
21	0.14285714285714285	0.23809523809523808
22	0.14285714285714285	0.22727272727272727
23	0.14285714285714285	0.21739130434782608
24	0.14285714285714285	0.20833333333333334
25	0.14285714285714285	0.2
