1	0.1111111111111111	1.0
2	0.1111111111111111	0.5
3	0.1111111111111111	0.3333333333333333
4	0.2222222222222222	0.5
5	0.2222222222222222	0.4
6	0.2222222222222222	0.3333333333333333
7	0.2222222222222222	0.2857142857142857
8	0.3333333333333333	0.375
9	0.3333333333333333	0.3333333333333333
10	0.3333333333333333	0.3
11	0.3333333333333333	0.2727272727272727
12	0.4444444444444444	0.3333333333333333
13	0.4444444444444444	0.3076923076923077
14	0.4444444444444444	0.2857142857142857
15	0.4444444444444444	0.26666666666666666
16	0.4444444444444444	0.25
17	0.4444444444444444	0.23529411764705882
18	0.4444444444444444	0.2222222222222222
19	0.5555555555555556	0.2631578947368421
20	0.6666666666666666	0.3
21	0.6666666666666666	0.2857142857142857
22	0.6666666666666666	0.2727272727272727
23	0.6666666666666666	0.2608695652173913
24	0.6666666666666666	0.25
25	0.6666666666666666	0.24
