1	0.0	0.0
2	0.0	0.0
3	0.037037037037037035	0.3333333333333333
4	0.07407407407407407	0.5
5	0.07407407407407407	0.4
6	0.07407407407407407	0.3333333333333333
7	0.07407407407407407	0.2857142857142857
8	0.07407407407407407	0.25
9	0.07407407407407407	0.2222222222222222
10	0.1111111111111111	0.3
11	0.1111111111111111	0.2727272727272727
12	0.1111111111111111	0.25
13	0.14814814814814814	0.3076923076923077
14	0.14814814814814814	0.2857142857142857
15	0.14814814814814814	0.26666666666666666
16	0.14814814814814814	0.25
17	0.14814814814814814	0.23529411764705882
18	0.14814814814814814	0.2222222222222222
19	0.14814814814814814	0.21052631578947367
20	0.14814814814814814	0.2
21	0.18518518518518517	0.23809523809523808
22	0.2222222222222222	0.2727272727272727
23	0.2222222222222222	0.2608695652173913
24	0.2222222222222222	0.25
25	0.2222222222222222	0.24
