1	0.041666666666666664	1.0
2	0.041666666666666664	0.5
3	0.041666666666666664	0.3333333333333333
4	0.041666666666666664	0.25
5	0.041666666666666664	0.2
6	0.08333333333333333	0.3333333333333333
7	0.08333333333333333	0.2857142857142857
8	0.125	0.375
9	0.125	0.3333333333333333
10	0.125	0.3
11	0.125	0.2727272727272727
12	0.125	0.25
13	0.16666666666666666	0.3076923076923077
14	0.20833333333333334	0.35714285714285715
15	0.25	0.4
16	0.2916666666666667	0.4375
17	0.2916666666666667	0.4117647058823529
18	0.2916666666666667	0.3888888888888889
19	0.2916666666666667	0.3684210526315789
20	0.2916666666666667	0.35
21	0.3333333333333333	0.38095238095238093
22	0.3333333333333333	0.36363636363636365
23	0.3333333333333333	0.34782608695652173
24	0.3333333333333333	0.3333333333333333
25	0.3333333333333333	0.32
