1	0.0	0.0
2	0.0	0.0
3	0.0	0.0
4	0.0	0.0
5	0.0	0.0
6	0.0	0.0
7	0.0	0.0
8	0.03225806451612903	0.125
9	0.03225806451612903	0.1111111111111111
10	0.03225806451612903	0.1
11	0.03225806451612903	0.09090909090909091
12	0.03225806451612903	0.08333333333333333
13	0.03225806451612903	0.07692307692307693
14	0.03225806451612903	0.07142857142857142
15	0.03225806451612903	0.06666666666666667
16	0.03225806451612903	0.0625
17	0.03225806451612903	0.058823529411764705
18	0.06451612903225806	0.1111111111111111
19	0.0967741935483871	0.15789473684210525
20	0.12903225806451613	0.2
21	0.16129032258064516	0.23809523809523808
22	0.16129032258064516	0.22727272727272727
23	0.16129032258064516	0.21739130434782608
24	0.1935483870967742	0.25
25	0.1935483870967742	0.24
