1	0.009174311926605505	1.0
2	0.009174311926605505	0.5
3	0.01834862385321101	0.6666666666666666
4	0.027522935779816515	0.75
5	0.027522935779816515	0.6
6	0.027522935779816515	0.5
7	0.027522935779816515	0.42857142857142855
8	0.027522935779816515	0.375
9	0.027522935779816515	0.3333333333333333
10	0.027522935779816515	0.3
11	0.027522935779816515	0.2727272727272727
12	0.027522935779816515	0.25
13	0.03669724770642202	0.3076923076923077
14	0.03669724770642202	0.2857142857142857
15	0.03669724770642202	0.26666666666666666
16	0.03669724770642202	0.25
17	0.045871559633027525	0.29411764705882354
18	0.05504587155963303	0.3333333333333333
19	0.05504587155963303	0.3157894736842105
20	0.05504587155963303	0.3
21	0.05504587155963303	0.2857142857142857
22	0.05504587155963303	0.2727272727272727
23	0.06422018348623854	0.30434782608695654
24	0.06422018348623854	0.2916666666666667
25	0.06422018348623854	0.28
