1	0.0	0.0
2	0.0	0.0
3	0.0	0.0
4	0.0	0.0
5	0.0	0.0
6	0.0	0.0
7	0.0	0.0
8	0.0	0.0
9	0.0	0.0
10	0.0	0.0
11	0.0	0.0
12	0.0	0.0
13	0.0	0.0
14	0.0	0.0
15	0.0	0.0
16	0.1	0.0625
17	0.2	0.11764705882352941
18	0.2	0.1111111111111111
19	0.2	0.10526315789473684
20	0.3	0.15
21	0.3	0.14285714285714285
22	0.4	0.18181818181818182
23	0.4	0.17391304347826086
24	0.4	0.16666666666666666
25	0.4	0.16
26	0.4	0.15384615384615385
27	0.4	0.14814814814814814
28	0.4	0.14285714285714285
29	0.4	0.13793103448275862
30	0.4	0.13333333333333333
