1	0.0	0.0
2	0.0	0.0
3	0.0	0.0
4	0.03225806451612903	0.25
5	0.06451612903225806	0.4
6	0.06451612903225806	0.3333333333333333
7	0.06451612903225806	0.2857142857142857
8	0.06451612903225806	0.25
9	0.0967741935483871	0.3333333333333333
10	0.12903225806451613	0.4
11	0.12903225806451613	0.36363636363636365
12	0.16129032258064516	0.4166666666666667
13	0.16129032258064516	0.38461538461538464
14	0.16129032258064516	0.35714285714285715
15	0.1935483870967742	0.4
16	0.1935483870967742	0.375
17	0.22580645161290322	0.4117647058823529
18	0.22580645161290322	0.3888888888888889
19	0.22580645161290322	0.3684210526315789
20	0.22580645161290322	0.35
21	0.22580645161290322	0.3333333333333333
22	0.22580645161290322	0.3181818181818182
23	0.22580645161290322	0.30434782608695654
24	0.25806451612903225	0.3333333333333333
25	0.25806451612903225	0.32
26	0.25806451612903225	0.3076923076923077
27	0.25806451612903225	0.2962962962962963
28	0.25806451612903225	0.2857142857142857
29	0.25806451612903225	0.27586206896551724
30	0.2903225806451613	0.3
