1	0.0	0.0
2	0.0	0.0
3	0.07692307692307693	0.3333333333333333
4	0.15384615384615385	0.5
5	0.15384615384615385	0.4
6	0.23076923076923078	0.5
7	0.23076923076923078	0.42857142857142855
8	0.3076923076923077	0.5
9	0.3076923076923077	0.4444444444444444
10	0.3076923076923077	0.4
11	0.3076923076923077	0.36363636363636365
12	0.38461538461538464	0.4166666666666667
13	0.46153846153846156	0.46153846153846156
14	0.46153846153846156	0.42857142857142855
15	0.46153846153846156	0.4
16	0.46153846153846156	0.375
17	0.5384615384615384	0.4117647058823529
18	0.6153846153846154	0.4444444444444444
19	0.6153846153846154	0.42105263157894735
20	0.6153846153846154	0.4
21	0.6923076923076923	0.42857142857142855
22	0.6923076923076923	0.4090909090909091
23	0.7692307692307693	0.43478260869565216
24	0.7692307692307693	0.4166666666666667
25	0.8461538461538461	0.44
26	0.9230769230769231	0.46153846153846156
27	0.9230769230769231	0.4444444444444444
28	0.9230769230769231	0.42857142857142855
29	0.9230769230769231	0.41379310344827586
30	1.0	0.43333333333333335
