1.2672255141747724
2.8575243489175515
3.464534166796098
3.816504027782247
4.068677132816256
4.24838223534003
4.400470459462979
4.51013758516972
4.617552701573948
4.69828159900495
4.780545511498237
4.846587412300777
4.92107034794441
4.985134652869805
5.041119494330632
5.09551251422165
5.148930266323113
5.1997368614560555
5.247103024492556
5.294560381015069
5.339125781997477
5.385288187066952
5.426477056357988
5.467849163625307
5.508151993042795
5.546120661015565
5.581299598682514
5.61571010573727
5.644530637162075
5.674262715993066
