1.622009551430611
2.829858868349519
3.387172401417922
3.716534266501267
3.9425687037772947
4.10341483052087
4.23092320609962
4.3389244024354365
4.428910325851643
4.5285299839983795
4.614839540678968
4.704841141078125
4.769685511306297
4.842682469522288
4.916536642704211
4.986508185349947
5.056793914502983
5.119405658955807
5.187235636275955
5.246639098654011
5.3099950246149525
5.362915965818991
5.422566498649565
5.472819364378251
5.523772465048466
5.575890547959006
5.621935538500121
5.6730593978359
5.722287045174785
5.77098185236901
