1.3235021183688223
2.5391411154080146
3.073039709069084
3.393596534963704
3.625049786583107
3.8067963214680582
3.9563051028523404
4.077279768115061
4.172394287053843
4.26357949500288
4.356471381439957
4.441927318811673
4.515817532999984
4.575748161187781
4.643738762714395
4.708946943769191
4.7610457955268535
4.81207964761461
4.863988016869317
4.912284046356235
4.958068533411626
5.002590564436249
5.050144325254492
5.09859981130035
5.136631679963718
5.177945727824391
5.214558364168021
5.253993230758865
5.291187512580467
5.328790397366888
