1.0638056275758514
2.4254608556460453
2.9343419987639643
3.261617972195366
3.4892486838777383
3.6695471513355846
3.829640536564645
3.9713528389795476
4.084399535309673
4.193171470107323
4.295023092449227
4.384503324270985
4.4661101324856185
4.533953284124712
4.606232867460324
4.680441620526333
4.744997433608545
4.80348631335067
4.8670877045966
4.916498520136341
4.972610785477373
5.017818224257598
5.068674904876647
5.112302414760878
5.150767989920156
5.192964682098326
5.234716313623929
5.270830650357985
5.307084693290438
5.344095974032628
