1.2219248121556843
2.91682783642601
3.5751241335792328
3.9155877053992376
4.157213771500791
4.347617486517472
4.516475061906934
4.640779502272396
4.757295023914164
4.8586734566736824
4.949134910785647
5.023093164679498
5.101703620033945
5.16269704734891
5.226991805894497
5.289546229768827
5.346465353126293
5.404239898254806
5.45780160203076
5.503276622031568
5.555036987679321
5.602894657972608
5.651656412401729
5.698943904269774
5.742652836568761
5.78315765043688
5.821517699061262
5.856879724491278
5.893545207105202
5.923455187255157
