1.7012268875238912
2.9262869423664553
3.5153566558668503
3.8753051855225817
4.10762077544179
4.278163205794268
4.400383445513922
4.5038454147359
4.623531843599458
4.7098272297690995
4.797483350913706
4.87436238602188
4.954399481183535
5.043348989592319
5.118365674232838
5.186683322709347
5.261687206495625
5.333888610848469
5.390418689472915
5.448609996242442
5.503598628447548
5.556092695455867
5.609170451101853
5.65253668706664
5.699391866306369
5.744970417176554
5.791451147797864
5.84292857994825
5.884818578921408
5.921513078304071
