0.33333333333333326
0.10000000000000002
0.0
0.125
0.10526315789473685
0.37499999999999994
0.16
0.3157894736842105
0.37499999999999994
0.13333333333333333
0.29850746268656714
0.1818181818181818
0.32
0.33333333333333326
0.37499999999999994
0.0
0.631578947368421
0.4444444444444445
0.125
0.08695652173913043
0.125
0.47058823529411764
0.11111111111111112
0.11111111111111112
0.6
0.26666666666666666
0.4
0.4285714285714285
0.0
0.2105263157894737
0.2745098039215686
0.64
0.3529411764705882
0.1818181818181818
0.2105263157894737
0.5333333333333333
0.3870967741935483
0.5
0.11764705882352941
0.15
0.32
0.5
0.26666666666666666
0.23529411764705882
0.1111111111111111
0.14285714285714288
0.4285714285714285
0.7368421052631577
0.0
0.5714285714285713
0.25
0.15384615384615385
0.22222222222222224
0.26666666666666666
0.058823529411764705
0.4000000000000001
0.4285714285714285
0.05714285714285714
0.5333333333333333
0.10000000000000002
0.4285714285714285
0.03636363636363636
0.4000000000000001
0.125
0.11764705882352941
0.22222222222222224
0.13333333333333333
0.34782608695652173
0.08333333333333333
0.3
0.23529411764705882
0.0
0.3157894736842105
0.4
0.25
0.22222222222222224
0.13333333333333333
0.0
0.47619047619047616
0.25
0.16901408450704225
0.26666666666666666
0.3157894736842105
0.24
0.0
0.11111111111111112
0.125
0.25
0.56
0.23529411764705882
0.26666666666666666
0.6666666666666666
0.14814814814814817
0.0
0.2105263157894737
0.24242424242424243
0.0
0.17391304347826086
0.4
0.11764705882352941
0.13333333333333333
0.16
0.2153846153846154
0.26666666666666666
0.26666666666666666
0.16666666666666669
0.18518518518518517
0.35714285714285715
0.13333333333333333
0.5
0.4210526315789474
0.3529411764705882
0.1904761904761905
0.22222222222222224
0.0
0.12500000000000003
0.1904761904761905
0.05555555555555555
0.2105263157894737
0.33333333333333326
0.3225806451612903
0.26666666666666666
0.3529411764705882
0.0909090909090909
0.22222222222222224
0.21428571428571427
0.26666666666666666
0.3181818181818182
0.3125
0.08695652173913043
0.25
0.0
0.11764705882352941
0.0
0.14285714285714288
0.3529411764705882
0.09523809523809525
0.5454545454545454
0.18867924528301888
0.5714285714285713
0.3
0.20689655172413793
0.11764705882352941
0.11764705882352941
0.6666666666666666
0.09523809523809525
0.13333333333333333
0.1904761904761905
0.4
0.11764705882352941
0.27586206896551724
0.25
0.0
0.9090909090909091
0.11111111111111112
0.23076923076923075
0.3225806451612903
0.45454545454545453
0.7368421052631577
0.26666666666666666
0.08450704225352113
0.13793103448275862
0.20000000000000004
0.28571428571428575
0.26666666666666666
0.25641025641025644
0.2105263157894737
0.23529411764705882
0.5454545454545454
0.7
0.26666666666666666
0.339622641509434
0.125
0.5714285714285715
0.23529411764705882
0.13333333333333333
0.37499999999999994
0.1904761904761905
0.14285714285714285
0.32
0.4444444444444445
0.7058823529411764
0.23529411764705882
0.5555555555555556
0.24390243902439024
0.3529411764705882
0.11111111111111112
0.05555555555555555
0.4
0.3225806451612903
0.1797752808988764
0.25
0.26666666666666666
0.5
0.09523809523809525
0.20618556701030927
0.1904761904761905
0.5333333333333333
0.0
0.26666666666666666
0.10526315789473685
0.2857142857142857
0.10000000000000002
0.16666666666666666
0.5555555555555556
0.25806451612903225
0.25
0.375
0.3448275862068966
0.16
0.25
0.11111111111111112
0.37499999999999994
0.3
0.3225806451612903
0.37499999999999994
0.5
0.0
0.4444444444444445
0.5
0.5185185185185185
0.26666666666666666
0.4444444444444445
0.3
0.20833333333333334
0.13043478260869565
0.25
0.22222222222222224
0.3333333333333333
0.36363636363636365
0.08
0.22222222222222224
0.24390243902439024
0.47058823529411764
0.7499999999999999
0.26666666666666666
0.6
0.4615384615384615
0.22222222222222224
0.3
0.47058823529411764
0.0
0.1904761904761905
0.6956521739130435
0.47619047619047616
0.6666666666666666
0.22222222222222224
0.25
0.25
0.125
0.1818181818181818
0.26666666666666666
0.34782608695652173
0.4000000000000001
0.761904761904762
0.26666666666666666
0.5454545454545454
0.4
0.6666666666666666
0.22222222222222224
0.23529411764705882
0.28571428571428575
0.26666666666666666
0.37037037037037035
0.15
0.7777777777777777
0.4
0.7499999999999999
0.4
0.25
0.5
0.16216216216216217
0.5217391304347826
0.0
0.1818181818181818
0.625
0.13333333333333333
0.20000000000000004
0.14285714285714285
0.0
0.5
0.5263157894736842
0.5333333333333333
0.5454545454545454
0.5
0.0975609756097561
0.0909090909090909
0.32
0.47058823529411764
0.0
0.1818181818181818
0.25
0.13333333333333333
0.3529411764705882
0.28571428571428564
0.625
0.3636363636363636
0.25
0.06060606060606061
0.125
0.05
0.25806451612903225
0.7777777777777777
0.4
0.25
0.28571428571428575
0.0
0.33333333333333326
0.25
0.23529411764705882
0.23076923076923075
0.13333333333333333
0.7777777777777777
0.19354838709677416
0.47058823529411764
0.4
0.22222222222222224
0.3157894736842105
0.11764705882352941
0.625
0.26666666666666666
0.32432432432432434
0.33333333333333326
0.21428571428571427
0.22222222222222224
0.0
0.4210526315789474
0.4666666666666667
0.33333333333333326
0.4285714285714285
0.9090909090909091
0.26666666666666666
0.33333333333333326
0.07547169811320754
0.0
0.5333333333333333
0.16279069767441862
0.5714285714285715
0.37499999999999994
0.8181818181818182
0.4285714285714285
0.12903225806451613
0.28571428571428575
0.3333333333333333
0.0
0.2727272727272727
0.5
0.5384615384615384
0.3
0.0
0.6
0.5714285714285715
0.26666666666666666
0.4285714285714285
0.6
0.3157894736842105
0.4444444444444445
0.11764705882352941
0.4
0.14285714285714288
0.15873015873015875
0.22222222222222224
0.17391304347826086
0.22222222222222224
0.2727272727272727
0.18181818181818182
0.0
0.33333333333333326
0.2727272727272727
0.22222222222222224
0.11764705882352941
0.3157894736842105
0.2105263157894737
0.125
0.4
0.4
0.22222222222222224
0.125
0.11764705882352941
0.23529411764705882
0.5333333333333333
0.2105263157894737
0.4285714285714285
0.4
0.380952380952381
0.11764705882352941
0.4
0.20000000000000004
0.23529411764705882
0.4210526315789474
0.37499999999999994
0.1818181818181818
0.5333333333333333
0.26666666666666666
0.25
0.380952380952381
0.2727272727272727
0.22222222222222224
0.42424242424242425
0.13333333333333333
0.2105263157894737
0.24
0.25
0.0909090909090909
0.4285714285714285
0.22222222222222224
0.28571428571428575
0.11764705882352941
0.5833333333333334
0.11764705882352941
0.26666666666666666
0.3157894736842105
0.5
0.14285714285714288
0.24561403508771928
0.5714285714285714
0.125
0.3555555555555555
0.37499999999999994
0.1818181818181818
0.64
0.28571428571428575
0.34782608695652173
0.37499999999999994
0.17647058823529413
0.21428571428571427
0.47058823529411764
0.11111111111111112
0.0
0.0909090909090909
0.0
0.13333333333333333
0.47619047619047616
0.3157894736842105
0.14814814814814814
0.28571428571428575
0.20000000000000004
0.06250000000000001
0.10526315789473682
0.28571428571428575
0.28571428571428575
0.0
0.5
0.25531914893617025
0.23529411764705882
0.888888888888889
0.47058823529411764
0.25000000000000006
0.11111111111111112
0.10000000000000002
0.4
0.13333333333333333
0.13333333333333333
0.4210526315789474
0.380952380952381
0.26666666666666666
0.08333333333333333
0.3529411764705882
0.28571428571428564
0.22222222222222224
0.761904761904762
0.4
0.3
0.2857142857142857
0.0425531914893617
0.125
0.4
0.25
0.22222222222222224
0.11428571428571428
0.24
0.0625
0.5
0.10526315789473685
0.6666666666666666
0.14814814814814817
0.888888888888889
0.14285714285714285
0.37499999999999994
0.17391304347826086
0.5517241379310345
0.47619047619047616
0.4
0.28571428571428575
0.37499999999999994
0.26666666666666666
0.20000000000000004
0.27586206896551724
0.37499999999999994
0.3333333333333333
0.25
0.125
0.3157894736842105
0.7777777777777777
0.28571428571428575
0.5263157894736842
0.26666666666666666
0.23529411764705882
0.28571428571428564
0.5333333333333333
0.2105263157894737
0.13333333333333333
0.07692307692307693
0.11764705882352941
0.5
0.5161290322580645
0.11764705882352941
0.25316455696202533
0.3157894736842105
0.47619047619047616
0.13333333333333333
0.4
0.5
0.10526315789473685
0.25
0.3529411764705882
0.2727272727272727
0.1904761904761905
0.4666666666666667
0.26666666666666666
0.1818181818181818
0.11764705882352941
0.0
0.09523809523809525
0.0
0.45454545454545453
0.4210526315789474
0.26666666666666666
0.35294117647058826
0.22857142857142856
0.33333333333333326
0.11111111111111112
0.26666666666666666
0.3
0.2727272727272727
0.06896551724137931
0.16666666666666666
0.4
0.15384615384615385
0.28571428571428575
0.22580645161290322
0.14285714285714288
0.23529411764705882
0.19672131147540983
0.19607843137254902
0.5714285714285713
0.0
0.13333333333333333
0.26666666666666666
0.4285714285714285
0.28571428571428564
0.28571428571428564
0.33333333333333326
0.3529411764705882
0.28571428571428564
0.13953488372093023
0.23529411764705882
0.27586206896551724
0.26666666666666666
0.33333333333333326
0.588235294117647
0.0
0.08333333333333333
0.0
0.0930232558139535
0.32
0.5
0.2727272727272727
0.5
0.588235294117647
0.4444444444444445
0.4
0.32
0.26666666666666666
0.3125
0.37499999999999994
0.608695652173913
0.23529411764705882
0.47058823529411764
0.5333333333333333
0.3529411764705882
0.48484848484848486
0.5217391304347826
0.37499999999999994
0.4
0.2105263157894737
0.3529411764705882
0.05405405405405406
0.3076923076923077
0.4
0.26666666666666666
0.11111111111111112
0.07142857142857142
0.28571428571428564
0.1111111111111111
0.4285714285714285
0.5
0.0
0.23529411764705882
0.6
0.23529411764705882
0.21428571428571427
0.26666666666666666
0.15384615384615385
0.32
0.5333333333333333
0.13333333333333333
0.5
0.5217391304347826
0.5714285714285715
0.6363636363636365
0.26666666666666666
0.4
0.4
0.0
0.22222222222222224
0.28571428571428575
0.3
0.608695652173913
0.4210526315789474
0.4000000000000001
0.4
0.28571428571428575
0.7272727272727272
0.2105263157894737
0.5263157894736842
0.26666666666666666
0.23529411764705882
0.26666666666666666
0.5714285714285714
0.4
0.4
0.3
0.38461538461538464
0.0
0.6206896551724138
0.0
0.4347826086956522
0.1111111111111111
0.12765957446808512
0.14285714285714288
0.4444444444444445
0.6956521739130435
0.7058823529411764
0.40909090909090906
0.5714285714285715
0.0930232558139535
0.11111111111111112
0.26666666666666666
0.37499999999999994
0.4
0.588235294117647
0.5
0.0
0.2222222222222222
0.26666666666666666
0.2
0.25
0.4
0.1904761904761905
0.13333333333333333
0.20000000000000004
0.4444444444444445
0.2727272727272727
0.23529411764705882
0.4285714285714285
0.20000000000000004
0.13333333333333333
0.0909090909090909
0.24242424242424243
0.11764705882352941
0.13333333333333333
0.14285714285714288
0.5
0.0
0.6666666666666666
0.13333333333333333
0.11111111111111112
0.33333333333333326
0.15
0.4
0.4285714285714285
0.25
0.38461538461538464
0.26666666666666666
0.1904761904761905
0.888888888888889
0.1694915254237288
0.04081632653061225
0.25
0.8235294117647058
0.13333333333333333
0.15384615384615385
0.3529411764705882
0.2
0.2105263157894737
0.6
0.25
0.1971830985915493
0.42857142857142855
0.5714285714285713
0.3529411764705882
0.14285714285714288
0.3529411764705882
0.14285714285714288
0.28571428571428575
0.11111111111111112
0.26666666666666666
0.3
0.10000000000000002
0.47058823529411764
0.4
0.3
0.16666666666666666
0.0
0.3157894736842105
0.41379310344827586
0.4
0.0
0.23529411764705882
0.23529411764705882
0.2
0.26666666666666666
0.5333333333333333
0.4444444444444445
0.14285714285714285
0.11111111111111112
0.28571428571428575
0.25806451612903225
0.5333333333333333
0.11764705882352941
0.37499999999999994
0.37499999999999994
0.05555555555555555
0.23529411764705882
0.2857142857142857
0.4285714285714285
0.2105263157894737
0.1818181818181818
0.0
0.6666666666666666
0.25
0.10526315789473682
0.4
0.0930232558139535
0.22222222222222224
0.2105263157894737
0.3333333333333333
0.26666666666666666
0.20454545454545456
0.22222222222222224
0.13157894736842105
0.26666666666666666
0.125
0.14285714285714288
0.6666666666666666
0.2105263157894737
0.6666666666666665
0.26666666666666666
0.380952380952381
0.5714285714285715
0.11764705882352941
0.7
0.28571428571428575
0.3902439024390244
0.37499999999999994
0.14285714285714285
0.28571428571428575
0.35714285714285715
0.24242424242424243
0.37499999999999994
0.07329842931937172
0.4
0.09523809523809525
0.37499999999999994
0.07407407407407408
0.22222222222222224
0.23529411764705882
0.16216216216216217
0.47619047619047616
0.37499999999999994
0.5333333333333333
0.22222222222222224
0.13333333333333333
0.5
0.14285714285714285
0.2727272727272727
0.21428571428571427
0.37037037037037035
0.45454545454545453
0.26666666666666666
0.17391304347826086
0.3
0.0
0.3157894736842105
0.20000000000000004
0.10526315789473685
0.17391304347826086
0.3529411764705882
0.12903225806451613
0.625
0.33333333333333326
0.3
0.25
0.0
0.11764705882352941
0.28571428571428575
0.6
0.10000000000000002
0.10000000000000002
0.4347826086956522
0.25
0.07142857142857142
0.33333333333333326
0.18749999999999997
0.5185185185185185
0.3529411764705882
0.33333333333333326
0.13333333333333333
0.12500000000000003
0.625
0.20000000000000004
0.25000000000000006
0.26666666666666666
0.5
0.5333333333333333
0.24
0.7826086956521738
0.48484848484848486
0.3157894736842105
0.3
0.14285714285714288
0.5454545454545454
0.10526315789473685
0.37499999999999994
0.18749999999999997
0.4
0.14285714285714285
0.22222222222222224
0.5
0.13333333333333333
0.28571428571428564
0.13333333333333333
0.37499999999999994
0.0
0.16216216216216217
0.0
0.28571428571428575
0.2105263157894737
0.3529411764705882
0.25
0.5
0.2727272727272727
0.5714285714285715
0.06666666666666667
0.23529411764705882
0.47058823529411764
0.6
0.125
0.13333333333333333
0.1818181818181818
0.3529411764705882
0.22222222222222224
0.11764705882352941
0.6666666666666666
0.47058823529411764
0.125
0.125
0.11111111111111112
0.4
0.3
0.2105263157894737
0.14814814814814817
0.4285714285714285
0.2857142857142857
0.6666666666666665
0.3157894736842105
0.06896551724137931
0.6
0.29411764705882354
0.7200000000000001
0.09599999999999999
0.28571428571428575
0.4210526315789474
0.05405405405405406
0.23529411764705882
0.19354838709677416
0.37499999999999994
0.4285714285714285
0.38461538461538464
0.26666666666666666
0.2105263157894737
0.0930232558139535
0.380952380952381
0.28571428571428575
0.20689655172413793
0.588235294117647
0.625
0.47058823529411764
0.4
0.37499999999999994
0.5333333333333333
0.3333333333333333
0.125
0.125
0.26666666666666666
0.26666666666666666
0.2857142857142857
0.15384615384615385
0.6666666666666666
0.33333333333333326
0.380952380952381
0.2105263157894737
0.625
0.08333333333333333
0.4
0.13333333333333333
0.125
0.21428571428571427
0.3636363636363636
0.25
0.4
0.08333333333333333
0.6
0.14285714285714288
0.6666666666666666
0.4
0.4
0.17391304347826086
0.4
0.09523809523809525
0.2295081967213115
0.2727272727272727
0.588235294117647
0.23529411764705882
0.5333333333333333
0.0909090909090909
0.6363636363636365
0.4444444444444445
0.28571428571428575
0.25806451612903225
0.125
0.16
0.27999999999999997
0.06060606060606061
0.4210526315789474
0.588235294117647
0.33333333333333326
0.26666666666666666
0.6153846153846154
0.26666666666666666
0.1904761904761905
0.20000000000000004
0.4210526315789474
0.6666666666666665
0.4
0.3157894736842105
0.5714285714285715
0.38461538461538464
0.4
0.47058823529411764
0.4
0.13333333333333333
0.33333333333333326
0.3
0.37499999999999994
0.8181818181818182
0.32
0.0
0.26666666666666666
0.47058823529411764
0.5333333333333333
0.6666666666666666
0.25
0.24
0.11111111111111112
0.0
0.3157894736842105
0.37499999999999994
0.13333333333333333
0.15384615384615385
0.19047619047619047
0.06666666666666667
0.0
0.0
0.37499999999999994
0.125
0.33333333333333326
0.6428571428571429
0.625
0.761904761904762
0.380952380952381
0.10000000000000002
0.3076923076923077
0.5333333333333333
0.163265306122449
0.0
0.125
0.09523809523809525
0.14285714285714288
0.25
0.25
0.6666666666666666
0.4
0.380952380952381
0.4615384615384615
0.22222222222222224
0.11111111111111112
0.6956521739130435
0.25
0.11764705882352941
0.6666666666666665
0.5333333333333333
0.1904761904761905
0.22222222222222224
0.34285714285714286
0.4000000000000001
0.18181818181818182
0.20689655172413793
0.4
0.25
0.5555555555555556
0.26666666666666666
0.4285714285714285
0.25
0.26666666666666666
0.3333333333333333
0.1904761904761905
0.24
0.22222222222222224
0.2105263157894737
0.5333333333333333
0.0
0.08695652173913043
0.3157894736842105
0.4285714285714285
0.37037037037037035
0.5
0.28571428571428564
0.0
0.4210526315789474
0.3157894736842105
0.22222222222222224
0.5555555555555556
0.1818181818181818
0.5333333333333333
0.28571428571428575
0.5555555555555556
0.4
0.13333333333333333
0.3
0.4
0.4
0.22727272727272727
0.37499999999999994
0.13333333333333333
0.6153846153846154
0.3529411764705882
0.5
0.28571428571428575
0.47058823529411764
0.6
0.11764705882352941
0.7
0.625
0.5714285714285715
0.4285714285714285
0.3529411764705882
0.3529411764705882
0.23529411764705882
0.4000000000000001
0.4285714285714285
0.37499999999999994
0.33333333333333326
0.11111111111111112
0.26666666666666666
0.0
0.5
0.37499999999999994
0.5555555555555556
0.1904761904761905
0.0
0.28571428571428575
0.3225806451612903
0.4
0.37499999999999994
0.4
0.35294117647058826
0.2105263157894737
0.3333333333333333
0.0
0.1818181818181818
0.5555555555555556
0.26666666666666666
0.14285714285714288
0.4375
0.48275862068965514
0.4
0.26666666666666666
0.28571428571428564
0.4
0.23529411764705882
0.7058823529411764
0.4
0.125
0.25
0.3
0.0
0.21875
0.26666666666666666
0.28571428571428564
0.5714285714285715
0.26666666666666666
0.25
0.22222222222222224
0.23529411764705882
0.6
0.37499999999999994
0.16000000000000003
0.4285714285714285
0.1818181818181818
0.0
0.588235294117647
0.47058823529411764
0.7
0.23529411764705882
0.26666666666666666
0.20689655172413793
0.3
0.631578947368421
0.17391304347826086
0.11764705882352941
0.4285714285714285
0.4117647058823529
0.13953488372093023
0.10526315789473685
0.4
0.3157894736842105
0.14285714285714288
0.125
0.3529411764705882
0.47058823529411764
0.3529411764705882
0.23529411764705882
0.28571428571428575
0.4
0.25
0.10000000000000002
0.125
0.380952380952381
0.35
0.5
0.28571428571428575
0.4
0.26666666666666666
0.7272727272727272
0.0
0.4444444444444445
0.28571428571428575
0.09523809523809525
0.1818181818181818
0.125
0.25
0.41666666666666663
0.15384615384615385
0.1904761904761905
0.6666666666666665
0.11111111111111112
0.0
0.5714285714285715
0.56
0.1818181818181818
0.22222222222222224
0.11764705882352941
0.2105263157894737
0.1
0.2857142857142857
0.625
0.2727272727272727
0.33333333333333326
0.2777777777777778
0.625
0.21621621621621623
0.0
0.4
0.4
0.5
0.13333333333333333
0.11764705882352941
0.21428571428571427
0.3157894736842105
0.3529411764705882
0.28571428571428564
0.5333333333333333
0.5714285714285715
0.125
0.13333333333333333
0.2608695652173913
0.4
0.08695652173913043
0.5555555555555556
0.33333333333333326
0.3333333333333333
0.47058823529411764
0.20000000000000004
0.3
0.4444444444444445
0.20000000000000004
0.07692307692307693
0.6666666666666666
0.7368421052631577
0.35714285714285715
0.2857142857142857
0.4285714285714285
0.1818181818181818
0.4
0.13333333333333333
0.25
0.0
0.11764705882352941
0.14285714285714288
0.45454545454545453
0.125
0.25
0.6060606060606061
0.0909090909090909
0.21052631578947364
0.13333333333333333
0.3529411764705882
0.13333333333333333
0.37037037037037035
0.05405405405405406
0.23529411764705882
0.4
0.4210526315789474
0.0
0.41379310344827586
0.1904761904761905
0.26666666666666666
0.11111111111111112
0.22222222222222224
0.1904761904761905
0.05063291139240506
0.41666666666666663
0.15789473684210525
0.64
0.23529411764705882
0.25925925925925924
0.47058823529411764
0.2173913043478261
0.13333333333333333
0.16666666666666666
0.5128205128205129
0.4
0.22222222222222224
0.13333333333333333
0.5517241379310345
0.3571428571428571
0.4
0.4
0.22222222222222224
0.0
0.4347826086956522
0.17647058823529413
0.14285714285714288
0.07142857142857142
0.0
0.5
0.8571428571428572
0.6666666666666665
0.3636363636363636
0.10526315789473682
0.75
0.5333333333333333
0.28571428571428575
0.22222222222222224
0.14285714285714288
0.6666666666666665
0.3888888888888889
0.14285714285714288
0.7499999999999999
0.4
0.24
0.14285714285714288
0.26666666666666666
0.20000000000000004
0.08
0.22222222222222224
0.28571428571428575
0.5
0.0
0.3529411764705882
0.13333333333333333
0.125
0.0
0.48
0.7499999999999999
0.23529411764705882
0.4
0.5714285714285715
0.22222222222222224
0.4347826086956522
0.42424242424242425
0.13333333333333333
0.5333333333333333
0.588235294117647
0.1818181818181818
0.2105263157894737
0.4285714285714285
0.5
0.2962962962962963
0.4
0.5
0.32
0.25
0.24242424242424243
0.23076923076923075
0.4285714285714285
0.25
0.4210526315789474
0.48
0.13333333333333333
0.34782608695652173
0.5128205128205129
0.33333333333333326
0.5
0.14285714285714288
0.11111111111111112
0.23529411764705882
0.125
0.4
0.08333333333333333
0.0
0.1904761904761905
0.4285714285714285
0.23529411764705882
0.2727272727272727
0.4
1.0
0.16
0.058823529411764705
0.125
0.631578947368421
0.34782608695652173
0.6666666666666666
0.13793103448275862
0.14814814814814817
0.125
0.22222222222222224
0.4285714285714285
0.4102564102564103
0.3529411764705882
0.22222222222222224
0.0
0.14285714285714285
0.13333333333333333
0.7368421052631577
0.7200000000000001
0.33333333333333326
0.2608695652173913
0.2
0.14814814814814817
0.6666666666666666
0.380952380952381
0.47058823529411764
0.888888888888889
0.25000000000000006
0.25
0.6
0.7272727272727272
0.6666666666666666
0.10526315789473685
0.0
0.4444444444444445
0.22222222222222224
0.13333333333333333
0.12765957446808512
0.2105263157894737
0.5263157894736842
0.2727272727272727
0.26666666666666666
0.058823529411764705
0.125
0.4
0.3529411764705882
0.23529411764705882
0.14285714285714288
0.41666666666666663
0.10000000000000002
0.26666666666666666
0.5833333333333334
0.23529411764705882
0.23880597014925373
0.12903225806451613
0.8000000000000002
0.2222222222222222
0.0909090909090909
0.25
0.3636363636363636
0.23529411764705882
0.20202020202020202
0.18181818181818182
0.3529411764705882
0.3
0.13333333333333333
0.3529411764705882
0.4285714285714285
0.17391304347826086
0.631578947368421
0.35294117647058826
0.0909090909090909
0.11111111111111112
0.3870967741935483
0.34285714285714286
0.2727272727272727
0.45454545454545453
0.4444444444444445
0.23529411764705882
0.20000000000000004
0.33333333333333326
0.25641025641025644
0.6666666666666666
0.4285714285714285
0.15
0.4285714285714285
0.37499999999999994
0.25
0.5333333333333333
0.2857142857142857
0.3529411764705882
0.4285714285714285
0.631578947368421
0.8571428571428572
0.5
0.7
0.17391304347826086
0.12244897959183675
0.4285714285714285
0.14285714285714288
0.3636363636363636
0.26666666666666666
0.1818181818181818
0.16666666666666666
0.37499999999999994
0.45454545454545453
0.06060606060606061
0.5333333333333333
0.6956521739130435
0.26666666666666666
0.6666666666666666
0.0
0.37499999999999994
0.588235294117647
0.3
0.7368421052631577
0.6363636363636365
0.28571428571428575
0.4
0.3529411764705882
0.41666666666666663
0.5
0.4285714285714285
0.0930232558139535
0.3448275862068966
0.06666666666666667
0.11764705882352941
0.18749999999999997
0.10000000000000002
0.3076923076923077
0.07692307692307693
0.47619047619047616
0.4
0.4
0.1904761904761905
0.125
0.4
0.11764705882352941
0.0
0.4444444444444445
0.26666666666666666
0.3529411764705882
0.24
0.34782608695652173
0.2727272727272727
0.18749999999999997
0.08333333333333333
0.0
0.23529411764705882
0.3448275862068966
0.5454545454545454
0.3125
0.34285714285714286
0.28571428571428564
0.5833333333333334
0.4444444444444445
0.26666666666666666
0.3333333333333333
0.6666666666666666
0.37499999999999994
0.14285714285714288
0.37499999999999994
0.11111111111111112
0.5
0.26666666666666666
0.56
0.4285714285714285
0.1818181818181818
0.1643835616438356
0.125
0.0
0.16
0.28571428571428575
0.3
0.4444444444444445
0.5
0.24
0.20689655172413793
0.5
0.4117647058823529
0.11764705882352941
0.24
0.5
0.5333333333333333
0.10526315789473685
0.24
0.2
0.23529411764705882
0.4
0.0
0.5714285714285715
0.3
0.11764705882352941
0.11111111111111112
0.5217391304347826
0.6666666666666666
0.42857142857142855
0.23529411764705882
0.3333333333333333
0.07317073170731707
0.625
0.3529411764705882
0.4
0.25806451612903225
0.18750000000000003
0.1904761904761905
0.15384615384615385
0.25000000000000006
0.5555555555555556
0.5714285714285715
0.4444444444444445
0.20000000000000004
0.8000000000000002
0.11764705882352941
0.9090909090909091
0.0
0.1818181818181818
0.2857142857142857
0.380952380952381
0.125
0.11764705882352941
0.4
0.37499999999999994
0.6666666666666665
0.26666666666666666
0.4000000000000001
0.5263157894736842
0.35714285714285715
0.5333333333333333
0.10810810810810811
0.2040816326530612
0.125
0.3333333333333333
0.5333333333333333
0.2
0.5333333333333333
0.14285714285714288
0.13333333333333333
0.4000000000000001
0.24
0.11111111111111112
0.7058823529411764
0.25
0.8421052631578948
0.4285714285714285
0.7058823529411764
0.48
0.37037037037037035
0.04444444444444444
0.6666666666666665
0.24
0.6666666666666666
0.1904761904761905
0.15217391304347827
0.7692307692307693
0.4000000000000001
0.4285714285714285
0.5333333333333333
0.11764705882352941
0.4347826086956522
0.26666666666666666
0.12121212121212122
0.14285714285714288
0.1818181818181818
0.05714285714285714
0.3333333333333333
0.06250000000000001
0.4
0.22857142857142856
0.4
0.32432432432432434
0.41666666666666663
0.3
0.47619047619047616
0.47058823529411764
0.3333333333333333
0.25
0.28571428571428575
0.26666666666666666
0.25
0.8181818181818182
0.0909090909090909
0.4285714285714285
0.37837837837837834
0.26666666666666666
0.18749999999999997
0.3636363636363636
0.2727272727272727
0.4000000000000001
0.23076923076923075
0.3529411764705882
0.26666666666666666
0.625
0.26666666666666666
0.13333333333333333
0.125
0.25000000000000006
0.3157894736842105
0.24390243902439024
0.14285714285714288
0.23529411764705882
0.3636363636363636
0.08695652173913045
0.26666666666666666
0.05714285714285714
0.34782608695652173
0.4
0.21428571428571427
0.3870967741935483
0.5333333333333333
0.33333333333333326
0.34782608695652173
0.23076923076923075
0.23529411764705882
0.4210526315789474
0.5333333333333333
0.6666666666666666
0.3157894736842105
0.22222222222222224
0.25
0.11111111111111112
0.5333333333333333
0.5263157894736842
0.4000000000000001
0.13333333333333333
0.0
0.1904761904761905
0.4
0.13333333333333333
0.0
0.20000000000000004
0.13333333333333333
0.09523809523809525
0.1904761904761905
0.1643835616438356
0.4
0.4
0.2105263157894737
0.0
0.26666666666666666
0.11764705882352941
0.2105263157894737
0.7368421052631577
0.21428571428571427
0.21052631578947364
0.25000000000000006
0.21276595744680854
0.22222222222222224
0.24
0.13333333333333333
0.28571428571428575
0.4210526315789474
0.08695652173913045
0.3157894736842105
0.15384615384615385
0.07407407407407408
0.625
0.16666666666666666
0.11764705882352941
0.14285714285714285
0.11538461538461536
0.6666666666666666
0.3529411764705882
0.5333333333333333
0.1818181818181818
0.33333333333333326
0.27906976744186046
0.13333333333333333
0.125
0.4
0.48
0.5714285714285715
0.3333333333333333
0.3
0.08
0.125
0.4444444444444445
0.761904761904762
0.1818181818181818
0.625
0.11111111111111112
0.26666666666666666
0.6153846153846154
0.2857142857142857
0.5333333333333333
0.5833333333333334
0.588235294117647
0.04878048780487805
0.5333333333333333
0.5
0.22222222222222224
0.47058823529411764
0.4000000000000001
0.22535211267605634
0.19354838709677416
0.5333333333333333
0.47058823529411764
0.5161290322580645
0.22222222222222224
0.20000000000000004
0.5333333333333333
0.25
0.23809523809523808
0.19354838709677416
0.23529411764705882
0.37499999999999994
0.3
0.25
0.5333333333333333
0.2105263157894737
0.3529411764705882
0.4
0.4
0.4
0.28571428571428575
0.17391304347826086
0.33333333333333326
0.05
0.13333333333333333
0.11764705882352941
0.6666666666666666
0.4000000000000001
0.5925925925925927
0.08695652173913045
0.35714285714285715
0.33333333333333326
0.6363636363636365
0.625
0.37499999999999994
0.3529411764705882
0.10000000000000002
0.3529411764705882
0.6666666666666666
0.23529411764705882
0.25
0.11764705882352941
0.6666666666666666
0.5454545454545454
0.0
0.4210526315789474
0.588235294117647
0.0
0.37499999999999994
0.0
0.0
0.5333333333333333
0.4285714285714285
0.4
0.4375
0.2608695652173913
0.2105263157894737
0.08695652173913043
0.26666666666666666
0.47058823529411764
0.23809523809523808
0.13333333333333333
0.6956521739130435
0.4210526315789474
0.1923076923076923
0.5
0.4444444444444445
0.16666666666666666
0.13333333333333333
0.23529411764705882
0.23529411764705882
0.2608695652173913
0.056338028169014086
0.13333333333333333
0.5333333333333333
0.25
0.4000000000000001
0.0
0.37499999999999994
0.26666666666666666
0.23529411764705882
0.380952380952381
0.3333333333333333
0.2857142857142857
0.28571428571428575
0.64
0.25
0.5
0.25
0.13333333333333333
0.3870967741935483
0.23529411764705882
0.09523809523809525
0.16666666666666666
0.20000000000000004
0.2105263157894737
0.23529411764705882
0.4285714285714285
0.37499999999999994
0.3333333333333333
0.26666666666666666
0.2040816326530612
0.4285714285714285
0.5384615384615384
0.16216216216216217
0.28571428571428575
0.0
0.2105263157894737
0.1904761904761905
0.20000000000000004
0.23529411764705882
0.47058823529411764
0.23529411764705882
0.28571428571428564
0.5
0.07692307692307693
0.6
0.11111111111111112
0.13333333333333333
0.125
0.11764705882352941
0.6666666666666666
0.3333333333333333
0.0
0.22857142857142856
0.125
0.0
0.1904761904761905
0.37499999999999994
0.05128205128205129
0.0
0.26666666666666666
0.11111111111111112
0.28571428571428575
0.3636363636363636
0.625
0.5
0.14285714285714288
0.24
0.33333333333333326
0.5263157894736842
0.11764705882352941
0.20000000000000004
0.10000000000000002
0.08
0.06896551724137931
0.26666666666666666
0.26666666666666666
0.5
0.47619047619047616
0.25
0.7692307692307693
0.0
0.6666666666666665
0.25
0.25
0.125
0.125
0.2173913043478261
0.11764705882352941
0.625
0.5714285714285715
0.25
0.0
0.1694915254237288
0.23809523809523808
0.4285714285714285
0.4210526315789474
0.4
0.23529411764705882
0.4285714285714285
0.20000000000000004
0.22222222222222224
0.08695652173913043
0.11764705882352941
0.1818181818181818
0.4
0.0975609756097561
0.4000000000000001
0.4285714285714285
0.4210526315789474
0.05970149253731343
0.0
0.125
0.4210526315789474
0.6666666666666665
0.2608695652173913
0.37499999999999994
0.14285714285714288
0.2222222222222222
0.3529411764705882
0.06250000000000001
0.1904761904761905
0.588235294117647
0.4
0.25
0.11111111111111112
0.32
0.33333333333333326
0.20000000000000004
0.6666666666666666
0.37499999999999994
0.1904761904761905
0.4
0.21621621621621623
0.6153846153846154
0.125
0.14285714285714288
0.10000000000000002
0.5714285714285714
0.14285714285714288
0.4285714285714285
0.17391304347826086
0.28571428571428564
0.13333333333333333
0.125
0.14285714285714288
0.3636363636363636
0.06666666666666667
0.37499999999999994
0.6666666666666666
0.09756097560975609
0.08
0.21505376344086022
0.8695652173913044
0.5555555555555556
0.4347826086956522
0.22222222222222224
0.5714285714285713
0.23529411764705882
0.07692307692307693
0.10526315789473685
0.25
0.3529411764705882
0.6666666666666666
0.3
0.0
0.22222222222222224
0.4285714285714285
0.13636363636363635
0.3448275862068966
0.4285714285714285
0.22222222222222224
0.23529411764705882
0.3
0.25
0.20512820512820515
0.5
0.2
0.14285714285714288
0.10526315789473685
0.37499999999999994
0.6
0.5
0.7499999999999999
0.3
0.6666666666666666
0.4
0.4615384615384615
0.22222222222222224
0.1935483870967742
0.6
0.5
0.125
0.5
0.1971830985915493
0.23529411764705882
0.37499999999999994
0.3448275862068966
0.14814814814814814
0.3529411764705882
0.17391304347826086
0.25
0.24
0.4
0.08955223880597013
0.7499999999999999
0.10526315789473685
0.3157894736842105
0.4
0.4285714285714285
0.5714285714285715
0.4
0.16216216216216217
0.18181818181818182
0.21428571428571427
0.26666666666666666
0.10000000000000002
0.28571428571428564
0.2909090909090909
0.20000000000000004
0.25
0.47058823529411764
0.5
0.25
0.9
0.15384615384615385
0.13333333333333333
0.4
0.28571428571428564
0.3
0.3
0.3529411764705882
0.11111111111111112
0.23529411764705882
0.2105263157894737
0.4
0.25
0.3529411764705882
0.33333333333333326
0.14285714285714288
0.17391304347826086
0.0
0.1904761904761905
0.3333333333333333
0.6666666666666665
0.0
0.3529411764705882
0.5185185185185185
0.588235294117647
0.5714285714285715
0.5263157894736842
0.25
0.14814814814814817
0.28571428571428575
0.11111111111111112
0.47058823529411764
0.37499999999999994
0.19417475728155342
0.6153846153846154
0.05405405405405406
0.16216216216216214
0.4
0.13333333333333333
0.05405405405405406
0.6363636363636365
0.28571428571428575
0.625
0.9
0.631578947368421
0.4
0.3636363636363636
0.09523809523809525
0.3529411764705882
0.11764705882352941
0.37499999999999994
0.0
0.28571428571428564
0.06666666666666667
0.0
0.5333333333333333
0.10526315789473685
0.0
0.3
0.28571428571428575
0.24
0.33333333333333326
0.22222222222222224
0.5
0.13333333333333333
0.11764705882352941
0.3636363636363636
0.14285714285714288
0.10000000000000002
0.24242424242424243
0.45454545454545453
0.22222222222222224
0.0
0.17391304347826086
0.5333333333333333
0.0
0.25
0.37499999999999994
0.6363636363636365
0.4651162790697675
0.47058823529411764
0.26666666666666666
0.20689655172413793
0.38461538461538464
0.28571428571428564
0.24242424242424243
0.25
0.07142857142857142
0.08695652173913043
0.11764705882352941
0.06060606060606061
0.6666666666666667
0.25806451612903225
0.25
0.11111111111111112
0.23529411764705882
0.5333333333333333
0.11904761904761905
0.23076923076923073
0.13333333333333333
0.4000000000000001
0.22857142857142856
0.28571428571428575
0.25
0.29411764705882354
0.0
0.20000000000000004
0.4210526315789474
0.27586206896551724
0.4285714285714285
0.3076923076923077
0.47058823529411764
0.20000000000000004
0.4210526315789474
0.6
0.4444444444444445
0.08
0.4285714285714285
0.4
0.16
0.26666666666666666
0.64
0.26666666666666666
0.20000000000000004
0.22222222222222224
0.0909090909090909
0.47058823529411764
0.24
0.4
0.4
0.3333333333333333
0.25
0.5
0.4166666666666667
0.25
0.33333333333333326
0.47058823529411764
0.56
0.5555555555555556
0.30303030303030304
0.8181818181818182
0.0
0.380952380952381
0.0
0.42857142857142855
0.21505376344086022
0.13333333333333333
0.5555555555555556
0.4444444444444445
0.2
0.6666666666666666
0.15384615384615385
0.28571428571428575
0.4000000000000001
0.06666666666666667
0.1739130434782609
0.26666666666666666
0.20000000000000004
0.5
0.3157894736842105
0.17391304347826086
0.14285714285714285
0.608695652173913
0.28571428571428564
0.10000000000000002
0.12903225806451613
0.13333333333333333
0.23529411764705882
0.32258064516129037
0.11111111111111112
0.5000000000000001
0.5714285714285713
0.5555555555555556
0.13333333333333333
0.2608695652173913
0.625
0.16
0.5714285714285714
0.16
0.4000000000000001
0.06779661016949151
0.4285714285714285
0.11111111111111112
0.28571428571428564
0.42424242424242425
0.28571428571428564
0.33333333333333326
0.4
0.15384615384615385
0.5
0.26666666666666666
0.0
0.11764705882352941
0.14285714285714288
0.5384615384615384
0.08
0.33333333333333326
0.23529411764705882
0.2608695652173913
0.25
0.17391304347826086
0.5333333333333333
0.0
0.37499999999999994
0.23529411764705882
0.3
0.9
0.0
0.4444444444444445
0.07692307692307693
0.4444444444444445
0.14285714285714288
0.26666666666666666
0.20000000000000004
0.4285714285714285
0.0
0.5263157894736842
0.0909090909090909
0.29166666666666663
0.37837837837837834
0.4
0.2105263157894737
0.26666666666666666
0.47058823529411764
0.4000000000000001
0.5217391304347826
0.4285714285714285
0.1818181818181818
0.23529411764705882
0.0
0.2105263157894737
0.588235294117647
0.37499999999999994
0.3157894736842105
0.22641509433962265
0.3636363636363636
0.25
0.11764705882352941
0.11764705882352941
0.23529411764705882
0.10526315789473685
0.23529411764705882
0.14285714285714288
0.588235294117647
0.10526315789473685
0.22222222222222224
0.0
0.0
0.3076923076923077
0.5185185185185185
0.11111111111111112
0.04878048780487805
0.05660377358490566
0.2857142857142857
0.42857142857142855
0.15789473684210525
0.625
0.2857142857142857
0.625
0.29411764705882354
0.22222222222222224
0.056338028169014086
0.26666666666666666
0.18181818181818182
0.625
0.10810810810810811
0.5263157894736842
0.26666666666666666
0.28571428571428575
0.36363636363636365
0.26666666666666666
0.34285714285714286
0.2
0.6363636363636365
0.07142857142857142
0.0
0.26666666666666666
0.32
0.11764705882352941
0.18518518518518517
0.36363636363636365
0.22222222222222224
0.47619047619047616
0.2727272727272727
0.13333333333333333
0.19354838709677416
0.4444444444444445
0.19354838709677416
0.4444444444444445
0.3636363636363636
0.2727272727272727
0.20000000000000004
0.32432432432432434
0.30434782608695654
0.25
0.4
0.33333333333333326
0.13333333333333333
0.7058823529411764
0.4210526315789474
0.4
0.25
0.5217391304347826
0.28571428571428575
0.4285714285714285
0.125
0.10714285714285714
0.22222222222222224
0.0
0.5384615384615384
0.26666666666666666
0.625
0.2727272727272727
0.0
0.2727272727272727
0.5217391304347826
0.26666666666666666
0.0
0.588235294117647
0.5
0.3157894736842105
0.26666666666666666
0.6666666666666666
0.4
0.5333333333333333
0.0
0.11764705882352941
0.4285714285714285
0.6666666666666666
0.06896551724137931
0.6666666666666666
0.6
0.13333333333333333
0.5217391304347826
0.5
0.2727272727272727
0.4
0.17777777777777776
0.22222222222222224
0.6666666666666666
0.10526315789473682
0.06250000000000001
0.22222222222222224
0.25
0.14814814814814817
0.25
0.5714285714285715
0.33333333333333326
0.28571428571428575
0.26666666666666666
0.4
0.0
0.2926829268292683
0.0
0.3076923076923077
0.25
0.380952380952381
0.16666666666666666
0.4000000000000001
0.23076923076923075
0.14285714285714288
0.45454545454545453
0.125
0.29629629629629634
0.11111111111111112
0.06666666666666667
0.14285714285714288
0.13793103448275862
0.0
0.3636363636363636
0.5405405405405406
0.29629629629629634
0.42424242424242425
0.0
0.1818181818181818
0.6666666666666666
0.07407407407407408
0.1818181818181818
0.16666666666666666
0.5
0.37499999999999994
0.28571428571428575
0.47619047619047616
0.19047619047619047
0.41379310344827586
0.3076923076923077
0.6666666666666666
0.125
0.6666666666666666
0.0625
0.33333333333333326
0.3636363636363636
0.25
0.0
0.2105263157894737
0.4000000000000001
0.34782608695652173
0.14285714285714288
0.18181818181818182
0.4
0.41379310344827586
0.4
0.2727272727272727
0.5185185185185185
0.13793103448275862
0.5714285714285715
0.0
0.4
0.22222222222222224
0.09523809523809525
0.13333333333333333
0.07142857142857142
0.6666666666666666
0.20000000000000004
0.27586206896551724
0.2105263157894737
0.3529411764705882
0.4
0.3
0.3529411764705882
0.6
0.4444444444444445
0.37499999999999994
0.48
0.23529411764705882
0.125
0.3157894736842105
0.25
0.25
0.1818181818181818
0.37499999999999994
0.3529411764705882
0.23728813559322035
0.10000000000000002
0.14285714285714288
0.25
0.0
0.10000000000000002
0.14285714285714288
0.25000000000000006
0.23529411764705882
0.28571428571428564
0.45454545454545453
0.05
0.11764705882352941
0.22222222222222224
0.6666666666666665
0.26666666666666666
0.4210526315789474
0.3333333333333333
0.35714285714285715
0.28571428571428575
0.1923076923076923
0.7200000000000001
0.5
0.3529411764705882
0.05
0.5333333333333333
0.13333333333333333
0.14285714285714288
0.26666666666666666
0.08695652173913043
0.33333333333333326
0.5333333333333333
0.6666666666666666
0.16
0.23529411764705882
0.2105263157894737
0.23529411764705882
0.4444444444444445
0.1904761904761905
0.26666666666666666
0.4
0.125
0.15384615384615385
0.3888888888888889
0.26666666666666666
0.380952380952381
0.2727272727272727
0.14285714285714288
0.125
0.3076923076923077
0.5384615384615384
0.15384615384615385
0.5625000000000001
0.33333333333333326
0.0
0.25
0.7272727272727272
0.3636363636363636
0.33333333333333326
0.25
0.5454545454545454
0.0
0.1111111111111111
0.3529411764705882
0.5185185185185185
0.25
0.625
0.8235294117647058
0.5333333333333333
0.4000000000000001
0.28571428571428564
0.21052631578947364
0.13333333333333333
0.4
0.08
0.2666666666666667
0.4
0.25
0.22222222222222224
0.4
0.26666666666666666
0.13333333333333333
0.11111111111111112
0.2105263157894737
0.13333333333333333
0.0
0.6896551724137931
0.3636363636363636
0.20512820512820515
0.16666666666666666
0.0909090909090909
0.4
0.6
0.32
0.27999999999999997
0.5
0.4210526315789474
0.26666666666666666
0.0
0.13333333333333333
0.4444444444444445
0.3529411764705882
0.5
0.4
0.26666666666666666
0.25
0.0
0.6666666666666666
0.10810810810810811
0.29629629629629634
0.11111111111111112
0.22222222222222224
0.3157894736842105
0.28571428571428564
0.13333333333333333
0.26666666666666666
0.3529411764705882
0.13333333333333333
0.4166666666666667
0.6666666666666666
0.5833333333333334
0.26666666666666666
0.1951219512195122
0.26666666666666666
0.75
0.13333333333333333
0.4285714285714285
0.15625
0.14285714285714288
0.4
0.8235294117647058
0.380952380952381
0.0
0.25
0.1818181818181818
0.28571428571428575
0.26666666666666666
0.14285714285714288
0.3157894736842105
0.7368421052631577
0.5333333333333333
0.26666666666666666
0.5
0.0
0.29411764705882354
0.3333333333333333
0.4
0.20000000000000004
0.3529411764705882
0.5555555555555556
0.5333333333333333
0.4444444444444445
0.10000000000000002
0.48
0.27586206896551724
0.27586206896551724
0.6363636363636365
0.13333333333333333
0.28571428571428575
0.26666666666666666
0.28571428571428575
0.26666666666666666
0.47058823529411764
0.25
0.22857142857142856
0.41379310344827586
0.3529411764705882
0.37499999999999994
0.14285714285714288
0.3529411764705882
0.16216216216216217
0.26666666666666666
0.13333333333333333
0.4444444444444445
0.125
0.37499999999999994
0.25
0.34782608695652173
0.5333333333333333
0.3529411764705882
0.2105263157894737
0.09523809523809525
0.4
0.38095238095238093
0.12500000000000003
0.5333333333333333
0.07407407407407408
0.07407407407407408
0.23529411764705882
0.3529411764705882
0.0
0.45454545454545453
0.5
0.13333333333333333
0.47058823529411764
0.47058823529411764
0.25000000000000006
0.37499999999999994
0.6428571428571429
0.4000000000000001
0.3529411764705882
0.0
0.3181818181818182
0.26666666666666666
0.47058823529411764
0.5454545454545454
0.3636363636363636
0.5714285714285715
0.06666666666666667
0.26666666666666666
0.3529411764705882
0.26666666666666666
0.19672131147540983
0.37499999999999994
0.09523809523809525
0.3125
0.11764705882352941
0.4
0.24
0.27586206896551724
0.6363636363636365
0.06250000000000001
0.12903225806451613
0.26666666666666666
0.23728813559322035
0.6666666666666666
0.3333333333333333
0.21428571428571427
0.8571428571428572
0.37499999999999994
0.20000000000000004
0.11111111111111112
0.07317073170731707
0.4210526315789474
0.11764705882352941
0.3529411764705882
0.5333333333333333
0.25
0.21621621621621623
0.10126582278481013
0.13793103448275862
0.25
0.4210526315789474
0.1904761904761905
0.26666666666666666
0.1724137931034483
0.5555555555555556
0.25
0.0
0.0
0.04545454545454545
0.2857142857142857
0.8000000000000002
0.13333333333333333
0.5
0.4444444444444445
0.13333333333333333
0.42857142857142855
0.6666666666666666
0.37499999999999994
0.23529411764705882
0.08695652173913043
0.22222222222222224
0.3529411764705882
0.19417475728155342
0.08
0.25
0.25
0.0
0.28571428571428575
0.11428571428571428
0.2
0.37499999999999994
0.08695652173913045
0.4000000000000001
0.28571428571428575
0.28571428571428575
0.22222222222222224
0.4
0.15384615384615385
0.23529411764705882
0.26666666666666666
0.45161290322580644
0.625
0.11764705882352941
0.14285714285714288
0.0
0.14814814814814817
0.34782608695652173
0.7368421052631577
0.16
0.47619047619047616
0.4285714285714285
0.588235294117647
0.13333333333333333
0.21428571428571427
0.25806451612903225
0.11111111111111112
0.47058823529411764
0.4444444444444445
0.12121212121212122
0.32000000000000006
0.37037037037037035
0.37499999999999994
0.5555555555555556
0.28571428571428564
0.4347826086956522
0.6666666666666666
0.5
0.5
0.6
0.5
0.11764705882352941
0.380952380952381
0.23529411764705882
0.1818181818181818
0.5
0.7499999999999999
0.2
0.26666666666666666
0.2608695652173913
0.380952380952381
0.25
0.32
0.26666666666666666
0.16
0.15384615384615385
0.5263157894736842
0.3636363636363636
0.3
0.8235294117647058
0.13333333333333333
0.0
0.37499999999999994
0.3888888888888889
0.4
0.37037037037037035
0.48484848484848486
0.625
0.30303030303030304
0.2105263157894737
0.5333333333333333
0.26666666666666666
0.761904761904762
0.24
0.20000000000000004
0.17391304347826086
0.10526315789473685
0.1639344262295082
0.10526315789473685
0.37499999999999994
0.25
0.10000000000000002
0.37499999999999994
0.5333333333333333
0.7058823529411764
0.5714285714285715
0.625
0.13333333333333333
0.4285714285714285
0.37499999999999994
0.13333333333333333
0.12121212121212122
0.038461538461538464
0.37499999999999994
0.45714285714285713
0.13333333333333333
0.2702702702702703
0.22222222222222224
0.28571428571428575
0.20000000000000004
0.11111111111111112
0.18749999999999997
0.2105263157894737
0.23529411764705882
0.23529411764705882
0.07272727272727272
0.25641025641025644
0.26666666666666666
0.13333333333333333
0.37499999999999994
0.4210526315789474
0.4210526315789474
0.5555555555555556
0.37499999999999994
0.3
0.25
0.4
0.5
0.3529411764705882
0.06666666666666667
0.2105263157894737
0.2
0.28571428571428575
0.2105263157894737
0.5333333333333333
0.6896551724137931
0.4444444444444445
0.34782608695652173
0.11764705882352941
0.9090909090909091
0.3529411764705882
0.14285714285714288
0.0
0.28571428571428564
0.25
0.1818181818181818
0.47619047619047616
0.20000000000000004
0.45454545454545453
0.4285714285714285
0.125
0.5714285714285715
0.2727272727272727
0.10000000000000002
0.3076923076923077
0.5
0.47058823529411764
0.37499999999999994
0.18181818181818182
0.28571428571428575
0.29629629629629634
0.25
0.13793103448275862
0.4390243902439024
0.28571428571428575
0.20000000000000004
0.0
0.0
0.125
0.25
0.0
0.5333333333333333
0.1818181818181818
0.15
0.0
0.125
0.4
0.22222222222222224
0.37499999999999994
0.09523809523809525
0.0
0.588235294117647
0.41666666666666663
0.6153846153846154
0.28571428571428575
0.28571428571428564
0.10810810810810811
0.22222222222222224
0.26666666666666666
0.10810810810810811
0.10000000000000002
0.37499999999999994
0.14285714285714288
0.5
0.4
0.4210526315789474
0.4
0.26666666666666666
0.25
0.1904761904761905
0.29411764705882354
0.27586206896551724
0.5263157894736842
0.3902439024390244
0.25
0.28571428571428564
0.5625000000000001
0.10526315789473685
0.14285714285714288
0.26666666666666666
0.26666666666666666
0.8421052631578948
0.22727272727272727
0.33333333333333326
0.26666666666666666
0.4
0.1342281879194631
0.11111111111111112
0.11111111111111112
0.13333333333333333
0.10526315789473685
0.13333333333333333
0.23529411764705882
0.23529411764705882
0.4210526315789474
0.16666666666666666
0.761904761904762
0.21428571428571427
0.25
0.13333333333333333
0.5333333333333333
0.0909090909090909
0.28571428571428575
0.1904761904761905
0.37499999999999994
0.28571428571428575
0.4285714285714285
0.3636363636363636
0.5333333333333333
0.26865671641791045
0.22222222222222224
0.2105263157894737
0.11764705882352941
0.28571428571428564
0.19047619047619047
0.0909090909090909
0.09523809523809525
0.37499999999999994
0.23529411764705882
0.11764705882352941
0.20000000000000004
0.0
0.22222222222222224
0.14545454545454545
0.23529411764705882
0.13333333333333333
0.6
0.125
0.5714285714285715
0.23529411764705882
0.11111111111111112
0.4444444444444445
0.07692307692307693
0.5714285714285715
0.15789473684210525
0.17647058823529413
0.3529411764705882
0.23529411764705882
0.23188405797101452
0.16666666666666666
0.3157894736842105
0.5333333333333333
0.8181818181818182
0.1904761904761905
0.3529411764705882
0.14285714285714288
0.22222222222222224
0.4444444444444445
0.13333333333333333
0.4
0.07407407407407408
0.4444444444444445
0.09523809523809525
0.13333333333333333
0.588235294117647
0.25
0.28571428571428564
0.26666666666666666
0.28571428571428575
0.4285714285714285
0.0909090909090909
0.125
0.25925925925925924
0.3076923076923077
0.3
0.11538461538461536
0.14285714285714288
0.4
0.11940298507462686
0.0
0.4210526315789474
0.1818181818181818
0.5
0.20779220779220778
0.11764705882352941
0.09523809523809525
0.09523809523809525
0.2608695652173913
0.03571428571428571
0.05263157894736841
0.5714285714285715
0.23255813953488375
0.588235294117647
0.10526315789473685
0.5
0.09523809523809525
0.4347826086956522
0.2727272727272727
0.4444444444444445
0.3
0.12987012987012989
0.45454545454545453
0.6
0.3529411764705882
0.37499999999999994
0.588235294117647
0.25000000000000006
0.45454545454545453
0.37499999999999994
0.11764705882352941
0.625
0.20000000000000004
0.13333333333333333
0.11764705882352941
0.34782608695652173
0.4166666666666667
0.16666666666666666
0.5714285714285715
0.6666666666666666
0.23529411764705882
0.28571428571428575
0.4210526315789474
0.20000000000000004
0.25
0.04347826086956522
0.625
0.5263157894736842
0.11111111111111112
0.4444444444444445
0.3478260869565218
0.5714285714285715
0.5384615384615384
0.11111111111111112
0.5
0.12121212121212122
0.05714285714285714
0.5
0.42857142857142855
0.26666666666666666
0.3636363636363636
0.0909090909090909
0.125
0.3448275862068966
0.26666666666666666
0.3636363636363636
0.31034482758620696
0.13333333333333333
0.5000000000000001
0.2727272727272727
0.4
0.10526315789473685
0.4
0.33333333333333326
0.21428571428571427
0.48
0.10526315789473682
0.4210526315789474
0.11111111111111112
0.1111111111111111
0.28571428571428564
0.1111111111111111
0.21621621621621623
0.09523809523809525
0.5
0.8333333333333333
0.37499999999999994
0.23076923076923075
0.33333333333333326
0.23529411764705882
0.06896551724137931
0.125
0.27586206896551724
0.125
0.4285714285714285
0.3157894736842105
0.41666666666666663
0.0
0.30303030303030304
0.5263157894736842
0.4
0.23529411764705882
0.11111111111111112
0.41666666666666663
0.0
0.761904761904762
0.5333333333333333
0.8421052631578948
0.23076923076923075
0.26666666666666666
0.10000000000000002
0.0
0.22222222222222224
0.25
0.5333333333333333
0.14814814814814817
0.25
0.13888888888888887
0.3333333333333333
0.26666666666666666
0.12698412698412698
0.6363636363636365
0.16
0.25
0.4
0.3529411764705882
0.2
0.25
0.4
0.6666666666666666
0.11111111111111109
0.33333333333333326
0.17391304347826086
0.25
0.5925925925925927
0.23529411764705882
0.15384615384615385
0.11111111111111112
0.0
0.1818181818181818
0.6666666666666665
0.17391304347826086
0.5714285714285715
0.47619047619047616
0.26666666666666666
0.4
0.380952380952381
0.5384615384615384
0.4
0.0
0.4
0.6
0.08333333333333333
0.631578947368421
0.10000000000000002
0.26666666666666666
0.7058823529411764
0.0
0.6666666666666666
0.608695652173913
0.08695652173913043
0.28571428571428575
0.888888888888889
0.48648648648648646
0.0909090909090909
0.33333333333333326
0.13333333333333333
0.37499999999999994
0.08
0.26666666666666666
0.26666666666666666
0.18518518518518517
0.125
0.10526315789473685
0.22222222222222224
0.4347826086956522
0.27906976744186046
0.5555555555555556
0.125
0.32
0.11111111111111112
0.08333333333333333
0.32432432432432434
0.33333333333333326
0.125
0.47058823529411764
0.23529411764705882
0.10000000000000002
0.37499999999999994
0.0
0.47058823529411764
0.7499999999999999
0.23076923076923075
0.5
0.13333333333333333
0.25
0.23529411764705882
0.6666666666666666
0.0
0.3157894736842105
0.3
0.2380952380952381
0.4
0.4210526315789474
0.125
0.26666666666666666
0.11764705882352941
0.5555555555555556
0.41860465116279066
0.0
0.4
0.125
0.13333333333333333
0.28571428571428575
0.14285714285714285
0.10526315789473685
0.06250000000000001
0.37499999999999994
0.37499999999999994
0.28571428571428564
0.20000000000000004
0.8235294117647058
0.0
0.2608695652173913
0.4285714285714285
0.6666666666666666
0.17391304347826086
0.4444444444444445
0.64
0.11764705882352941
0.17777777777777776
0.5714285714285713
0.8421052631578948
0.11764705882352941
0.25
0.25
0.4
0.5263157894736842
0.13333333333333333
0.25
0.0
0.37499999999999994
0.33333333333333326
0.25
0.3529411764705882
0.16666666666666666
0.7058823529411764
0.45161290322580644
0.5555555555555556
0.5
0.25
0.3157894736842105
0.4
0.125
0.631578947368421
0.21428571428571427
0.0
0.0
0.25
0.17647058823529413
0.4
0.0
0.33333333333333326
0.2727272727272727
0.25
0.10526315789473685
0.7368421052631577
0.4
0.588235294117647
0.0
0.10526315789473682
0.12765957446808512
0.20833333333333334
0.5555555555555556
0.10000000000000002
0.5333333333333333
0.45714285714285713
0.32000000000000006
0.11764705882352941
0.33333333333333326
0.13793103448275862
0.14285714285714288
0.8181818181818182
0.0
0.3902439024390244
0.0
0.5
0.22727272727272727
0.08
0.10810810810810811
0.3076923076923077
0.3225806451612903
0.47058823529411764
0.5217391304347826
0.42857142857142855
0.37499999999999994
0.2898550724637681
0.41379310344827586
0.14285714285714288
0.0975609756097561
0.6153846153846154
0.4285714285714285
0.5555555555555556
0.21428571428571427
0.6666666666666666
0.2857142857142857
0.28571428571428575
0.11111111111111112
0.4
0.5555555555555556
0.6
0.30303030303030304
0.23728813559322035
0.41379310344827586
0.23529411764705882
0.6666666666666666
0.22222222222222224
0.13559322033898302
0.4285714285714285
0.34782608695652173
0.5882352941176471
0.3888888888888889
0.5333333333333333
0.20000000000000004
0.625
0.28571428571428575
0.12698412698412698
0.7
0.0
0.37499999999999994
0.588235294117647
0.4444444444444445
0.4
0.23076923076923075
0.18749999999999997
0.47058823529411764
0.20000000000000004
0.1904761904761905
0.0
0.23529411764705882
0.26666666666666666
0.11111111111111112
0.11111111111111112
0.7777777777777777
0.37499999999999994
0.11428571428571428
0.5
0.38095238095238093
0.125
0.11764705882352941
0.3333333333333333
0.4285714285714285
0.0
0.33333333333333326
0.26666666666666666
0.6153846153846154
0.3225806451612903
0.45454545454545453
0.5
0.0
0.14285714285714285
0.14285714285714288
0.33333333333333326
0.0
0.20689655172413793
0.11764705882352941
0.2
0.26666666666666666
0.33333333333333326
0.888888888888889
0.41666666666666663
0.6666666666666665
0.0
0.24
0.11764705882352941
0.33333333333333326
0.1904761904761905
0.25
0.625
0.3448275862068966
0.4
0.2727272727272727
0.3529411764705882
0.37499999999999994
0.3076923076923077
0.7777777777777777
0.33333333333333326
0.3636363636363636
0.3333333333333333
0.09523809523809525
0.11428571428571428
0.10526315789473685
0.9090909090909091
0.4285714285714285
0.22222222222222224
0.10000000000000002
0.37499999999999994
0.22857142857142856
0.1142857142857143
0.588235294117647
0.4285714285714285
0.4375
0.26666666666666666
0.0
0.5
0.12121212121212122
0.25
0.2857142857142857
0.17647058823529413
0.75
0.3529411764705882
0.11764705882352941
0.26666666666666666
0.3
0.5
0.47619047619047616
0.0
0.4285714285714285
0.04878048780487805
0.3448275862068966
0.888888888888889
0.3636363636363636
0.37499999999999994
0.23529411764705882
0.3157894736842105
0.4
0.14285714285714288
0.4
0.37499999999999994
0.4000000000000001
0.5714285714285715
0.761904761904762
0.5384615384615384
0.5555555555555556
0.5333333333333333
0.38461538461538464
0.42857142857142855
0.11111111111111112
0.5
0.2857142857142857
0.24390243902439024
0.15384615384615385
0.26666666666666666
0.8235294117647058
0.26666666666666666
0.0
0.0
0.5333333333333333
0.6
0.14814814814814817
0.29629629629629634
0.22222222222222224
0.4444444444444445
0.3529411764705882
0.075
0.5
0.25
0.08955223880597013
0.4444444444444445
0.25
0.2727272727272727
0.5263157894736842
0.5
0.125
0.14634146341463414
0.13333333333333333
0.7
0.47619047619047616
0.0
0.3
0.588235294117647
0.14285714285714288
0.09523809523809525
0.7777777777777777
0.6153846153846154
0.21621621621621623
0.22222222222222224
0.37499999999999994
0.20689655172413793
0.28571428571428575
0.10526315789473682
0.5
0.08333333333333333
0.9090909090909091
0.5333333333333333
0.13333333333333333
0.22222222222222224
0.4
0.37499999999999994
0.5
0.34782608695652173
0.26666666666666666
0.5333333333333333
0.588235294117647
0.125
0.25
0.3636363636363636
0.4000000000000001
0.2105263157894737
0.26666666666666666
0.5217391304347826
0.5714285714285715
0.4
0.761904761904762
0.125
0.3125
0.3225806451612903
0.4444444444444445
0.37499999999999994
0.11764705882352941
0.4
0.06060606060606061
0.10526315789473685
0.37499999999999994
0.4666666666666667
0.11428571428571428
0.6666666666666666
0.2105263157894737
0.45161290322580644
0.48
0.23255813953488375
0.25
0.3333333333333333
0.15555555555555553
0.23529411764705882
0.11764705882352941
0.25
0.23529411764705882
0.4
0.12987012987012986
0.26666666666666666
0.23529411764705882
0.23076923076923075
0.5833333333333334
0.11650485436893201
0.47058823529411764
0.34782608695652173
0.11764705882352941
0.14285714285714288
0.16
0.10000000000000002
0.32
0.0
0.5185185185185185
0.3684210526315789
0.37499999999999994
0.4
0.9090909090909091
0.3529411764705882
0.28571428571428575
0.5454545454545454
0.47619047619047616
0.23529411764705882
0.588235294117647
0.26666666666666666
0.25
0.33333333333333326
0.125
0.47619047619047616
0.28571428571428575
0.4
0.37499999999999994
0.5
0.5333333333333333
0.5
0.4000000000000001
0.5263157894736842
0.4102564102564103
0.26666666666666666
0.4210526315789474
0.3333333333333333
0.10810810810810811
0.6363636363636365
0.6666666666666666
0.28571428571428575
0.37499999999999994
0.11764705882352941
0.4
0.13333333333333333
0.14285714285714285
0.16
0.4285714285714285
0.15789473684210525
0.06451612903225806
0.10810810810810811
0.0
0.5333333333333333
0.4
0.6363636363636365
0.13333333333333333
0.22222222222222224
0.28571428571428564
0.25
0.4
0.761904761904762
0.0
0.4444444444444445
0.631578947368421
0.10000000000000002
0.4
0.28571428571428575
0.5454545454545454
0.380952380952381
0.3333333333333333
0.25
0.14814814814814817
0.28571428571428575
0.25
0.625
0.29629629629629634
0.380952380952381
0.0930232558139535
0.28571428571428564
0.4
0.33333333333333326
0.2608695652173913
0.26666666666666666
0.2727272727272727
0.4285714285714285
0.0
0.1904761904761905
0.37499999999999994
0.4615384615384615
0.23529411764705882
0.4444444444444445
0.12
0.6666666666666666
0.23529411764705882
0.20689655172413793
0.4210526315789474
0.11764705882352941
0.4285714285714285
0.22222222222222224
0.11764705882352941
0.21052631578947364
0.5714285714285715
0.08695652173913043
0.4
0.23529411764705882
0.28571428571428564
0.25
0.4
0.4
0.4
0.2777777777777778
0.20000000000000004
0.08695652173913045
0.41860465116279066
0.34285714285714286
0.6666666666666666
0.6666666666666666
0.4
0.4
0.11764705882352941
0.17391304347826086
0.5714285714285715
0.23529411764705882
0.8000000000000002
0.7368421052631577
0.07142857142857142
0.7058823529411764
0.05128205128205129
0.3636363636363636
0.22222222222222224
0.14285714285714288
0.45161290322580644
0.5333333333333333
0.5
0.0
0.36363636363636365
0.17391304347826086
0.11764705882352941
0.45454545454545453
0.30303030303030304
0.1951219512195122
0.28571428571428564
0.13333333333333333
0.13333333333333333
0.25
0.13333333333333333
0.4
0.08695652173913043
0.34782608695652173
0.48275862068965514
0.28571428571428575
0.7058823529411764
0.11940298507462686
0.07843137254901962
0.5714285714285715
0.0
0.3278688524590164
0.3018867924528302
0.26666666666666666
0.25
0.028985507246376815
0.20000000000000004
0.33333333333333326
0.14814814814814814
0.21428571428571427
0.28571428571428575
0.22222222222222224
0.25
0.4444444444444445
0.0
0.4444444444444445
0.047619047619047616
0.11764705882352941
0.4
0.380952380952381
0.5333333333333333
0.37037037037037035
0.25
0.5
0.6666666666666666
0.17391304347826086
0.37499999999999994
0.625
0.18518518518518517
0.3157894736842105
0.0
0.163265306122449
0.17142857142857143
0.3636363636363636
0.26666666666666666
0.625
0.37499999999999994
0.5333333333333333
0.33333333333333326
0.0
0.28571428571428575
0.26666666666666666
0.28571428571428575
0.20000000000000004
0.18749999999999997
0.3529411764705882
0.25
0.1904761904761905
0.23880597014925373
0.22222222222222224
0.5333333333333333
0.2608695652173913
0.4615384615384615
0.25
0.2727272727272727
0.0
0.22857142857142856
0.380952380952381
0.3157894736842105
0.13333333333333333
0.10000000000000002
0.13333333333333333
0.14285714285714288
0.761904761904762
0.10526315789473682
0.15384615384615385
0.2448979591836735
0.17391304347826086
0.4
0.14814814814814817
0.08
0.10526315789473685
0.19047619047619047
0.41379310344827586
0.47058823529411764
0.0
0.32
0.12121212121212122
0.5333333333333333
0.125
0.19047619047619047
0.28571428571428575
0.16666666666666666
0.37037037037037035
0.11111111111111112
0.33333333333333326
0.6
0.16216216216216217
0.3529411764705882
0.5
0.4
0.10000000000000002
0.3
0.26666666666666666
0.28571428571428575
0.11764705882352941
0.26666666666666666
0.5714285714285713
0.13333333333333333
0.3076923076923077
0.47058823529411764
0.5454545454545454
0.19354838709677416
0.26666666666666666
0.0
0.4347826086956522
0.13636363636363635
0.22222222222222224
0.5714285714285715
0.7499999999999999
0.11764705882352941
0.3333333333333333
0.5
0.3333333333333333
0.6666666666666666
0.0
0.13333333333333333
0.3636363636363636
0.18749999999999997
0.47058823529411764
0.25
0.26666666666666666
0.6153846153846154
0.6666666666666666
0.2105263157894737
0.7272727272727272
0.0
0.13333333333333333
0.6666666666666666
0.588235294117647
0.33333333333333326
0.4285714285714285
0.4
0.41666666666666663
0.0
0.625
0.4
0.13333333333333333
0.5
0.25
0.5000000000000001
0.10000000000000002
0.2105263157894737
0.2857142857142857
0.2608695652173913
0.7
0.0
0.37499999999999994
0.24
0.6666666666666666
0.18749999999999997
0.35714285714285715
0.28571428571428564
0.23529411764705882
0.3
0.06896551724137931
0.26666666666666666
0.588235294117647
0.47058823529411764
0.18749999999999997
0.6666666666666665
0.37499999999999994
0.5
0.11111111111111112
0.22222222222222224
0.28571428571428564
0.5555555555555556
0.37499999999999994
0.6666666666666666
0.34782608695652173
0.5
0.13333333333333333
0.34782608695652173
0.4
0.16129032258064518
0.08
0.2105263157894737
0.5
0.5
0.23529411764705882
0.7272727272727272
0.3636363636363636
0.0
0.25000000000000006
0.0
0.4
0.28571428571428575
0.3157894736842105
0.37037037037037035
0.5714285714285715
0.7499999999999999
0.33333333333333326
0.22222222222222224
0.28571428571428564
0.34782608695652173
0.125
0.5714285714285713
0.0
0.26666666666666666
0.11764705882352941
0.3076923076923077
0.28571428571428575
0.28571428571428564
0.13333333333333333
0.10389610389610389
0.2
0.4
0.37499999999999994
0.3157894736842105
0.14285714285714288
0.11764705882352941
0.32
0.3157894736842105
0.5454545454545454
0.125
0.4
0.28571428571428575
0.10000000000000002
0.11111111111111112
0.42424242424242425
0.3529411764705882
0.23529411764705882
0.34782608695652173
0.4444444444444445
0.24
0.4
0.32432432432432434
0.6666666666666665
0.2153846153846154
0.22222222222222224
0.2105263157894737
0.13333333333333333
0.05555555555555555
0.37037037037037035
0.380952380952381
0.8421052631578948
0.2631578947368421
0.125
0.13333333333333333
0.14285714285714288
0.11764705882352941
0.4
0.2608695652173913
0.20000000000000004
0.5405405405405406
0.0
0.6666666666666666
0.34782608695652173
0.10526315789473685
0.33333333333333326
0.47058823529411764
0.4000000000000001
0.3
0.5555555555555556
0.5
0.23529411764705882
0.0816326530612245
0.4444444444444445
0.631578947368421
0.23529411764705882
0.4285714285714285
0.25
0.35714285714285715
0.4444444444444445
0.125
0.10526315789473685
0.25
0.125
0.3636363636363636
0.05714285714285714
0.3111111111111111
0.5
0.10526315789473685
0.2727272727272727
0.11764705882352941
0.47058823529411764
0.5185185185185185
0.125
0.09523809523809525
0.10000000000000002
0.23529411764705882
0.56
0.22222222222222224
0.4
0.4444444444444445
0.3529411764705882
0.12698412698412698
0.34782608695652173
0.33333333333333326
0.4444444444444445
0.26666666666666666
0.14285714285714288
0.4444444444444445
0.17391304347826086
0.11764705882352941
0.1818181818181818
0.45714285714285713
0.326530612244898
0.14285714285714285
0.15384615384615385
0.3
0.25
0.5714285714285715
0.28571428571428575
0.23529411764705882
0.6363636363636365
0.22222222222222224
0.10000000000000002
0.25
0.26666666666666666
0.125
0.17391304347826086
0.37499999999999994
0.20000000000000004
0.10526315789473682
0.08333333333333333
0.12307692307692307
0.37499999999999994
0.37499999999999994
0.16666666666666666
0.41379310344827586
0.4000000000000001
0.4
0.5185185185185185
0.0909090909090909
0.0
0.17647058823529413
0.23529411764705882
0.09523809523809525
0.23529411764705882
0.5333333333333333
0.26666666666666666
0.22222222222222224
0.3636363636363636
0.26666666666666666
0.26666666666666666
0.15789473684210525
0.28571428571428575
0.1818181818181818
0.26666666666666666
0.0
0.10256410256410257
0.14285714285714288
0.6666666666666665
0.25641025641025644
0.380952380952381
0.17391304347826086
0.3529411764705882
0.11764705882352941
0.0
0.4210526315789474
0.37499999999999994
0.0888888888888889
0.14285714285714288
0.5
0.3529411764705882
0.5
0.3333333333333333
0.20000000000000004
0.47058823529411764
0.06666666666666667
0.09523809523809525
0.1818181818181818
0.4285714285714285
0.10526315789473685
0.33333333333333326
0.4210526315789474
0.20000000000000004
0.11764705882352941
0.28571428571428564
0.27118644067796605
0.6
0.26666666666666666
0.6666666666666666
0.125
0.28571428571428575
0.5
0.0
0.13793103448275862
0.09523809523809525
0.4285714285714285
0.14285714285714285
0.23529411764705882
0.5294117647058825
0.5
0.24242424242424243
0.28571428571428575
0.3333333333333333
0.1818181818181818
0.6451612903225806
0.28571428571428575
0.30303030303030304
0.3157894736842105
0.37037037037037035
0.47058823529411764
0.0
0.3157894736842105
0.22222222222222224
0.22222222222222224
0.16
0.25
0.26666666666666666
0.09523809523809525
0.4666666666666667
0.15384615384615385
0.14285714285714288
0.4000000000000001
0.16
0.0
0.125
0.5714285714285715
0.125
0.28571428571428564
0.3157894736842105
0.4
0.0
0.18749999999999997
0.6363636363636365
0.34782608695652173
0.11764705882352941
0.7272727272727272
0.25
0.0547945205479452
0.4
0.6363636363636365
0.13333333333333333
0.13333333333333333
0.5
0.10526315789473685
0.3
0.23076923076923075
0.23529411764705882
0.4
0.4444444444444445
0.5
0.5806451612903225
0.25
0.14285714285714285
0.29629629629629634
0.18749999999999997
0.608695652173913
0.14285714285714288
0.4
0.4285714285714286
0.23529411764705882
0.26666666666666666
0.625
0.33333333333333326
0.28571428571428575
0.0
0.48
0.1904761904761905
0.4
0.0
0.47619047619047616
0.22857142857142856
0.08
0.11111111111111112
0.1111111111111111
0.5263157894736842
0.0
0.24
0.4210526315789474
0.0
0.11111111111111112
0.37499999999999994
0.08
0.380952380952381
0.0
0.6666666666666666
0.26666666666666666
0.5263157894736842
0.13333333333333333
0.22222222222222224
0.125
0.3157894736842105
0.26666666666666666
0.16
0.4
0.6666666666666666
0.28571428571428575
0.22222222222222224
0.48
0.6666666666666666
0.25
0.14285714285714285
0.5
0.125
0.3529411764705882
0.10000000000000002
0.45454545454545453
0.2105263157894737
0.28571428571428575
0.0
0.0
0.29629629629629634
0.28571428571428575
0.19178082191780818
0.25806451612903225
0.23529411764705882
0.4210526315789474
0.2631578947368421
0.37499999999999994
0.37037037037037035
0.13333333333333333
0.25
0.11111111111111112
0.26666666666666666
0.1111111111111111
0.2622950819672131
0.47619047619047616
0.14285714285714288
0.3333333333333333
0.1702127659574468
0.3529411764705882
0.3529411764705882
0.28571428571428575
0.34782608695652173
0.14285714285714288
0.28571428571428575
0.08
0.5714285714285715
0.10526315789473685
0.38461538461538464
0.13333333333333333
0.6956521739130435
0.0
0.38461538461538464
0.0
0.3255813953488372
0.0
0.9473684210526316
0.24615384615384614
0.4285714285714285
0.6
0.47058823529411764
0.37499999999999994
0.25
0.25
0.29629629629629634
0.3157894736842105
0.38095238095238093
0.5333333333333333
0.3888888888888889
0.0
0.6666666666666665
0.2105263157894737
0.4
0.6666666666666666
0.11940298507462686
0.5333333333333333
0.0
0.21276595744680854
0.3529411764705882
0.23529411764705882
0.7
0.20000000000000004
0.7200000000000001
0.64
0.26666666666666666
0.6666666666666666
0.38461538461538464
0.22222222222222224
0.19753086419753088
0.22222222222222224
0.4444444444444445
0.56
0.5333333333333333
0.4210526315789474
0.2903225806451613
0.163265306122449
0.5714285714285715
0.10526315789473685
0.37499999999999994
0.26666666666666666
0.23333333333333336
0.37499999999999994
0.6666666666666665
0.26666666666666666
0.12658227848101267
0.3529411764705882
0.2909090909090909
0.3529411764705882
0.33333333333333337
0.6363636363636365
0.5
0.3333333333333333
0.16666666666666666
0.4
0.15384615384615385
0.23529411764705882
0.6
0.26666666666666666
0.5333333333333333
0.25
0.1904761904761905
0.34782608695652173
0.3529411764705882
0.4347826086956522
0.125
0.22222222222222224
0.0
0.47058823529411764
0.7368421052631577
0.33333333333333326
0.26666666666666666
0.8181818181818182
0.225
0.4
0.34782608695652173
0.8571428571428572
0.10526315789473685
0.25
0.08695652173913043
0.26666666666666666
0.0975609756097561
0.4444444444444445
0.4444444444444445
0.11764705882352941
0.08
0.11764705882352941
0.5555555555555556
0.45454545454545453
0.125
0.29629629629629634
0.28571428571428575
0.6923076923076923
0.3529411764705882
0.26666666666666666
0.22222222222222224
0.14285714285714288
0.5333333333333333
0.25000000000000006
0.3529411764705882
0.25
0.28571428571428575
0.5333333333333333
0.21505376344086022
0.22222222222222224
0.588235294117647
0.26666666666666666
0.0
0.13333333333333333
0.3529411764705882
0.20000000000000004
0.0909090909090909
0.28571428571428575
0.14285714285714288
0.2105263157894737
0.3529411764705882
0.28571428571428575
0.5882352941176471
0.29629629629629634
0.19999999999999998
0.37499999999999994
0.32432432432432434
0.0
0.20000000000000004
0.37037037037037035
0.6
0.625
0.3225806451612903
0.5333333333333333
0.23529411764705882
0.7407407407407407
0.7
0.5263157894736842
0.0
0.4
0.22222222222222224
0.2105263157894737
0.28571428571428575
0.10000000000000002
0.2040816326530612
0.33333333333333326
0.4444444444444445
0.8333333333333333
0.2926829268292683
0.25
0.28571428571428575
0.0
0.125
0.23529411764705882
0.3157894736842105
0.358974358974359
0.12903225806451613
0.0
0.20000000000000004
0.5333333333333333
0.09523809523809525
0.37499999999999994
0.6923076923076923
0.26666666666666666
0.4444444444444445
0.11764705882352941
0.7
0.372093023255814
0.26666666666666666
0.13333333333333333
0.22222222222222224
0.14285714285714288
0.14285714285714285
0.4444444444444445
0.0
0.3
0.3076923076923077
0.25
0.27586206896551724
0.09523809523809525
0.058823529411764705
0.11764705882352941
0.23529411764705882
0.11764705882352941
0.28571428571428575
0.16666666666666666
0.22580645161290322
0.14084507042253522
0.4285714285714285
0.3
0.7777777777777777
0.5714285714285715
0.631578947368421
0.4
0.10000000000000002
0.12903225806451613
0.0
0.625
0.5714285714285715
0.25
0.26666666666666666
0.2745098039215686
0.10526315789473685
0.3333333333333333
0.5333333333333333
0.14285714285714288
0.37499999999999994
0.4
0.33333333333333326
0.37499999999999994
0.4285714285714285
0.25
0.28571428571428564
0.608695652173913
0.28571428571428575
0.4347826086956522
0.11764705882352941
0.6153846153846154
0.28571428571428564
0.25
0.5333333333333333
0.13333333333333333
0.125
0.5
0.10526315789473685
0.5333333333333333
0.17391304347826086
0.2105263157894737
0.24
0.3181818181818182
0.28571428571428564
0.2608695652173913
0.37499999999999994
0.3
0.8421052631578948
0.11111111111111112
0.3529411764705882
0.21052631578947364
0.3529411764705882
0.5555555555555556
0.08333333333333333
0.11111111111111112
0.125
0.0
0.25
0.28571428571428575
0.13333333333333333
0.4
0.3157894736842105
0.2608695652173913
0.125
0.26666666666666666
0.32
0.48484848484848486
0.23529411764705882
0.3529411764705882
0.13793103448275862
0.7777777777777777
0.23529411764705882
0.0
0.08
0.7272727272727272
0.19354838709677416
0.3
0.25
0.5
0.26666666666666666
0.3448275862068966
0.5333333333333333
0.4
0.26666666666666666
0.06451612903225806
0.3529411764705882
0.2105263157894737
0.14285714285714288
0.761904761904762
0.3529411764705882
0.4285714285714285
0.5000000000000001
0.13953488372093023
0.14814814814814817
0.12121212121212122
0.22857142857142856
0.5
0.4
0.4444444444444445
0.125
0.10526315789473685
0.33333333333333326
0.26666666666666666
0.1818181818181818
0.8571428571428572
0.4
0.25
0.08695652173913043
0.0
0.2608695652173913
0.08333333333333333
0.25
0.11764705882352941
0.2608695652173913
0.4285714285714285
0.5714285714285715
0.0
0.14285714285714288
0.23529411764705882
0.125
0.08403361344537816
0.5333333333333333
0.33333333333333326
0.33333333333333326
0.16666666666666666
0.4347826086956522
0.5806451612903225
0.16666666666666666
0.3157894736842105
0.47058823529411764
0.11764705882352941
0.5333333333333333
0.20689655172413793
0.11764705882352941
0.33333333333333326
0.23529411764705882
0.25
0.2105263157894737
0.15384615384615385
0.5555555555555556
0.32
0.18867924528301888
0.047619047619047616
0.37499999999999994
0.28571428571428564
0.3333333333333333
0.4444444444444445
0.4
0.2857142857142857
0.19354838709677416
0.5263157894736842
0.26666666666666666
0.5714285714285715
0.631578947368421
0.25
0.3529411764705882
0.2105263157894737
0.125
0.4
0.18749999999999997
0.11111111111111112
0.13333333333333333
0.37499999999999994
0.0
0.3529411764705882
0.4
0.37499999999999994
0.47058823529411764
0.07692307692307693
0.25
0.3157894736842105
0.28571428571428575
0.09523809523809525
0.4285714285714285
0.17391304347826086
0.125
0.08695652173913045
0.5384615384615384
0.37499999999999994
0.4615384615384615
0.26666666666666666
0.0
0.22222222222222224
0.4285714285714285
0.09523809523809523
0.7058823529411764
0.631578947368421
0.5714285714285715
0.5128205128205129
0.380952380952381
0.4
0.25
0.11111111111111112
0.4
0.32000000000000006
0.3636363636363636
0.11764705882352941
0.22222222222222224
0.26666666666666666
0.2222222222222222
0.37499999999999994
0.37499999999999994
0.13333333333333333
0.11111111111111112
0.07692307692307693
0.47619047619047616
0.17142857142857143
0.3333333333333333
0.4
0.588235294117647
0.0
0.625
0.4
0.4
0.37499999999999994
0.4
0.4444444444444445
0.5
0.23529411764705882
0.20000000000000004
0.6666666666666665
0.0
0.13333333333333333
0.125
0.6666666666666666
0.18749999999999997
0.4
0.0
0.3
0.22222222222222224
0.625
0.2545454545454545
0.37037037037037035
0.13333333333333333
0.3
0.0
0.08
0.1818181818181818
0.5217391304347826
0.0
0.18518518518518517
0.5333333333333333
0.26666666666666666
0.4285714285714285
0.588235294117647
0.6666666666666665
0.20689655172413793
0.5555555555555556
0.0909090909090909
0.5714285714285715
0.25
0.10000000000000002
0.25806451612903225
0.2105263157894737
0.0
0.3076923076923077
0.21428571428571427
0.8421052631578948
0.37499999999999994
0.22222222222222224
0.631578947368421
0.13333333333333333
0.3157894736842105
0.3157894736842105
0.13333333333333333
0.10526315789473685
0.125
0.4285714285714285
0.25
0.3125
0.1111111111111111
0.28571428571428575
0.7142857142857143
0.14285714285714288
0.25
0.380952380952381
0.05797101449275363
0.45454545454545453
0.5
0.0909090909090909
0.64
0.4
0.23529411764705882
0.761904761904762
0.23529411764705882
0.14814814814814817
0.25
0.4210526315789474
0.4
0.26666666666666666
0.28571428571428564
0.1818181818181818
0.5925925925925927
0.16666666666666666
0.608695652173913
0.11764705882352941
0.28571428571428575
0.25
0.17391304347826086
0.0
0.13333333333333333
0.15384615384615385
0.25
0.4285714285714285
0.5333333333333333
0.28571428571428564
0.48484848484848486
0.24
0.631578947368421
0.15384615384615385
0.25
0.2641509433962264
0.3636363636363636
0.03921568627450981
0.10526315789473685
0.08333333333333333
0.20000000000000004
0.3
0.4
0.28571428571428564
0.56
0.4
0.3157894736842105
0.4
0.2105263157894737
0.37499999999999994
0.14285714285714288
0.6060606060606061
0.5454545454545454
0.5714285714285715
0.5
0.4
0.5
0.26666666666666666
0.16666666666666669
0.125
0.35294117647058826
0.3529411764705882
0.10000000000000002
0.37499999999999994
0.25
0.23529411764705882
0.3076923076923077
0.2
0.08695652173913043
0.7368421052631577
0.5333333333333333
0.7058823529411764
0.23529411764705882
0.3157894736842105
0.13333333333333333
0.28571428571428564
0.1818181818181818
0.7368421052631577
0.380952380952381
0.3333333333333333
0.08888888888888888
0.14285714285714288
0.10526315789473685
0.21428571428571427
0.5
0.25
0.125
0.0
0.34782608695652173
0.23529411764705882
0.5714285714285713
0.11764705882352941
0.5185185185185185
0.4210526315789474
0.25
0.2105263157894737
0.5
0.5263157894736842
0.5555555555555556
0.5333333333333333
0.26666666666666666
0.4444444444444445
0.3225806451612903
0.26666666666666666
0.11111111111111112
0.40909090909090906
0.07692307692307693
0.0
0.13333333333333333
0.0
0.5263157894736842
0.125
0.0
0.2105263157894737
0.35714285714285715
0.16666666666666669
0.10000000000000002
0.14285714285714288
0.47058823529411764
0.41666666666666663
0.13333333333333333
0.26666666666666666
0.14285714285714285
0.6
0.37499999999999994
0.26666666666666666
0.3529411764705882
0.380952380952381
0.625
0.0
0.1923076923076923
0.4285714285714285
0.125
0.26666666666666666
0.20000000000000004
0.17391304347826086
0.125
0.4210526315789474
0.3076923076923077
0.26666666666666666
0.10526315789473685
0.25
0.28571428571428575
0.34782608695652173
0.17647058823529413
0.0
0.0
0.20512820512820515
0.14285714285714288
0.28571428571428575
0.13043478260869565
0.5555555555555556
0.3529411764705882
0.13333333333333333
0.15789473684210525
0.13333333333333333
0.22222222222222224
0.28571428571428564
0.12903225806451613
0.6666666666666667
0.5263157894736842
0.0
0.5
0.7
0.3870967741935483
0.14285714285714288
0.7692307692307693
0.14814814814814817
0.024999999999999998
0.33333333333333326
0.23529411764705882
0.1904761904761905
0.2608695652173913
0.33333333333333326
0.23076923076923075
0.25
0.10000000000000002
0.6666666666666666
0.08695652173913043
0.13333333333333333
0.5
0.608695652173913
0.6666666666666666
0.13333333333333333
0.11764705882352941
0.17073170731707316
0.6666666666666667
0.22222222222222224
0.3529411764705882
0.625
0.4
0.23076923076923075
0.32
0.08
0.26666666666666666
0.3636363636363636
0.1904761904761905
0.32
0.0
0.17391304347826086
0.13333333333333333
0.4285714285714285
0.3157894736842105
0.3333333333333333
0.34782608695652173
0.0
0.3157894736842105
0.608695652173913
0.888888888888889
0.22222222222222224
0.11764705882352941
0.25
0.13333333333333333
0.5333333333333333
0.5714285714285715
0.22222222222222224
0.4
0.0
0.47619047619047616
0.625
0.4444444444444445
0.4117647058823529
0.07692307692307693
0.21276595744680854
0.3
0.24390243902439024
0.22222222222222224
0.0
0.0909090909090909
0.4
0.10000000000000002
0.22222222222222224
0.7058823529411764
0.21428571428571427
0.05
0.2608695652173913
0.13333333333333333
0.1818181818181818
0.5555555555555556
0.13333333333333333
0.4
0.23529411764705882
0.13333333333333333
0.17777777777777776
0.380952380952381
0.4000000000000001
0.10526315789473685
0.041666666666666664
0.25
0.6666666666666666
0.5925925925925927
0.5333333333333333
0.22222222222222224
0.20000000000000004
0.32
0.47058823529411764
0.5555555555555556
0.0
0.21428571428571427
0.45454545454545453
0.5714285714285715
0.06896551724137931
0.5185185185185185
0.2105263157894737
0.23529411764705882
0.47619047619047616
0.2702702702702703
0.0
0.25
0.14285714285714288
0.30303030303030304
0.14285714285714288
0.5
0.17391304347826086
0.4000000000000001
0.20000000000000004
0.3333333333333333
0.3181818181818182
0.4285714285714285
0.24390243902439024
0.6451612903225806
0.0
0.3529411764705882
0.26666666666666666
0.631578947368421
0.6666666666666666
0.2105263157894737
0.1904761904761905
0.2857142857142857
0.10714285714285714
0.32
0.3
0.15384615384615385
0.25
0.3
0.125
0.0
0.4000000000000001
0.3076923076923077
0.5714285714285715
0.1818181818181818
0.14285714285714288
0.10000000000000002
0.4285714285714285
0.5
0.625
0.28571428571428575
0.0975609756097561
0.23529411764705882
0.380952380952381
0.7058823529411764
0.13333333333333333
0.5185185185185185
0.14285714285714285
0.14285714285714288
0.25
0.26666666666666666
0.3529411764705882
0.4
0.16666666666666669
0.4
0.23529411764705882
0.35714285714285715
0.2857142857142857
0.37499999999999994
0.6
0.1904761904761905
0.0
0.5333333333333333
0.4
0.33333333333333326
0.125
0.125
0.13333333333333333
0.08695652173913043
0.37499999999999994
0.32
0.125
0.5714285714285715
0.125
0.125
0.16666666666666666
0.26666666666666666
0.6666666666666666
0.26666666666666666
0.4285714285714285
0.4285714285714285
0.0
0.28571428571428575
0.5333333333333333
0.22222222222222224
0.8333333333333333
0.33333333333333326
0.4444444444444445
0.3157894736842105
0.625
0.33333333333333337
0.8181818181818182
0.08695652173913043
0.33333333333333326
0.23529411764705882
0.37499999999999994
0.23529411764705882
0.5555555555555556
0.23529411764705882
0.761904761904762
0.4444444444444445
0.20000000000000004
0.4
0.5217391304347826
0.38461538461538464
0.14285714285714288
0.13333333333333333
0.37499999999999994
0.26666666666666666
0.33333333333333326
0.1971830985915493
0.37499999999999994
0.11764705882352941
0.2105263157894737
0.3636363636363636
0.1834862385321101
0.0
0.27586206896551724
0.45454545454545453
0.47058823529411764
0.37499999999999994
0.1904761904761905
0.11764705882352941
0.4210526315789474
0.4444444444444445
0.28571428571428575
0.3333333333333333
0.05263157894736841
0.37499999999999994
0.380952380952381
0.13333333333333333
0.20000000000000004
0.20000000000000004
0.28571428571428564
0.40909090909090906
0.56
0.7368421052631577
0.07407407407407408
0.20512820512820515
0.26666666666666666
0.25
0.13333333333333333
0.10526315789473685
0.23529411764705882
0.26666666666666666
0.1818181818181818
0.6451612903225806
0.1904761904761905
0.3529411764705882
0.11111111111111112
0.3214285714285714
0.22222222222222224
0.761904761904762
0.12500000000000003
0.3529411764705882
0.4
0.37499999999999994
0.4
0.23529411764705882
0.0
0.5405405405405406
0.6666666666666666
0.4615384615384615
0.2181818181818182
0.5
0.8000000000000002
0.22222222222222224
0.2608695652173913
0.588235294117647
0.25
0.21052631578947367
0.4
0.3529411764705882
0.5263157894736842
0.4
0.24
0.4285714285714285
0.13333333333333333
0.6
0.32
0.5333333333333333
0.25
0.4
0.4285714285714285
0.13333333333333333
0.10526315789473685
0.5333333333333333
0.23880597014925373
0.14285714285714285
0.4444444444444445
0.4210526315789474
0.0909090909090909
0.13333333333333333
0.14285714285714288
0.1818181818181818
0.380952380952381
0.25
0.13333333333333333
0.5263157894736842
0.5
0.1951219512195122
0.3157894736842105
0.26666666666666666
0.16216216216216214
0.0
0.1904761904761905
0.13333333333333333
0.29629629629629634
0.13333333333333333
0.3529411764705882
0.23529411764705882
0.14285714285714288
0.631578947368421
0.10000000000000002
0.26666666666666666
0.23076923076923075
0.625
0.5714285714285715
0.0
0.4
0.26666666666666666
0.125
0.125
0.5263157894736842
0.47058823529411764
0.14285714285714288
0.3225806451612903
0.2105263157894737
0.4444444444444445
0.3902439024390244
0.13333333333333333
0.5
0.22222222222222224
