0.26086956521739135
0.08
0.0
0.09523809523809522
0.08333333333333334
0.3809523809523809
0.20000000000000004
0.33333333333333337
0.3809523809523809
0.2
0.4166666666666667
0.14814814814814814
0.26666666666666666
0.43478260869565216
0.3809523809523809
0.0
0.5
0.3478260869565218
0.09523809523809522
0.07142857142857144
0.09523809523809522
0.36363636363636365
0.08695652173913045
0.08695652173913045
0.64
0.2
0.3
0.31578947368421056
0.0
0.16666666666666669
0.2857142857142857
0.5333333333333333
0.36363636363636365
0.22222222222222224
0.25
0.4
0.3888888888888889
0.3809523809523809
0.2051282051282051
0.2222222222222222
0.3333333333333333
0.4
0.2
0.36363636363636365
0.0975609756097561
0.10526315789473685
0.31578947368421056
0.6666666666666667
0.0
0.5384615384615385
0.19047619047619044
0.19354838709677422
0.26086956521739135
0.2
0.10256410256410255
0.32
0.31578947368421056
0.1
0.5
0.08
0.31578947368421056
0.03333333333333333
0.32
0.09523809523809522
0.09090909090909091
0.1739130434782609
0.1
0.3571428571428571
0.1379310344827586
0.24
0.27272727272727276
0.0
0.25
0.4
0.20689655172413796
0.1739130434782609
0.1
0.0
0.5384615384615385
0.19047619047619044
0.23684210526315788
0.2
0.33333333333333337
0.20000000000000004
0.0
0.08695652173913045
0.19047619047619044
0.28571428571428575
0.4666666666666667
0.18181818181818182
0.3
0.5
0.125
0.0
0.16666666666666669
0.26315789473684204
0.0
0.21428571428571427
0.4
0.09090909090909091
0.1
0.20000000000000004
0.2285714285714286
0.3
0.2
0.1951219512195122
0.2711864406779661
0.303030303030303
0.2
0.3809523809523809
0.33333333333333337
0.27272727272727276
0.15384615384615383
0.3125
0.0
0.16216216216216214
0.15384615384615383
0.04878048780487805
0.4166666666666667
0.3478260869565218
0.3333333333333333
0.2
0.27272727272727276
0.07407407407407407
0.26086956521739135
0.22950819672131148
0.2
0.28571428571428564
0.43243243243243246
0.14285714285714288
0.2758620689655172
0.0
0.09090909090909091
0.0
0.10526315789473685
0.27272727272727276
0.15384615384615383
0.4444444444444445
0.1724137931034483
0.5384615384615385
0.32
0.17647058823529413
0.09090909090909091
0.09090909090909091
0.5
0.07692307692307691
0.1
0.15384615384615383
0.4
0.09090909090909091
0.35294117647058826
0.28571428571428575
0.0
0.888888888888889
0.1739130434782609
0.19354838709677422
0.2777777777777778
0.3703703703703704
0.5833333333333334
0.2
0.13157894736842105
0.11764705882352941
0.16
0.2105263157894737
0.2
0.2727272727272727
0.16666666666666669
0.18181818181818182
0.5925925925925926
0.7200000000000001
0.2
0.3793103448275862
0.09523809523809522
0.4210526315789474
0.18181818181818182
0.1
0.3809523809523809
0.23076923076923075
0.1818181818181818
0.4000000000000001
0.5217391304347827
0.5454545454545455
0.18181818181818182
0.43478260869565216
0.34782608695652173
0.36363636363636365
0.08695652173913045
0.04878048780487805
0.3
0.3888888888888889
0.23404255319148937
0.3448275862068965
0.2
0.3809523809523809
0.23076923076923075
0.29411764705882354
0.15384615384615383
0.4
0.0
0.2
0.25
0.303030303030303
0.24
0.20689655172413796
0.43478260869565216
0.2222222222222222
0.20689655172413796
0.3773584905660377
0.35294117647058826
0.13333333333333333
0.28571428571428575
0.1739130434782609
0.28571428571428575
0.24
0.3333333333333333
0.3809523809523809
0.48
0.0
0.3478260869565218
0.5517241379310344
0.43749999999999994
0.3
0.3478260869565218
0.32
0.26415094339622636
0.23529411764705882
0.19047619047619044
0.1739130434782609
0.4137931034482759
0.3684210526315789
0.13333333333333333
0.26086956521739135
0.26086956521739135
0.36363636363636365
0.5714285714285715
0.2
0.7428571428571429
0.45161290322580644
0.3478260869565218
0.24
0.36363636363636365
0.0
0.15384615384615383
0.5714285714285715
0.5384615384615385
0.6153846153846153
0.1739130434782609
0.19047619047619044
0.20689655172413796
0.09523809523809522
0.22222222222222224
0.2
0.3571428571428571
0.4
0.846153846153846
0.2
0.5185185185185186
0.3
0.5
0.1739130434782609
0.18181818181818182
0.2105263157894737
0.2
0.37500000000000006
0.13333333333333333
0.6956521739130436
0.4
0.5714285714285715
0.3
0.19047619047619044
0.3809523809523809
0.19047619047619047
0.5
0.19047619047619044
0.22222222222222224
0.47619047619047616
0.1
0.16
0.303030303030303
0.0
0.4
0.6976744186046512
0.4
0.4444444444444445
0.3809523809523809
0.08695652173913043
0.14814814814814814
0.3333333333333333
0.36363636363636365
0.0
0.14814814814814814
0.28571428571428575
0.1
0.27272727272727276
0.23076923076923075
0.5714285714285715
0.2962962962962963
0.19047619047619044
0.2105263157894737
0.09523809523809522
0.13333333333333333
0.3888888888888889
0.608695652173913
0.3
0.28571428571428575
0.2105263157894737
0.0
0.26086956521739135
0.19047619047619044
0.18181818181818182
0.19354838709677422
0.1
0.608695652173913
0.2222222222222222
0.36363636363636365
0.4
0.26086956521739135
0.25
0.09090909090909091
0.47619047619047616
0.2
0.33333333333333337
0.43478260869565216
0.1818181818181818
0.1739130434782609
0.0
0.33333333333333337
0.4571428571428572
0.43478260869565216
0.31578947368421056
0.888888888888889
0.2
0.26086956521739135
0.13793103448275862
0.0
0.4
0.24175824175824176
0.4210526315789474
0.3809523809523809
0.7407407407407408
0.31578947368421056
0.1111111111111111
0.2105263157894737
0.3448275862068965
0.0
0.22222222222222224
0.3809523809523809
0.45161290322580644
0.32
0.0
0.48
0.4210526315789474
0.2
0.31578947368421056
0.48
0.25
0.3478260869565218
0.09090909090909091
0.3
0.10526315789473685
0.17647058823529413
0.18750000000000003
0.14285714285714288
0.1739130434782609
0.2962962962962963
0.2105263157894737
0.10526315789473685
0.26086956521739135
0.22222222222222224
0.18750000000000003
0.27272727272727276
0.25
0.16666666666666669
0.09523809523809522
0.3
0.3
0.1739130434782609
0.1739130434782609
0.09090909090909091
0.27272727272727276
0.4
0.16666666666666669
0.31578947368421056
0.3
0.30769230769230765
0.18181818181818182
0.3
0.16
0.18181818181818182
0.4166666666666667
0.28571428571428575
0.20408163265306123
0.4
0.3
0.19047619047619044
0.3846153846153846
0.2962962962962963
0.1739130434782609
0.47368421052631576
0.1
0.16666666666666669
0.20000000000000004
0.19047619047619044
0.0816326530612245
0.31578947368421056
0.1739130434782609
0.2105263157894737
0.09090909090909091
0.6206896551724138
0.09090909090909091
0.2
0.25
0.4827586206896552
0.10526315789473685
0.29032258064516125
0.606060606060606
0.19047619047619044
0.4
0.28571428571428575
0.22222222222222224
0.6666666666666666
0.2105263157894737
0.3571428571428571
0.28571428571428575
0.2051282051282051
0.1818181818181818
0.36363636363636365
0.1739130434782609
0.1739130434782609
0.07407407407407407
0.0
0.1
0.4615384615384615
0.25
0.16949152542372878
0.2105263157894737
0.24
0.16216216216216214
0.09302325581395349
0.2105263157894737
0.2105263157894737
0.0
0.6666666666666666
0.3076923076923077
0.18181818181818182
0.6956521739130436
0.4545454545454545
0.3243243243243243
0.08695652173913045
0.08
0.3
0.1
0.1
0.33333333333333337
0.3846153846153846
0.2
0.0689655172413793
0.36363636363636365
0.23076923076923075
0.26086956521739135
0.6923076923076923
0.4
0.24
0.3636363636363636
0.07692307692307693
0.09523809523809522
0.4
0.28571428571428575
0.26086956521739135
0.15
0.20000000000000004
0.08695652173913045
0.3809523809523809
0.16666666666666669
0.5
0.18750000000000003
0.6956521739130436
0.13333333333333333
0.28571428571428575
0.14285714285714288
0.6470588235294117
0.3846153846153846
0.3
0.2105263157894737
0.43243243243243246
0.2
0.16
0.4117647058823529
0.28571428571428575
0.2758620689655172
0.19047619047619044
0.09523809523809522
0.25
0.608695652173913
0.2105263157894737
0.4166666666666667
0.2
0.27272727272727276
0.23076923076923075
0.4
0.25
0.1
0.06451612903225808
0.09090909090909091
0.56
0.5555555555555556
0.27272727272727276
0.3571428571428571
0.33333333333333337
0.4615384615384615
0.2
0.4000000000000001
0.3809523809523809
0.16666666666666669
0.19047619047619044
0.27272727272727276
0.22222222222222224
0.23076923076923075
0.4
0.2
0.14814814814814814
0.09090909090909091
0.0
0.07692307692307691
0.0
0.5925925925925926
0.4166666666666667
0.2
0.35897435897435903
0.2
0.26086956521739135
0.08695652173913045
0.2
0.24
0.22222222222222224
0.058823529411764705
0.1379310344827586
0.3
0.18181818181818182
0.2105263157894737
0.23880597014925373
0.10526315789473685
0.18181818181818182
0.21212121212121213
0.21428571428571425
0.5384615384615385
0.0
0.1
0.2
0.31578947368421056
0.23076923076923075
0.30769230769230765
0.26086956521739135
0.27272727272727276
0.23076923076923075
0.12500000000000003
0.18181818181818182
0.4117647058823529
0.3
0.26086956521739135
0.4545454545454545
0.09523809523809522
0.2758620689655172
0.0
0.12500000000000003
0.26666666666666666
0.3809523809523809
0.326530612244898
0.4827586206896552
0.4545454545454545
0.3478260869565218
0.5333333333333333
0.3333333333333333
0.2
0.3243243243243243
0.28571428571428575
0.5714285714285715
0.18181818181818182
0.4545454545454545
0.4
0.36363636363636365
0.5263157894736841
0.6428571428571429
0.28571428571428575
0.3
0.25
0.27272727272727276
0.047619047619047616
0.3225806451612903
0.4666666666666667
0.2
0.08695652173913045
0.1818181818181818
0.30769230769230765
0.0975609756097561
0.4210526315789474
0.3809523809523809
0.0
0.18181818181818182
0.56
0.18181818181818182
0.2424242424242424
0.2
0.12903225806451615
0.4000000000000001
0.5
0.1
0.47619047619047616
0.5
0.4210526315789474
0.7407407407407408
0.2
0.3
0.3
0.0
0.26086956521739135
0.2105263157894737
0.24
0.5
0.33333333333333337
0.4
0.3
0.2105263157894737
0.6666666666666665
0.25
0.4166666666666667
0.3
0.4545454545454545
0.2
0.5454545454545454
0.3
0.4666666666666667
0.32
0.38709677419354843
0.0
0.5882352941176471
0.0
0.3571428571428571
0.14634146341463417
0.15384615384615385
0.10526315789473685
0.37500000000000006
0.7857142857142856
0.5454545454545455
0.489795918367347
0.4210526315789474
0.08333333333333333
0.08695652173913045
0.2
0.28571428571428575
0.4
0.4545454545454545
0.4827586206896552
0.0
0.1951219512195122
0.3
0.2285714285714286
0.2222222222222222
0.3
0.15384615384615383
0.2
0.16
0.3478260869565218
0.22222222222222224
0.18181818181818182
0.31578947368421056
0.24
0.1
0.07407407407407407
0.31578947368421056
0.11290322580645162
0.1
0.2105263157894737
0.3809523809523809
0.0
0.5
0.1
0.08695652173913045
0.3478260869565218
0.17777777777777776
0.5714285714285715
0.4210526315789474
0.20689655172413796
0.38709677419354843
0.2
0.23076923076923075
0.6956521739130436
0.1875
0.037037037037037035
0.19047619047619044
0.6363636363636364
0.1
0.12903225806451615
0.27272727272727276
0.21818181818181814
0.16666666666666669
0.48
0.28571428571428575
0.2631578947368421
0.5454545454545454
0.4615384615384615
0.27272727272727276
0.10526315789473685
0.36363636363636365
0.10526315789473685
0.2105263157894737
0.08695652173913045
0.2
0.24
0.4
0.36363636363636365
0.3
0.24
0.1379310344827586
0.0
0.25
0.4117647058823529
0.3
0.0
0.18181818181818182
0.18181818181818182
0.2285714285714286
0.2
0.4
0.43749999999999994
0.1212121212121212
0.1739130434782609
0.2105263157894737
0.2777777777777778
0.4
0.36363636363636365
0.3809523809523809
0.3809523809523809
0.04878048780487805
0.27272727272727276
0.303030303030303
0.31578947368421056
0.16666666666666669
0.14814814814814814
0.0
0.5
0.28571428571428575
0.09302325581395349
0.3
0.08333333333333333
0.1739130434782609
0.16666666666666669
0.3448275862068965
0.2285714285714286
0.2150537634408602
0.1739130434782609
0.1728395061728395
0.2
0.09523809523809522
0.10526315789473685
0.6923076923076923
0.25
0.608695652173913
0.2
0.30769230769230765
0.4210526315789474
0.09090909090909091
0.56
0.31578947368421056
0.4347826086956521
0.3809523809523809
0.19672131147540983
0.2105263157894737
0.4848484848484848
0.26315789473684204
0.3809523809523809
0.09183673469387754
0.4571428571428572
0.07692307692307691
0.28571428571428575
0.125
0.3478260869565218
0.18181818181818182
0.14285714285714285
0.3846153846153846
0.28571428571428575
0.4
0.26086956521739135
0.1
0.5517241379310344
0.1702127659574468
0.22222222222222224
0.1818181818181818
0.37500000000000006
0.4444444444444445
0.3
0.21428571428571427
0.24
0.0
0.37209302325581395
0.16
0.08333333333333334
0.21428571428571427
0.27272727272727276
0.2777777777777778
0.8108108108108109
0.26086956521739135
0.48
0.32786885245901637
0.0
0.18181818181818182
0.2105263157894737
0.56
0.16
0.08
0.3571428571428571
0.28571428571428575
0.1212121212121212
0.26086956521739135
0.16216216216216214
0.625
0.27272727272727276
0.26086956521739135
0.1
0.16216216216216214
0.47619047619047616
0.24
0.21621621621621623
0.3
0.3809523809523809
0.4
0.3333333333333333
0.7142857142857142
0.5789473684210527
0.25
0.32
0.10526315789473685
0.4444444444444445
0.08333333333333334
0.3809523809523809
0.27027027027027023
0.3
0.2127659574468085
0.26086956521739135
0.3809523809523809
0.2153846153846154
0.23076923076923075
0.12000000000000001
0.28571428571428575
0.0
0.19047619047619047
0.0
0.2105263157894737
0.16666666666666669
0.36363636363636365
0.19047619047619044
0.56
0.22222222222222224
0.4210526315789474
0.05714285714285715
0.27272727272727276
0.36363636363636365
0.56
0.09523809523809522
0.2
0.22222222222222224
0.36363636363636365
0.26086956521739135
0.09090909090909091
0.5
0.4545454545454545
0.09523809523809522
0.09523809523809522
0.08695652173913045
0.3
0.32
0.25
0.18750000000000003
0.4210526315789474
0.3404255319148936
0.608695652173913
0.4166666666666667
0.09523809523809523
0.56
0.25641025641025644
0.8000000000000002
0.15384615384615383
0.31578947368421056
0.33333333333333337
0.09523809523809523
0.27272727272727276
0.16666666666666666
0.28571428571428575
0.31578947368421056
0.3225806451612903
0.3
0.16666666666666669
0.16666666666666666
0.30769230769230765
0.31578947368421056
0.23529411764705882
0.5454545454545455
0.47619047619047616
0.4545454545454545
0.3
0.28571428571428575
0.4
0.2758620689655172
0.09523809523809522
0.19047619047619044
0.3
0.2
0.303030303030303
0.13636363636363635
0.7428571428571429
0.26086956521739135
0.30769230769230765
0.25
0.47619047619047616
0.1509433962264151
0.4
0.2
0.09523809523809522
0.1818181818181818
0.3703703703703704
0.19047619047619044
0.3
0.0689655172413793
0.56
0.2105263157894737
0.6923076923076923
0.3
0.3
0.14285714285714288
0.3
0.15384615384615383
0.21212121212121213
0.2962962962962963
0.4545454545454545
0.27272727272727276
0.4
0.07407407407407407
0.5185185185185186
0.3478260869565218
0.2105263157894737
0.2222222222222222
0.09523809523809522
0.13333333333333333
0.36363636363636365
0.10526315789473685
0.4166666666666667
0.5454545454545455
0.26086956521739135
0.2
0.5161290322580646
0.2
0.23076923076923075
0.16
0.5
0.5217391304347827
0.3
0.25
0.4210526315789474
0.38709677419354843
0.4
0.36363636363636365
0.4
0.1
0.26086956521739135
0.32
0.28571428571428575
0.7407407407407408
0.26666666666666666
0.0
0.2
0.4545454545454545
0.4
0.5
0.19047619047619044
0.26666666666666666
0.08695652173913045
0.0
0.32558139534883723
0.28571428571428575
0.1
0.12903225806451615
0.25531914893617025
0.05714285714285715
0.0
0.0
0.3809523809523809
0.09523809523809522
0.3478260869565218
0.606060606060606
0.47619047619047616
0.6923076923076923
0.30769230769230765
0.08
0.3157894736842105
0.4
0.25925925925925924
0.1
0.09523809523809522
0.07692307692307691
0.2105263157894737
0.19047619047619044
0.19047619047619044
0.7692307692307692
0.3
0.3846153846153846
0.45161290322580644
0.1739130434782609
0.08695652173913045
0.6428571428571429
0.2758620689655172
0.15384615384615385
0.5217391304347827
0.5
0.15384615384615383
0.4
0.35000000000000003
0.4
0.2105263157894737
0.17647058823529413
0.6
0.19047619047619044
0.43478260869565216
0.2
0.31578947368421056
0.19047619047619044
0.3
0.2758620689655172
0.15384615384615383
0.26666666666666666
0.1739130434782609
0.16666666666666669
0.4
0.09090909090909091
0.14285714285714288
0.25
0.31578947368421056
0.37500000000000006
0.47619047619047616
0.23076923076923075
0.0
0.4166666666666667
0.33333333333333337
0.32
0.5217391304347827
0.28571428571428564
0.4
0.3
0.43478260869565216
0.3
0.1
0.32
0.3
0.4
0.2448979591836735
0.28571428571428575
0.2
0.5161290322580646
0.27272727272727276
0.48
0.2105263157894737
0.4545454545454545
0.48
0.15384615384615385
0.56
0.47619047619047616
0.4210526315789474
0.4210526315789474
0.27272727272727276
0.27272727272727276
0.18181818181818182
0.4
0.31578947368421056
0.28571428571428575
0.26086956521739135
0.26086956521739135
0.3
0.0
0.3809523809523809
0.3809523809523809
0.43478260869565216
0.2727272727272727
0.0
0.31578947368421056
0.2777777777777778
0.3
0.28571428571428575
0.3
0.35897435897435903
0.16666666666666669
0.2758620689655172
0.0
0.2448979591836735
0.43478260869565216
0.3
0.10526315789473685
0.4864864864864865
0.4117647058823529
0.3
0.3
0.23076923076923075
0.3
0.18181818181818182
0.5454545454545455
0.3
0.09523809523809522
0.19047619047619044
0.24
0.0
0.3188405797101449
0.3
0.3846153846153846
0.4210526315789474
0.2
0.19047619047619044
0.26086956521739135
0.36363636363636365
0.48
0.3809523809523809
0.21818181818181814
0.31578947368421056
0.22222222222222224
0.0
0.5454545454545455
0.36363636363636365
0.64
0.18181818181818182
0.3
0.17647058823529413
0.24
0.5
0.14285714285714288
0.09090909090909091
0.4210526315789474
0.4102564102564102
0.12500000000000003
0.08333333333333334
0.3
0.33333333333333337
0.10526315789473685
0.09523809523809522
0.27272727272727276
0.36363636363636365
0.36363636363636365
0.18181818181818182
0.2105263157894737
0.3
0.19047619047619044
0.08
0.09523809523809522
0.3846153846153846
0.4
0.3809523809523809
0.2105263157894737
0.3
0.2
0.7407407407407408
0.09090909090909091
0.3478260869565218
0.2105263157894737
0.07692307692307691
0.14814814814814814
0.09523809523809522
0.28571428571428575
0.3448275862068965
0.19354838709677422
0.15384615384615383
0.608695652173913
0.08695652173913045
0.0
0.4210526315789474
0.5333333333333333
0.2962962962962963
0.3125
0.18181818181818182
0.16666666666666669
0.13333333333333333
0.42424242424242425
0.5714285714285715
0.22222222222222224
0.26086956521739135
0.29268292682926833
0.47619047619047616
0.23809523809523808
0.043478260869565216
0.3
0.3
0.47619047619047616
0.1
0.09090909090909091
0.22950819672131148
0.25
0.27272727272727276
0.23076923076923075
0.4
0.4210526315789474
0.11320754716981134
0.1
0.39215686274509803
0.3
0.07142857142857144
0.43478260869565216
0.26086956521739135
0.3448275862068965
0.36363636363636365
0.16
0.26666666666666666
0.43478260869565216
0.24
0.06451612903225808
0.5
0.5833333333333334
0.42424242424242425
0.3636363636363636
0.31578947368421056
0.14814814814814814
0.3
0.1
0.19047619047619044
0.0
0.09090909090909091
0.10526315789473685
0.6122448979591837
0.1509433962264151
0.28571428571428575
0.7368421052631579
0.0816326530612245
0.18604651162790697
0.1
0.36363636363636365
0.12000000000000001
0.5
0.047619047619047616
0.18181818181818182
0.3
0.33333333333333337
0.0
0.35294117647058826
0.15384615384615383
0.3
0.1739130434782609
0.32
0.15384615384615383
0.04761904761904762
0.4137931034482759
0.2469135802469136
0.6
0.18181818181818182
0.2711864406779661
0.36363636363636365
0.19607843137254902
0.1
0.1509433962264151
0.5
0.3
0.1739130434782609
0.1
0.5882352941176471
0.4262295081967213
0.3
0.3
0.1739130434782609
0.0
0.42857142857142855
0.2051282051282051
0.2105263157894737
0.0606060606060606
0.0
0.6206896551724138
0.7692307692307692
0.6956521739130436
0.3703703703703704
0.13953488372093023
0.689655172413793
0.4
0.2105263157894737
0.1739130434782609
0.10526315789473685
0.6956521739130436
0.3414634146341463
0.10526315789473685
0.5714285714285715
0.3
0.3333333333333333
0.10526315789473685
0.4
0.16
0.13333333333333333
0.25
0.2105263157894737
0.56
0.0
0.27272727272727276
0.1
0.09523809523809522
0.0
0.6
0.5714285714285715
0.18181818181818182
0.3
0.4210526315789474
0.1739130434782609
0.42857142857142855
0.5263157894736841
0.1
0.5
0.4545454545454545
0.14814814814814814
0.16666666666666669
0.4210526315789474
0.3809523809523809
0.4067796610169491
0.3
0.56
0.3333333333333333
0.28571428571428575
0.31578947368421056
0.2580645161290323
0.31578947368421056
0.19047619047619044
0.5833333333333334
0.5333333333333333
0.1
0.3571428571428571
0.5454545454545454
0.26086956521739135
0.42424242424242425
0.2105263157894737
0.08695652173913045
0.18181818181818182
0.19047619047619044
0.3
0.0689655172413793
0.0
0.15384615384615383
0.4210526315789474
0.18181818181818182
0.22222222222222224
0.4
0.8
0.13333333333333333
0.10256410256410255
0.19047619047619044
0.5833333333333334
0.3571428571428571
0.5
0.11764705882352941
0.18750000000000003
0.19047619047619044
0.1739130434782609
0.31578947368421056
0.36363636363636365
0.36363636363636365
0.1739130434782609
0.0
0.1818181818181818
0.3
0.6666666666666667
0.6
0.3478260869565218
0.28571428571428575
0.17142857142857143
0.25
0.5
0.30769230769230765
0.36363636363636365
0.6956521739130436
0.27027027027027023
0.19047619047619044
0.7200000000000001
0.5925925925925926
0.5
0.08333333333333334
0.0
0.37500000000000006
0.1739130434782609
0.1
0.23076923076923078
0.25
0.5
0.2962962962962963
0.2
0.05128205128205127
0.19047619047619044
0.3
0.27272727272727276
0.27272727272727276
0.10526315789473685
0.4137931034482759
0.08
0.3
0.4827586206896552
0.18181818181818182
0.3055555555555555
0.1111111111111111
0.64
0.29268292682926833
0.14814814814814814
0.28571428571428575
0.2962962962962963
0.18181818181818182
0.28846153846153844
0.15789473684210528
0.27272727272727276
0.4444444444444444
0.2
0.27272727272727276
0.31578947368421056
0.14285714285714288
0.5833333333333334
0.4102564102564102
0.07407407407407407
0.08695652173913045
0.5555555555555556
0.45
0.22222222222222224
0.5185185185185186
0.5
0.18181818181818182
0.16
0.26086956521739135
0.3181818181818182
0.5
0.31578947368421056
0.31111111111111117
0.31578947368421056
0.3809523809523809
0.19047619047619044
0.4
0.2424242424242424
0.36363636363636365
0.31578947368421056
0.5
0.846153846153846
0.56
0.64
0.28571428571428575
0.18518518518518517
0.31578947368421056
0.10526315789473685
0.2962962962962963
0.2
0.14814814814814814
0.1379310344827586
0.28571428571428575
0.4444444444444445
0.052631578947368425
0.5
0.6428571428571429
0.2
0.689655172413793
0.0
0.28571428571428575
0.5454545454545455
0.32
0.5833333333333334
0.5925925925925926
0.2105263157894737
0.3
0.4545454545454545
0.4827586206896552
0.3809523809523809
0.31578947368421056
0.08333333333333333
0.29411764705882354
0.17142857142857143
0.27272727272727276
0.21621621621621623
0.08
0.45161290322580644
0.06451612903225808
0.4615384615384615
0.3333333333333333
0.3
0.15384615384615383
0.09523809523809522
0.3333333333333333
0.18181818181818182
0.0
0.43478260869565216
0.2
0.27272727272727276
0.26666666666666666
0.28571428571428575
0.22222222222222224
0.16216216216216214
0.1379310344827586
0.0
0.18181818181818182
0.29411764705882354
0.4444444444444445
0.3243243243243243
0.35000000000000003
0.30769230769230765
0.5517241379310344
0.43478260869565216
0.2
0.2758620689655172
0.5
0.3809523809523809
0.10526315789473685
0.3809523809523809
0.08695652173913045
0.48
0.2
0.5333333333333333
0.31578947368421056
0.22222222222222224
0.2564102564102564
0.09523809523809522
0.0
0.20000000000000004
0.2105263157894737
0.24
0.3478260869565218
0.4827586206896552
0.3333333333333333
0.23529411764705882
0.47619047619047616
0.4615384615384615
0.09090909090909091
0.20000000000000004
0.3809523809523809
0.4
0.25
0.26666666666666666
0.2285714285714286
0.18181818181818182
0.4
0.08695652173913045
0.4210526315789474
0.32
0.17857142857142858
0.08695652173913045
0.42857142857142855
0.5
0.4848484848484848
0.2051282051282051
0.2758620689655172
0.06896551724137931
0.47619047619047616
0.27272727272727276
0.3
0.2222222222222222
0.2318840579710145
0.15384615384615383
0.13636363636363635
0.27027027027027023
0.43478260869565216
0.4210526315789474
0.3478260869565218
0.16
0.7200000000000001
0.09090909090909091
0.888888888888889
0.0
0.14814814814814814
0.25531914893617025
0.3846153846153846
0.09523809523809522
0.09090909090909091
0.3
0.28571428571428575
0.608695652173913
0.2
0.32
0.5
0.303030303030303
0.4
0.14285714285714285
0.25925925925925924
0.19047619047619044
0.425531914893617
0.4
0.21818181818181814
0.4
0.2105263157894737
0.1
0.4
0.26666666666666666
0.08695652173913045
0.5454545454545455
0.19047619047619044
0.6666666666666667
0.31578947368421056
0.5454545454545455
0.4000000000000001
0.37500000000000006
0.04
0.608695652173913
0.26666666666666666
0.5
0.23076923076923075
0.2061855670103093
0.8387096774193549
0.32
0.31578947368421056
0.4
0.18181818181818182
0.42857142857142855
0.2
0.15789473684210528
0.31578947368421056
0.2962962962962963
0.1
0.2758620689655172
0.10810810810810811
0.4
0.2
0.4444444444444444
0.33333333333333337
0.3448275862068965
0.32
0.4615384615384615
0.4545454545454545
0.3448275862068965
0.19047619047619044
0.2105263157894737
0.2
0.28571428571428575
0.888888888888889
0.14814814814814814
0.4210526315789474
0.47619047619047616
0.2
0.21621621621621623
0.2962962962962963
0.22222222222222224
0.32
0.19354838709677422
0.36363636363636365
0.2
0.47619047619047616
0.2
0.1
0.09523809523809522
0.21621621621621623
0.33333333333333337
0.26086956521739135
0.10526315789473685
0.18181818181818182
0.2962962962962963
0.11764705882352941
0.3
0.05
0.3571428571428571
0.3
0.26229508196721313
0.5
0.4
0.43478260869565216
0.3571428571428571
0.19354838709677422
0.2051282051282051
0.5
0.6285714285714286
0.5384615384615385
0.33333333333333337
0.1739130434782609
0.3555555555555555
0.08695652173913045
0.4
0.7499999999999999
0.4
0.2
0.0
0.15384615384615383
0.3
0.1
0.0
0.24
0.1
0.07692307692307691
0.23076923076923075
0.2564102564102564
0.34285714285714286
0.3
0.16666666666666669
0.0
0.3
0.18181818181818182
0.16666666666666669
0.6666666666666667
0.2424242424242424
0.23255813953488372
0.27027027027027023
0.23076923076923078
0.26086956521739135
0.26666666666666666
0.2
0.2105263157894737
0.4166666666666667
0.0784313725490196
0.32558139534883723
0.19354838709677422
0.0625
0.47619047619047616
0.2758620689655172
0.09090909090909091
0.2424242424242424
0.14035087719298245
0.5
0.27272727272727276
0.5
0.2962962962962963
0.26086956521739135
0.25000000000000006
0.1
0.09523809523809522
0.3
0.5333333333333333
0.4210526315789474
0.28571428571428575
0.3555555555555555
0.06666666666666667
0.28571428571428575
0.43749999999999994
0.6153846153846153
0.14814814814814814
0.7567567567567568
0.26086956521739135
0.2
0.5806451612903225
0.303030303030303
0.5
0.5517241379310344
0.5454545454545455
0.08695652173913043
0.4
0.5454545454545454
0.1739130434782609
0.36363636363636365
0.32
0.21052631578947367
0.3888888888888889
0.4
0.4545454545454545
0.5
0.26086956521739135
0.16
0.5
0.19047619047619044
0.3404255319148936
0.2777777777777778
0.18181818181818182
0.28571428571428575
0.24
0.19047619047619044
0.5
0.16666666666666669
0.27272727272727276
0.4
0.3
0.3
0.31578947368421056
0.21428571428571427
0.26086956521739135
0.13333333333333333
0.1
0.09090909090909091
0.6153846153846153
0.48
0.625
0.0784313725490196
0.303030303030303
0.3478260869565218
0.5185185185185186
0.47619047619047616
0.28571428571428575
0.27272727272727276
0.08
0.4545454545454545
0.5
0.18181818181818182
0.19047619047619044
0.09090909090909091
0.5
0.5185185185185186
0.0
0.33333333333333337
0.4545454545454545
0.24
0.3809523809523809
0.0
0.0
0.4
0.31578947368421056
0.4
0.4864864864864865
0.28571428571428575
0.16666666666666669
0.07142857142857144
0.4
0.4545454545454545
0.25531914893617025
0.1
0.7142857142857142
0.4166666666666667
0.21052631578947364
0.47619047619047616
0.3478260869565218
0.18867924528301885
0.2
0.27272727272727276
0.27272727272727276
0.28571428571428575
0.07894736842105264
0.2
0.4
0.28571428571428575
0.32
0.0
0.3809523809523809
0.3
0.27272727272727276
0.30769230769230765
0.425531914893617
0.4848484848484848
0.2105263157894737
0.6
0.2758620689655172
0.3809523809523809
0.20689655172413796
0.1142857142857143
0.3888888888888889
0.18181818181818182
0.07692307692307691
0.2758620689655172
0.24
0.16666666666666669
0.18181818181818182
0.31578947368421056
0.43243243243243246
0.3448275862068965
0.2
0.2222222222222222
0.31578947368421056
0.45161290322580644
0.2857142857142857
0.2105263157894737
0.08695652173913045
0.25
0.23076923076923075
0.16
0.27272727272727276
0.36363636363636365
0.27272727272727276
0.23076923076923075
0.4137931034482759
0.10526315789473682
0.48
0.08695652173913045
0.1
0.09523809523809522
0.17857142857142858
0.5384615384615385
0.2758620689655172
0.08695652173913045
0.3
0.09523809523809522
0.0
0.15384615384615383
0.28571428571428575
0.045454545454545456
0.09090909090909091
0.2
0.08695652173913045
0.31578947368421056
0.2962962962962963
0.47619047619047616
0.3809523809523809
0.2105263157894737
0.26666666666666666
0.26086956521739135
0.5
0.18181818181818182
0.24
0.16
0.06666666666666667
0.11764705882352941
0.2
0.2
0.4
0.3846153846153846
0.19047619047619044
0.8387096774193549
0.0
0.608695652173913
0.20689655172413796
0.19047619047619044
0.19047619047619044
0.09523809523809522
0.3137254901960784
0.09090909090909091
0.47619047619047616
0.4210526315789474
0.2758620689655172
0.0
0.1875
0.25531914893617025
0.31578947368421056
0.33333333333333337
0.5
0.18181818181818182
0.31578947368421056
0.16
0.1739130434782609
0.13513513513513511
0.18181818181818182
0.14814814814814814
0.4
0.08695652173913043
0.32
0.31578947368421056
0.33333333333333337
0.11111111111111112
0.0
0.09523809523809522
0.33333333333333337
0.5217391304347827
0.3571428571428571
0.28571428571428575
0.10526315789473685
0.3157894736842105
0.27272727272727276
0.10810810810810811
0.15384615384615383
0.4545454545454545
0.3
0.3809523809523809
0.1739130434782609
0.4000000000000001
0.26086956521739135
0.24
0.5517241379310344
0.28571428571428575
0.15384615384615383
0.3
0.23809523809523808
0.7096774193548386
0.09523809523809522
0.10526315789473685
0.08
0.5454545454545454
0.10526315789473685
0.31578947368421056
0.28571428571428575
0.30769230769230765
0.1
0.19047619047619044
0.10526315789473685
0.3703703703703704
0.1142857142857143
0.28571428571428575
0.689655172413793
0.11494252873563217
0.20000000000000004
0.2653061224489796
0.8571428571428571
0.5217391304347827
0.42857142857142855
0.1739130434782609
0.4615384615384615
0.25641025641025644
0.06451612903225808
0.08333333333333334
0.26415094339622636
0.27272727272727276
0.8
0.32
0.0
0.26086956521739135
0.31578947368421056
0.12244897959183675
0.4117647058823529
0.31578947368421056
0.26086956521739135
0.18181818181818182
0.32
0.19047619047619044
0.18181818181818182
0.4827586206896552
0.2285714285714286
0.10526315789473685
0.16666666666666669
0.28571428571428575
0.48
0.47619047619047616
0.5714285714285715
0.4
0.6923076923076923
0.3
0.5
0.1739130434782609
0.23880597014925373
0.56
0.3809523809523809
0.19047619047619044
0.3809523809523809
0.21052631578947367
0.27272727272727276
0.47619047619047616
0.4117647058823529
0.23728813559322037
0.36363636363636365
0.14285714285714288
0.19047619047619044
0.26666666666666666
0.3
0.1388888888888889
0.5714285714285715
0.08333333333333334
0.25
0.3
0.31578947368421056
0.4210526315789474
0.4
0.14285714285714285
0.25352112676056343
0.2424242424242424
0.2
0.08
0.23076923076923075
0.3
0.24
0.19047619047619044
0.36363636363636365
0.6666666666666666
0.3809523809523809
0.8
0.2580645161290323
0.1
0.3
0.23076923076923075
0.24
0.24
0.36363636363636365
0.08695652173913045
0.18181818181818182
0.25
0.3
0.19047619047619044
0.27272727272727276
0.26086956521739135
0.10526315789473685
0.14285714285714288
0.1
0.15384615384615383
0.2758620689655172
0.608695652173913
0.0
0.27272727272727276
0.6875
0.5454545454545455
0.4210526315789474
0.4166666666666667
0.19047619047619044
0.125
0.31578947368421056
0.08695652173913045
0.36363636363636365
0.43243243243243246
0.27777777777777773
0.7096774193548386
0.14285714285714285
0.1518987341772152
0.3
0.1
0.09523809523809523
0.6666666666666665
0.2105263157894737
0.47619047619047616
0.7200000000000001
0.6666666666666667
0.3
0.2962962962962963
0.07692307692307691
0.27272727272727276
0.09090909090909091
0.28571428571428575
0.0
0.4615384615384615
0.2285714285714286
0.1
0.4
0.25
0.0
0.4
0.31578947368421056
0.26666666666666666
0.3478260869565218
0.18750000000000003
0.3809523809523809
0.2
0.18181818181818182
0.2962962962962963
0.10526315789473685
0.08
0.26315789473684204
0.5185185185185186
0.1739130434782609
0.0
0.21428571428571427
0.4
0.0
0.3809523809523809
0.28571428571428575
0.5185185185185186
0.5833333333333333
0.36363636363636365
0.2
0.25396825396825395
0.3225806451612903
0.23076923076923075
0.31578947368421056
0.28571428571428575
0.0606060606060606
0.14285714285714288
0.18181818181818182
0.052631578947368425
0.8125
0.2222222222222222
0.19047619047619044
0.08695652173913045
0.18181818181818182
0.4
0.1348314606741573
0.2807017543859649
0.2
0.32
0.2
0.31578947368421056
0.19047619047619044
0.4102564102564102
0.0
0.16
0.33333333333333337
0.35294117647058826
0.31578947368421056
0.2580645161290323
0.36363636363636365
0.24
0.33333333333333337
0.56
0.3478260869565218
0.13333333333333333
0.4210526315789474
0.3
0.26666666666666666
0.2
0.6
0.2
0.16
0.26086956521739135
0.11320754716981132
0.4545454545454545
0.3333333333333333
0.3
0.3
0.3448275862068965
0.19047619047619044
0.4
0.4905660377358491
0.19047619047619044
0.26086956521739135
0.4545454545454545
0.7333333333333333
0.7317073170731707
0.3684210526315789
0.8148148148148148
0.043478260869565216
0.3846153846153846
0.1739130434782609
0.42424242424242425
0.30612244897959184
0.1
0.43478260869565216
0.3478260869565218
0.17142857142857143
0.6923076923076923
0.2580645161290323
0.2105263157894737
0.32
0.05714285714285715
0.19607843137254902
0.2
0.16
0.48
0.25
0.14285714285714288
0.1818181818181818
0.5
0.23076923076923075
0.08
0.1111111111111111
0.1
0.4102564102564102
0.44776119402985076
0.08695652173913045
0.5945945945945945
0.4615384615384615
0.6341463414634146
0.2
0.21428571428571427
0.5714285714285715
0.13333333333333333
0.5454545454545454
0.20000000000000004
0.48
0.09375
0.31578947368421056
0.08695652173913045
0.30769230769230765
0.47368421052631576
0.23076923076923075
0.3478260869565218
0.4
0.14035087719298245
0.6222222222222223
0.2285714285714286
0.0
0.09090909090909091
0.10526315789473685
0.5806451612903225
0.06666666666666667
0.26086956521739135
0.18181818181818182
0.3571428571428571
0.19047619047619044
0.21428571428571427
0.4571428571428572
0.0
0.28571428571428575
0.36363636363636365
0.24
0.8
0.0
0.3478260869565218
0.12903225806451615
0.3478260869565218
0.10526315789473685
0.4
0.16
0.31578947368421056
0.0
0.6046511627906976
0.07407407407407407
0.3018867924528302
0.42857142857142855
0.3333333333333333
0.16666666666666669
0.2
0.36363636363636365
0.32
0.42857142857142855
0.31578947368421056
0.22222222222222224
0.36363636363636365
0.0
0.16666666666666669
0.4545454545454545
0.47619047619047616
0.25
0.27586206896551724
0.2962962962962963
0.19047619047619044
0.09090909090909091
0.09090909090909091
0.27272727272727276
0.08333333333333334
0.18181818181818182
0.10526315789473685
0.4545454545454545
0.08333333333333334
0.1739130434782609
0.09090909090909091
0.09523809523809522
0.2580645161290323
0.5625
0.08695652173913045
0.08695652173913043
0.0900900900900901
0.3636363636363636
0.3636363636363636
0.13953488372093023
0.5714285714285715
0.3636363636363636
0.47619047619047616
0.25641025641025644
0.26086956521739135
0.07894736842105264
0.3
0.2105263157894737
0.47619047619047616
0.1518987341772152
0.5
0.2
0.2105263157894737
0.31578947368421056
0.4
0.35000000000000003
0.2222222222222222
0.5925925925925926
0.0606060606060606
0.09523809523809522
0.2
0.3333333333333333
0.09090909090909091
0.23728813559322037
0.4210526315789474
0.1739130434782609
0.3846153846153846
0.22222222222222224
0.2
0.16666666666666666
0.3478260869565218
0.2222222222222222
0.5217391304347827
0.2962962962962963
0.2962962962962963
0.32
0.33333333333333337
0.3137254901960784
0.19047619047619044
0.4
0.3478260869565218
0.1
0.5454545454545455
0.4166666666666667
0.3
0.19047619047619044
0.5
0.35000000000000003
0.31578947368421056
0.09523809523809522
0.13114754098360656
0.1739130434782609
0.0
0.6451612903225806
0.2
0.6486486486486486
0.2962962962962963
0.08695652173913045
0.2962962962962963
0.5
0.2
0.0
0.4545454545454545
0.47619047619047616
0.33333333333333337
0.2
0.5
0.3
0.5
0.0
0.09090909090909091
0.31578947368421056
0.5
0.11764705882352941
0.5
0.56
0.1
0.6428571428571429
0.5517241379310344
0.22222222222222224
0.3
0.2
0.1739130434782609
0.5
0.13953488372093023
0.05405405405405406
0.1739130434782609
0.19047619047619044
0.18750000000000003
0.28571428571428575
0.4210526315789474
0.26086956521739135
0.2105263157894737
0.28571428571428575
0.4
0.0
0.3043478260869565
0.18181818181818182
0.45161290322580644
0.3809523809523809
0.5384615384615385
0.1379310344827586
0.4
0.3225806451612903
0.10526315789473685
0.3703703703703704
0.09523809523809522
0.3125
0.08695652173913045
0.05714285714285715
0.10526315789473685
0.17647058823529413
0.0
0.2962962962962963
0.6190476190476191
0.37500000000000006
0.4210526315789474
0.0
0.14814814814814814
0.5384615384615385
0.0625
0.22222222222222224
0.18867924528301885
0.47619047619047616
0.28571428571428575
0.2105263157894737
0.3846153846153846
0.1702127659574468
0.47058823529411764
0.4545454545454545
0.5
0.09523809523809522
0.5
0.0594059405940594
0.26086956521739135
0.2962962962962963
0.19047619047619044
0.0
0.25
0.32
0.28571428571428575
0.10526315789473685
0.28169014084507044
0.3333333333333333
0.4117647058823529
0.3
0.22222222222222224
0.43749999999999994
0.29411764705882354
0.4210526315789474
0.0
0.4
0.26086956521739135
0.07692307692307691
0.1
0.1212121212121212
0.896551724137931
0.24
0.23529411764705882
0.16666666666666669
0.27272727272727276
0.3
0.32
0.27272727272727276
0.48
0.43478260869565216
0.28571428571428575
0.4666666666666667
0.2051282051282051
0.09523809523809522
0.25
0.19047619047619044
0.3448275862068965
0.14814814814814814
0.3809523809523809
0.27272727272727276
0.25
0.08
0.10526315789473685
0.31111111111111117
0.0
0.32
0.10526315789473685
0.21621621621621623
0.27272727272727276
0.23076923076923075
0.4444444444444445
0.08888888888888888
0.09090909090909091
0.1739130434782609
0.6956521739130436
0.2
0.33333333333333337
0.4137931034482759
0.3636363636363636
0.2105263157894737
0.1754385964912281
0.7333333333333333
0.3809523809523809
0.36363636363636365
0.04444444444444444
0.4
0.1
0.10526315789473685
0.2
0.07142857142857144
0.26086956521739135
0.4
0.5
0.13333333333333333
0.27272727272727276
0.25
0.36363636363636365
0.3478260869565218
0.15384615384615383
0.2
0.3
0.09523809523809522
0.19354838709677422
0.43902439024390244
0.2
0.30769230769230765
0.22222222222222224
0.2105263157894737
0.09523809523809522
0.38709677419354843
0.5161290322580646
0.12903225806451615
0.6486486486486486
0.3478260869565218
0.0
0.28571428571428575
0.6666666666666665
0.2962962962962963
0.26086956521739135
0.20689655172413796
0.5185185185185186
0.0
0.14634146341463417
0.27272727272727276
0.5625
0.19047619047619044
0.47619047619047616
0.6363636363636364
0.4
0.32
0.23076923076923075
0.23255813953488372
0.1
0.3
0.13333333333333333
0.375
0.3
0.19047619047619044
0.1739130434782609
0.4
0.2
0.1
0.08695652173913045
0.25
0.2
0.05714285714285715
0.8823529411764706
0.2962962962962963
0.18181818181818182
0.22641509433962267
0.14814814814814814
0.3
0.48
0.5333333333333333
0.3272727272727273
0.4
0.33333333333333337
0.2285714285714286
0.0
0.1
0.3478260869565218
0.27272727272727276
0.3809523809523809
0.3
0.2285714285714286
0.28571428571428575
0.0
0.5
0.09523809523809523
0.3125
0.1739130434782609
0.1739130434782609
0.25
0.23076923076923075
0.1
0.2
0.27272727272727276
0.3
0.5660377358490566
0.5
0.6206896551724138
0.3
0.3043478260869565
0.2
0.689655172413793
0.2
0.31578947368421056
0.22556390977443605
0.10526315789473685
0.3
0.6363636363636364
0.30769230769230765
0.0
0.2758620689655172
0.14814814814814814
0.2105263157894737
0.2
0.10526315789473685
0.25
0.6666666666666667
0.4
0.3
0.4
0.0
0.25641025641025644
0.4
0.3333333333333333
0.24
0.27272727272727276
0.608695652173913
0.4
0.3478260869565218
0.08
0.5333333333333333
0.23529411764705882
0.23529411764705882
0.6666666666666665
0.1
0.2105263157894737
0.3
0.2105263157894737
0.2
0.36363636363636365
0.19047619047619044
0.35000000000000003
0.5294117647058824
0.27272727272727276
0.28571428571428575
0.10526315789473685
0.27272727272727276
0.19047619047619047
0.2
0.1
0.3478260869565218
0.09523809523809522
0.28571428571428575
0.20689655172413796
0.3571428571428571
0.4
0.27272727272727276
0.25
0.15384615384615383
0.3
0.4680851063829787
0.10810810810810811
0.4
0.0625
0.125
0.27272727272727276
0.27272727272727276
0.0
0.4444444444444445
0.3809523809523809
0.1
0.5128205128205129
0.5454545454545455
0.3243243243243243
0.3809523809523809
0.7272727272727272
0.32
0.27272727272727276
0.0
0.326530612244898
0.36
0.36363636363636365
0.4444444444444445
0.2962962962962963
0.4210526315789474
0.05714285714285715
0.2
0.36363636363636365
0.2
0.2424242424242424
0.28571428571428575
0.15384615384615383
0.27027027027027023
0.09090909090909091
0.3
0.26666666666666666
0.23529411764705882
0.5185185185185186
0.21621621621621623
0.16666666666666666
0.28571428571428575
0.34375
0.5
0.28571428571428575
0.1818181818181818
0.6923076923076923
0.28571428571428575
0.32
0.1739130434782609
0.11494252873563217
0.33333333333333337
0.10256410256410255
0.27272727272727276
0.4
0.19047619047619044
0.23809523809523808
0.11904761904761905
0.15873015873015875
0.3448275862068965
0.4166666666666667
0.15384615384615383
0.3
0.15873015873015875
0.5217391304347827
0.28571428571428575
0.0
0.0
0.04081632653061225
0.32786885245901637
0.7200000000000001
0.2
0.4827586206896552
0.3478260869565218
0.17142857142857143
0.3636363636363636
0.5
0.28571428571428575
0.18181818181818182
0.07142857142857144
0.3478260869565218
0.27272727272727276
0.27777777777777773
0.20000000000000004
0.28571428571428575
0.19047619047619044
0.07142857142857144
0.2105263157894737
0.1
0.21818181818181814
0.28571428571428575
0.0784313725490196
0.4
0.31578947368421056
0.2105263157894737
0.1739130434782609
0.3
0.12903225806451615
0.18181818181818182
0.3
0.5555555555555556
0.8108108108108109
0.09090909090909091
0.10526315789473685
0.10526315789473685
0.18750000000000003
0.28571428571428575
0.5833333333333334
0.13333333333333333
0.3846153846153846
0.31578947368421056
0.4545454545454545
0.1
0.2424242424242424
0.3333333333333333
0.08695652173913045
0.4545454545454545
0.3478260869565218
0.10526315789473685
0.3272727272727273
0.43749999999999994
0.28571428571428575
0.43478260869565216
0.30769230769230765
0.42857142857142855
0.5
0.47619047619047616
0.3809523809523809
0.48
0.3809523809523809
0.09090909090909091
0.30769230769230765
0.18181818181818182
0.14814814814814814
0.47619047619047616
0.5714285714285715
0.17142857142857143
0.2
0.28571428571428575
0.30769230769230765
0.19047619047619044
0.3333333333333333
0.2
0.13333333333333333
0.21052631578947364
0.4166666666666667
0.2962962962962963
0.4
0.6363636363636364
0.2
0.18181818181818182
0.28571428571428575
0.3902439024390244
0.3
0.37500000000000006
0.6315789473684211
0.47619047619047616
0.31578947368421056
0.16666666666666669
0.4
0.3
0.6153846153846153
0.26666666666666666
0.16
0.14285714285714288
0.16666666666666669
0.23622047244094488
0.08333333333333334
0.28571428571428575
0.28571428571428575
0.08
0.28571428571428575
0.4
0.5454545454545455
0.4210526315789474
0.5714285714285715
0.1
0.31578947368421056
0.28571428571428575
0.2
0.15789473684210528
0.03508771929824561
0.28571428571428575
0.5
0.2285714285714286
0.38095238095238093
0.26086956521739135
0.2105263157894737
0.16
0.08695652173913045
0.16216216216216214
0.16666666666666669
0.18181818181818182
0.18181818181818182
0.06666666666666667
0.22727272727272724
0.2
0.2
0.28571428571428575
0.4166666666666667
0.4166666666666667
0.5217391304347827
0.28571428571428575
0.24
0.19047619047619044
0.3
0.48
0.27272727272727276
0.17142857142857143
0.16666666666666669
0.18181818181818182
0.2105263157894737
0.16666666666666669
0.4
0.7647058823529413
0.43478260869565216
0.42857142857142855
0.18181818181818182
0.888888888888889
0.27272727272727276
0.2105263157894737
0.0
0.23076923076923075
0.19047619047619044
0.14814814814814814
0.4615384615384615
0.16
0.4444444444444445
0.31578947368421056
0.09523809523809522
0.4210526315789474
0.22222222222222224
0.08
0.2580645161290323
0.48
0.36363636363636365
0.28571428571428575
0.15789473684210528
0.2105263157894737
0.25
0.28571428571428575
0.17647058823529413
0.608695652173913
0.2105263157894737
0.24
0.0
0.0
0.09523809523809522
0.19047619047619044
0.0
0.4
0.14814814814814814
0.2222222222222222
0.0
0.09523809523809522
0.4
0.26086956521739135
0.28571428571428575
0.07692307692307691
0.0
0.4545454545454545
0.4827586206896552
0.6451612903225806
0.31578947368421056
0.30769230769230765
0.10126582278481013
0.26086956521739135
0.2
0.09523809523809523
0.08
0.28571428571428575
0.10526315789473685
0.3809523809523809
0.3
0.33333333333333337
0.3
0.2
0.28571428571428575
0.23076923076923075
0.3076923076923077
0.4117647058823529
0.4166666666666667
0.3913043478260869
0.19047619047619044
0.30769230769230765
0.7567567567567568
0.16666666666666669
0.2105263157894737
0.2
0.2
0.6666666666666667
0.20408163265306123
0.3478260869565218
0.2
0.4
0.1948051948051948
0.08695652173913045
0.08695652173913045
0.1
0.16666666666666669
0.1
0.27272727272727276
0.25641025641025644
0.33333333333333337
0.1379310344827586
0.6153846153846153
0.1818181818181818
0.28571428571428575
0.1
0.4
0.07407407407407407
0.2105263157894737
0.15384615384615383
0.3809523809523809
0.2105263157894737
0.31578947368421056
0.4444444444444445
0.4
0.3055555555555555
0.26086956521739135
0.16666666666666669
0.09090909090909091
0.30769230769230765
0.2978723404255319
0.07407407407407407
0.07692307692307691
0.3809523809523809
0.18181818181818182
0.09090909090909091
0.16
0.0
0.1739130434782609
0.16666666666666666
0.27272727272727276
0.1
0.56
0.09523809523809522
0.4210526315789474
0.27272727272727276
0.1739130434782609
0.43478260869565216
0.06451612903225808
0.4210526315789474
0.18604651162790697
0.2051282051282051
0.27272727272727276
0.18181818181818182
0.24324324324324323
0.1379310344827586
0.4166666666666667
0.4
0.7407407407407408
0.15384615384615383
0.27272727272727276
0.10526315789473685
0.1739130434782609
0.43478260869565216
0.1
0.4
0.0625
0.5
0.07692307692307691
0.1
0.4545454545454545
0.19047619047619044
0.30769230769230765
0.3
0.2105263157894737
0.31578947368421056
0.07407407407407407
0.09523809523809522
0.33898305084745756
0.38709677419354843
0.32
0.1754385964912281
0.10526315789473685
0.3
0.16666666666666666
0.1
0.4166666666666667
0.2962962962962963
0.47619047619047616
0.24390243902439024
0.09090909090909091
0.07692307692307691
0.07692307692307691
0.21428571428571427
0.09836065573770492
0.046511627906976744
0.4210526315789474
0.20833333333333331
0.6363636363636364
0.08333333333333334
0.47619047619047616
0.07692307692307691
0.3571428571428571
0.22222222222222224
0.43749999999999994
0.24
0.18867924528301885
0.6666666666666665
0.56
0.4545454545454545
0.47619047619047616
0.5454545454545455
0.3243243243243243
0.4444444444444445
0.3809523809523809
0.10256410256410255
0.47619047619047616
0.32
0.2285714285714286
0.09090909090909091
0.3571428571428571
0.5660377358490566
0.1379310344827586
0.4210526315789474
0.5
0.27272727272727276
0.2105263157894737
0.4166666666666667
0.16
0.19047619047619044
0.0784313725490196
0.47619047619047616
0.4166666666666667
0.08695652173913045
0.43478260869565216
0.39215686274509803
0.4210526315789474
0.45161290322580644
0.1739130434782609
0.3809523809523809
0.16901408450704225
0.05
0.3809523809523809
0.42424242424242425
0.2
0.5
0.14814814814814814
0.14492753623188404
0.35294117647058826
0.2
0.3703703703703704
0.3492063492063492
0.2
0.4864864864864865
0.2962962962962963
0.3
0.08333333333333334
0.5090909090909091
0.26086956521739135
0.1818181818181818
0.4000000000000001
0.13953488372093023
0.33333333333333337
0.1739130434782609
0.0975609756097561
0.23076923076923075
0.0975609756097561
0.23809523809523808
0.07692307692307691
0.3809523809523809
0.896551724137931
0.28571428571428575
0.2580645161290323
0.43478260869565216
0.18181818181818182
0.15873015873015875
0.19047619047619044
0.35294117647058826
0.19047619047619044
0.31578947368421056
0.25
0.5517241379310344
0.0
0.3684210526315789
0.5
0.3
0.27272727272727276
0.08695652173913045
0.4827586206896552
0.0
0.6923076923076923
0.5
0.7499999999999999
0.2580645161290323
0.2
0.16
0.0
0.1739130434782609
0.19047619047619044
0.5
0.125
0.19047619047619044
0.15584415584415584
0.3448275862068965
0.2
0.23529411764705882
0.7407407407407408
0.13333333333333333
0.19047619047619044
0.3
0.27272727272727276
0.3272727272727273
0.28571428571428575
0.3
0.5
0.20338983050847456
0.26086956521739135
0.3571428571428571
0.28571428571428575
0.625
0.18181818181818182
0.12903225806451615
0.08695652173913045
0.0
0.14814814814814814
0.5217391304347827
0.14285714285714288
0.4210526315789474
0.3846153846153846
0.2
0.3
0.30769230769230765
0.5161290322580646
0.3
0.0
0.3
0.56
0.1379310344827586
0.5
0.08
0.2
0.5454545454545455
0.0
0.5
0.5714285714285715
0.07142857142857144
0.31578947368421056
0.6956521739130436
0.5238095238095238
0.14814814814814814
0.26086956521739135
0.1
0.28571428571428575
0.06666666666666667
0.3
0.2
0.2711864406779661
0.19047619047619044
0.08333333333333334
0.1739130434782609
0.3571428571428571
0.3333333333333333
0.5217391304347827
0.09523809523809522
0.26666666666666666
0.1739130434782609
0.1379310344827586
0.33333333333333337
0.26086956521739135
0.19047619047619044
0.36363636363636365
0.18181818181818182
0.08
0.28571428571428575
0.0
0.36363636363636365
0.5714285714285715
0.19354838709677422
0.5714285714285715
0.2
0.19047619047619044
0.18181818181818182
0.5
0.0
0.25
0.24
0.3370786516853933
0.3
0.33333333333333337
0.09523809523809522
0.2
0.18181818181818182
0.43478260869565216
0.45833333333333326
0.14814814814814814
0.4
0.09523809523809522
0.1
0.3
0.1212121212121212
0.08333333333333334
0.05405405405405406
0.3809523809523809
0.28571428571428575
0.30769230769230765
0.16
0.6363636363636364
0.1
0.28571428571428575
0.31578947368421056
0.5
0.14285714285714288
0.43749999999999994
0.5333333333333333
0.18181818181818182
0.2
0.4615384615384615
0.6666666666666667
0.18181818181818182
0.19047619047619044
0.19047619047619044
0.3
0.5833333333333334
0.2
0.28571428571428575
0.0
0.3783783783783784
0.26086956521739135
0.19047619047619044
0.36363636363636365
0.20689655172413796
0.5454545454545455
0.5555555555555556
0.5217391304347827
0.4
0.19047619047619044
0.25
0.3
0.09523809523809522
0.5
0.1818181818181818
0.0
0.0
0.19047619047619044
0.25641025641025644
0.4
0.0
0.43478260869565216
0.2962962962962963
0.19047619047619044
0.33333333333333337
0.7499999999999999
0.3
0.5454545454545455
0.2105263157894737
0.23255813953488372
0.15384615384615385
0.26415094339622636
0.43478260869565216
0.08
0.4
0.5
0.36363636363636365
0.09090909090909091
0.26086956521739135
0.17647058823529413
0.10526315789473685
0.7407407407407408
0.0
0.3913043478260869
0.24
0.3809523809523809
0.326530612244898
0.06666666666666667
0.09523809523809523
0.2580645161290323
0.3333333333333333
0.6666666666666667
0.5
0.3636363636363636
0.28571428571428575
0.4054054054054054
0.35294117647058826
0.10526315789473685
0.08695652173913043
0.6451612903225806
0.31578947368421056
0.7317073170731707
0.303030303030303
0.5
0.303030303030303
0.31578947368421056
0.1739130434782609
0.3
0.43478260869565216
0.56
0.26315789473684204
0.3125
0.35294117647058826
0.3076923076923077
0.8571428571428571
0.1739130434782609
0.1875
0.31578947368421056
0.5
0.7692307692307693
0.3414634146341463
0.5
0.16
0.47619047619047616
0.2105263157894737
0.14705882352941177
0.56
0.0
0.28571428571428575
0.6363636363636364
0.43478260869565216
0.3
0.19354838709677422
0.16216216216216214
0.36363636363636365
0.16
0.23076923076923075
0.1
0.18181818181818182
0.2
0.1739130434782609
0.3478260869565218
0.6956521739130436
0.3809523809523809
0.2
0.3809523809523809
0.4680851063829787
0.19047619047619044
0.18181818181818182
0.2758620689655172
0.31578947368421056
0.0
0.26086956521739135
0.2
0.5806451612903225
0.3333333333333333
0.5185185185185186
0.4137931034482759
0.0
0.1212121212121212
0.2105263157894737
0.26086956521739135
0.0
0.17647058823529413
0.09090909090909091
0.2285714285714286
0.2
0.3478260869565218
0.6956521739130436
0.5517241379310344
0.608695652173913
0.0
0.26666666666666666
0.09090909090909091
0.3478260869565218
0.15384615384615383
0.19047619047619044
0.5714285714285715
0.35294117647058826
0.4
0.2962962962962963
0.5454545454545455
0.28571428571428575
0.2580645161290323
0.608695652173913
0.3478260869565218
0.2962962962962963
0.3829787234042553
0.07692307692307691
0.15
0.08333333333333334
0.8148148148148148
0.31578947368421056
0.1739130434782609
0.16
0.3809523809523809
0.3
0.16000000000000003
0.5454545454545455
0.31578947368421056
0.43243243243243246
0.2
0.08333333333333334
0.3809523809523809
0.15789473684210528
0.19047619047619044
0.2424242424242424
0.15384615384615385
0.6206896551724138
0.27272727272727276
0.09090909090909091
0.2
0.24
0.3809523809523809
0.5106382978723405
0.0
0.31578947368421056
0.043478260869565216
0.47058823529411764
0.6956521739130436
0.489795918367347
0.28571428571428575
0.25641025641025644
0.4166666666666667
0.4000000000000001
0.10526315789473685
0.3
0.3809523809523809
0.32
0.6
0.846153846153846
0.5161290322580646
0.43478260869565216
0.4
0.3225806451612903
0.3636363636363636
0.08695652173913045
0.3809523809523809
0.303030303030303
0.26086956521739135
0.3225806451612903
0.2
0.6363636363636364
0.2
0.0
0.0
0.4
0.64
0.25
0.25
0.1739130434782609
0.43478260869565216
0.27272727272727276
0.1411764705882353
0.606060606060606
0.19047619047619044
0.08333333333333333
0.43478260869565216
0.19047619047619044
0.3703703703703704
0.5
0.5517241379310344
0.09523809523809522
0.1839080459770115
0.2
0.64
0.4615384615384615
0.0
0.32
0.4545454545454545
0.2105263157894737
0.15384615384615383
0.6956521739130436
0.5806451612903225
0.33333333333333337
0.26086956521739135
0.3809523809523809
0.23529411764705882
0.2105263157894737
0.09302325581395349
0.47619047619047616
0.0689655172413793
0.8148148148148148
0.4
0.2
0.1739130434782609
0.3
0.28571428571428575
0.3809523809523809
0.5
0.2
0.4
0.5454545454545455
0.09523809523809522
0.28571428571428575
0.2962962962962963
0.32
0.16666666666666669
0.3
0.5
0.4210526315789474
0.3
0.7692307692307692
0.09523809523809522
0.3243243243243243
0.2777777777777778
0.43478260869565216
0.28571428571428575
0.18181818181818182
0.4
0.26315789473684204
0.16666666666666669
0.3809523809523809
0.6285714285714286
0.1
0.6206896551724138
0.16666666666666669
0.4444444444444444
0.5333333333333333
0.25000000000000006
0.19047619047619044
0.2758620689655172
0.18947368421052632
0.27272727272727276
0.09090909090909091
0.28571428571428575
0.18181818181818182
0.3
0.12195121951219512
0.3
0.27272727272727276
0.19354838709677422
0.6206896551724138
0.12962962962962962
0.4545454545454545
0.28571428571428575
0.09090909090909091
0.10526315789473685
0.20000000000000004
0.08
0.3333333333333333
0.03636363636363636
0.5
0.37209302325581395
0.28571428571428575
0.3
0.888888888888889
0.27272727272727276
0.2105263157894737
0.5925925925925926
0.4615384615384615
0.27272727272727276
0.4545454545454545
0.2285714285714286
0.19047619047619044
0.26086956521739135
0.09523809523809522
0.4615384615384615
0.2105263157894737
0.3
0.28571428571428575
0.48
0.4
0.3809523809523809
0.32
0.4166666666666667
0.4545454545454545
0.2
0.4166666666666667
0.3448275862068965
0.09523809523809523
0.5185185185185186
0.5
0.2105263157894737
0.28571428571428575
0.09090909090909091
0.4
0.1
0.1818181818181818
0.26666666666666666
0.31578947368421056
0.14814814814814814
0.05555555555555555
0.14285714285714285
0.0
0.4
0.3
0.5185185185185186
0.1
0.1739130434782609
0.23076923076923075
0.19047619047619044
0.4
0.6923076923076923
0.0
0.3478260869565218
0.5
0.16
0.3
0.2105263157894737
0.5925925925925926
0.4615384615384615
0.3448275862068965
0.19047619047619044
0.18750000000000003
0.31578947368421056
0.28571428571428575
0.5714285714285715
0.25
0.30769230769230765
0.08333333333333333
0.30769230769230765
0.3
0.3478260869565218
0.28571428571428575
0.2
0.22222222222222224
0.31578947368421056
0.0
0.15384615384615383
0.3809523809523809
0.45161290322580644
0.18181818181818182
0.43478260869565216
0.10909090909090907
0.5
0.18181818181818182
0.23529411764705882
0.33333333333333337
0.09090909090909091
0.31578947368421056
0.1739130434782609
0.09090909090909091
0.32558139534883723
0.4210526315789474
0.07142857142857144
0.4
0.18181818181818182
0.23076923076923075
0.19047619047619044
0.4
0.4
0.5
0.3414634146341463
0.16
0.1443298969072165
0.5833333333333333
0.35000000000000003
0.689655172413793
0.6153846153846153
0.3
0.3
0.09090909090909091
0.14285714285714288
0.4210526315789474
0.18181818181818182
0.7200000000000001
0.5833333333333334
0.09836065573770492
0.5454545454545455
0.09090909090909091
0.2962962962962963
0.1739130434782609
0.10526315789473685
0.3888888888888889
0.4
0.3809523809523809
0.0
0.47368421052631576
0.14285714285714288
0.18181818181818182
0.6122448979591837
0.31578947368421056
0.17391304347826086
0.23076923076923075
0.2
0.2
0.2758620689655172
0.1
0.3
0.07142857142857144
0.3571428571428571
0.47058823529411764
0.2105263157894737
0.6363636363636364
0.16666666666666666
0.14285714285714285
0.4210526315789474
0.09090909090909091
0.45454545454545453
0.3448275862068966
0.2
0.2758620689655172
0.05405405405405406
0.16
0.26086956521739135
0.23728813559322037
0.1818181818181818
0.2105263157894737
0.1739130434782609
0.2758620689655172
0.43478260869565216
0.0
0.52
0.0425531914893617
0.09090909090909091
0.3
0.3846153846153846
0.5
0.43749999999999994
0.28571428571428575
0.5517241379310344
0.5
0.14285714285714288
0.3809523809523809
0.47619047619047616
0.20338983050847456
0.25
0.0
0.18518518518518517
0.3
0.3703703703703704
0.2
0.5714285714285715
0.28571428571428575
0.4
0.26086956521739135
0.0
0.2105263157894737
0.2
0.31578947368421056
0.24
0.21621621621621623
0.36363636363636365
0.19047619047619044
0.30769230769230765
0.22222222222222224
0.3125
0.4
0.28571428571428575
0.45161290322580644
0.2758620689655172
0.22222222222222224
0.0
0.2
0.30769230769230765
0.5
0.1
0.16
0.1
0.10526315789473685
0.846153846153846
0.09302325581395349
0.12903225806451615
0.33333333333333337
0.21428571428571427
0.3
0.125
0.26666666666666666
0.16666666666666669
0.25531914893617025
0.4117647058823529
0.36363636363636365
0.0
0.3333333333333333
0.15789473684210528
0.4
0.09523809523809522
0.2978723404255319
0.2105263157894737
0.1379310344827586
0.43749999999999994
0.1739130434782609
0.26086956521739135
0.48
0.19047619047619047
0.27272727272727276
0.4
0.3
0.08
0.24
0.2
0.2105263157894737
0.18181818181818182
0.2
0.4615384615384615
0.1
0.38709677419354843
0.36363636363636365
0.5185185185185186
0.3333333333333333
0.2
0.05128205128205127
0.5714285714285715
0.20408163265306123
0.1739130434782609
0.4210526315789474
0.5714285714285715
0.09090909090909091
0.4137931034482759
0.4
0.2758620689655172
0.689655172413793
0.0
0.1
0.2962962962962963
0.3243243243243243
0.36363636363636365
0.19047619047619044
0.3
0.6451612903225806
0.5
0.16666666666666669
0.5925925925925926
0.0
0.1
0.6153846153846153
0.5454545454545455
0.26086956521739135
0.31578947368421056
0.4
0.4137931034482759
0.0
0.8108108108108109
0.3333333333333333
0.1
0.6206896551724138
0.19047619047619044
0.7027027027027029
0.08
0.16666666666666669
0.42424242424242425
0.2972972972972973
0.56
0.1
0.3809523809523809
0.20000000000000004
0.5
0.16216216216216214
0.3636363636363636
0.30769230769230765
0.18181818181818182
0.24
0.09333333333333334
0.2
0.4545454545454545
0.36363636363636365
0.16216216216216214
0.5217391304347827
0.28571428571428575
0.47619047619047616
0.08695652173913045
0.18750000000000003
0.30769230769230765
0.5217391304347827
0.47619047619047616
0.5
0.42857142857142855
0.3809523809523809
0.1
0.5
0.3
0.1791044776119403
0.06666666666666667
0.16666666666666669
0.4137931034482759
0.3809523809523809
0.27272727272727276
0.7407407407407408
0.2962962962962963
0.08
0.27027027027027023
0.0
0.3
0.2105263157894737
0.25
0.5625
0.4210526315789474
0.5714285714285715
0.26086956521739135
0.3478260869565218
0.30769230769230765
0.28571428571428575
0.19047619047619044
0.6923076923076923
0.0
0.2
0.09090909090909091
0.3225806451612903
0.2105263157894737
0.3846153846153846
0.1
0.14634146341463417
0.2285714285714286
0.4000000000000001
0.28571428571428575
0.33333333333333337
0.10526315789473685
0.18181818181818182
0.26666666666666666
0.25
0.7407407407407408
0.09523809523809522
0.3
0.31578947368421056
0.16
0.08695652173913045
0.5789473684210527
0.36363636363636365
0.35897435897435903
0.42857142857142855
0.43749999999999994
0.20000000000000004
0.3
0.2857142857142857
0.6956521739130436
0.2285714285714286
0.1739130434782609
0.16666666666666669
0.2
0.0975609756097561
0.43749999999999994
0.5384615384615385
0.6666666666666667
0.27906976744186046
0.3809523809523809
0.1
0.10526315789473685
0.18181818181818182
0.3
0.21428571428571427
0.24
0.7142857142857143
0.0
0.5517241379310344
0.3571428571428571
0.16666666666666669
0.26086956521739135
0.36363636363636365
0.4
0.24
0.43478260869565216
0.3809523809523809
0.18181818181818182
0.1111111111111111
0.6
0.5
0.18181818181818182
0.31578947368421056
0.19047619047619044
0.42424242424242425
0.43478260869565216
0.09523809523809522
0.16666666666666669
0.19047619047619044
0.09523809523809522
0.3703703703703704
0.1
0.4
0.5517241379310344
0.08333333333333334
0.2962962962962963
0.09090909090909091
0.36363636363636365
0.5
0.09523809523809522
0.07692307692307691
0.16
0.18181818181818182
0.6666666666666666
0.1739130434782609
0.3
0.43749999999999994
0.5454545454545455
0.11764705882352941
0.28571428571428575
0.26086956521739135
0.3478260869565218
0.24000000000000002
0.10526315789473685
0.43478260869565216
0.14285714285714288
0.09090909090909091
0.163265306122449
0.5
0.4074074074074074
0.1818181818181818
0.12903225806451615
0.32
0.2758620689655172
0.4210526315789474
0.2105263157894737
0.18181818181818182
0.6666666666666665
0.3478260869565218
0.08
0.19047619047619044
0.3
0.09523809523809522
0.21428571428571427
0.47619047619047616
0.16
0.09302325581395349
0.0689655172413793
0.14285714285714288
0.28571428571428575
0.28571428571428575
0.1379310344827586
0.5294117647058824
0.4
0.3
0.5625
0.07407407407407407
0.09090909090909091
0.3076923076923077
0.18181818181818182
0.23076923076923075
0.18181818181818182
0.4
0.32
0.26086956521739135
0.3703703703703704
0.2
0.3
0.13953488372093023
0.31578947368421056
0.2962962962962963
0.2
0.0
0.09090909090909091
0.10526315789473685
0.5217391304347827
0.36363636363636365
0.4615384615384615
0.14285714285714288
0.27272727272727276
0.18181818181818182
0.0
0.33333333333333337
0.28571428571428575
0.1263157894736842
0.2105263157894737
0.3809523809523809
0.27272727272727276
0.48
0.3018867924528302
0.16
0.4545454545454545
0.1142857142857143
0.15384615384615383
0.14814814814814814
0.31578947368421056
0.16666666666666669
0.26086956521739135
0.33333333333333337
0.16
0.09090909090909091
0.23076923076923075
0.40625
0.56
0.2
0.5
0.09523809523809522
0.25
0.48
0.0
0.22222222222222224
0.07692307692307691
0.4210526315789474
0.1212121212121212
0.18181818181818182
0.6153846153846154
0.4
0.26315789473684204
0.2105263157894737
0.4137931034482759
0.14814814814814814
0.8333333333333333
0.2105263157894737
0.4210526315789474
0.33333333333333337
0.5625
0.36363636363636365
0.0
0.25
0.1739130434782609
0.1739130434782609
0.13333333333333333
0.19047619047619044
0.2
0.07692307692307691
0.5142857142857143
0.12903225806451615
0.10526315789473685
0.4
0.13333333333333333
0.0
0.09523809523809522
0.4210526315789474
0.09523809523809522
0.30769230769230765
0.33333333333333337
0.3
0.18181818181818182
0.21621621621621623
0.6666666666666665
0.3571428571428571
0.09090909090909091
0.5925925925925926
0.19047619047619044
0.07947019867549669
0.4
0.5925925925925926
0.1
0.1
0.5714285714285715
0.08333333333333334
0.24
0.3225806451612903
0.18181818181818182
0.4
0.5217391304347827
0.6341463414634146
0.611111111111111
0.19047619047619044
0.303030303030303
0.3125
0.21621621621621623
0.5
0.10526315789473685
0.34285714285714286
0.5531914893617021
0.18181818181818182
0.2
0.47619047619047616
0.3478260869565218
0.2105263157894737
0.0
0.4000000000000001
0.15384615384615383
0.3
0.1142857142857143
0.4615384615384615
0.2
0.13333333333333333
0.1739130434782609
0.0975609756097561
0.4166666666666667
0.0
0.3333333333333333
0.33333333333333337
0.0
0.08695652173913045
0.28571428571428575
0.13333333333333333
0.30769230769230765
0.1
0.5
0.2
0.5
0.2
0.1739130434782609
0.09523809523809522
0.33333333333333337
0.28571428571428575
0.13333333333333333
0.4
0.5
0.35000000000000003
0.1739130434782609
0.4000000000000001
0.6206896551724138
0.19047619047619044
0.1212121212121212
0.3809523809523809
0.09523809523809522
0.36363636363636365
0.16
0.4444444444444445
0.16666666666666669
0.2105263157894737
0.10526315789473685
0.09523809523809522
0.3125
0.2105263157894737
0.23076923076923073
0.2222222222222222
0.18181818181818182
0.4166666666666667
0.23255813953488372
0.3809523809523809
0.37500000000000006
0.1
0.19047619047619044
0.08695652173913045
0.32
0.0975609756097561
0.3333333333333333
0.6382978723404256
0.2105263157894737
0.4137931034482759
0.15384615384615385
0.36363636363636365
0.36363636363636365
0.2105263157894737
0.28571428571428575
0.10526315789473685
0.25
0.06666666666666667
0.4210526315789474
0.25
0.45161290322580644
0.1
0.7857142857142856
0.09523809523809522
0.45161290322580644
0.0
0.29166666666666663
0.0
0.7499999999999999
0.37142857142857144
0.31578947368421056
0.56
0.5454545454545455
0.3809523809523809
0.3809523809523809
0.22641509433962267
0.25
0.25
0.5106382978723405
0.4
0.43902439024390244
0.07692307692307691
0.5217391304347827
0.25
0.3
0.5
0.1388888888888889
0.4
0.0
0.23076923076923078
0.27272727272727276
0.36363636363636365
0.56
0.16
0.6
0.6666666666666666
0.3
0.5
0.38709677419354843
0.1739130434782609
0.27906976744186046
0.1739130434782609
0.3478260869565218
0.6
0.4
0.4166666666666667
0.417910447761194
0.2222222222222222
0.4210526315789474
0.25
0.3809523809523809
0.2
0.3384615384615385
0.28571428571428575
0.608695652173913
0.2
0.11904761904761905
0.27272727272727276
0.43333333333333335
0.27272727272727276
0.3414634146341463
0.5925925925925926
0.4137931034482759
0.2758620689655172
0.3018867924528302
0.4
0.18181818181818182
0.36363636363636365
0.48
0.2
0.4
0.19047619047619044
0.15384615384615383
0.28571428571428575
0.27272727272727276
0.42857142857142855
0.09523809523809522
0.24000000000000002
0.0
0.36363636363636365
0.5833333333333334
0.3478260869565218
0.2
0.8148148148148148
0.3058823529411765
0.3
0.28571428571428575
0.7692307692307692
0.08333333333333334
0.28571428571428575
0.07142857142857144
0.2
0.08695652173913043
0.3478260869565218
0.3478260869565218
0.09090909090909091
0.06666666666666667
0.18181818181818182
0.43478260869565216
0.3703703703703704
0.09523809523809522
0.3125
0.2105263157894737
0.7096774193548386
0.27272727272727276
0.3
0.18750000000000003
0.10526315789473685
0.4
0.3243243243243243
0.36363636363636365
0.20689655172413796
0.2105263157894737
0.4
0.30612244897959184
0.1739130434782609
0.4545454545454545
0.2
0.0
0.1
0.27272727272727276
0.24
0.07407407407407407
0.2105263157894737
0.10526315789473685
0.16666666666666669
0.27272727272727276
0.25
0.6666666666666667
0.25
0.2153846153846154
0.28571428571428575
0.38095238095238093
0.0
0.16
0.3125
0.48
0.47619047619047616
0.3888888888888889
0.5
0.18181818181818182
0.9375
0.56
0.6976744186046512
0.0
0.3
0.26086956521739135
0.16666666666666669
0.2105263157894737
0.08
0.2222222222222222
0.26086956521739135
0.43478260869565216
0.9655172413793104
0.47826086956521735
0.19047619047619044
0.2105263157894737
0.0
0.19047619047619044
0.27272727272727276
0.33333333333333337
0.4090909090909091
0.11940298507462686
0.0
0.24
0.5
0.07692307692307691
0.28571428571428575
0.6451612903225806
0.2
0.3478260869565218
0.09090909090909091
0.56
0.41666666666666663
0.2
0.1
0.1739130434782609
0.2105263157894737
0.12765957446808512
0.43478260869565216
0.0
0.24
0.3225806451612903
0.19047619047619044
0.23529411764705882
0.15384615384615383
0.05128205128205127
0.09090909090909091
0.18181818181818182
0.09090909090909091
0.2105263157894737
0.2758620689655172
0.23880597014925373
0.13157894736842105
0.31578947368421056
0.32
0.608695652173913
0.4210526315789474
0.6666666666666667
0.3
0.08
0.11940298507462686
0.0
0.47619047619047616
0.4210526315789474
0.20689655172413796
0.2
0.25
0.08333333333333334
0.4137931034482759
0.4
0.10526315789473685
0.3809523809523809
0.4666666666666667
0.26086956521739135
0.43243243243243246
0.31578947368421056
0.19047619047619044
0.30769230769230765
0.7857142857142856
0.2105263157894737
0.3571428571428571
0.09090909090909091
0.5161290322580646
0.30769230769230765
0.19047619047619044
0.4
0.1
0.09523809523809522
0.47619047619047616
0.08333333333333334
0.4
0.14285714285714288
0.33333333333333337
0.20000000000000004
0.40816326530612246
0.23076923076923075
0.21428571428571427
0.28571428571428575
0.4444444444444444
0.6666666666666667
0.08695652173913045
0.36363636363636365
0.18604651162790697
0.27272727272727276
0.5217391304347827
0.1379310344827586
0.08695652173913045
0.19047619047619044
0.09523809523809522
0.19047619047619044
0.2105263157894737
0.1
0.4
0.33333333333333337
0.21428571428571427
0.09523809523809522
0.2
0.26666666666666666
0.6842105263157895
0.18181818181818182
0.27272727272727276
0.17647058823529413
0.608695652173913
0.18181818181818182
0.0
0.20000000000000004
0.5925925925925926
0.2222222222222222
0.32
0.3809523809523809
0.48
0.3
0.35294117647058826
0.4
0.5
0.2
0.05555555555555555
0.4545454545454545
0.25
0.10526315789473685
0.6923076923076923
0.27272727272727276
0.4210526315789474
0.5945945945945945
0.20833333333333331
0.125
0.10526315789473685
0.2
0.4848484848484848
0.3
0.37500000000000006
0.09523809523809522
0.16666666666666669
0.26086956521739135
0.3
0.2962962962962963
0.7692307692307692
0.3
0.19047619047619044
0.14285714285714288
0.0
0.28571428571428575
0.0689655172413793
0.19047619047619044
0.09090909090909091
0.21428571428571427
0.31578947368421056
0.4210526315789474
0.09090909090909091
0.10526315789473685
0.27272727272727276
0.09523809523809522
0.11290322580645162
0.6285714285714286
0.26086956521739135
0.26086956521739135
0.1379310344827586
0.3571428571428571
0.5555555555555556
0.1379310344827586
0.25
0.36363636363636365
0.18181818181818182
0.5
0.17647058823529413
0.18181818181818182
0.26086956521739135
0.18181818181818182
0.19047619047619044
0.16666666666666669
0.3225806451612903
0.43478260869565216
0.4000000000000001
0.24137931034482765
0.06741573033707865
0.47619047619047616
0.30769230769230765
0.2758620689655172
0.43478260869565216
0.3
0.2424242424242424
0.16666666666666666
0.4166666666666667
0.2
0.4210526315789474
0.5
0.19047619047619044
0.36363636363636365
0.25
0.09523809523809522
0.3
0.16216216216216214
0.08695652173913045
0.1
0.43243243243243246
0.08
0.36363636363636365
0.4
0.28571428571428575
0.36363636363636365
0.06451612903225808
0.19047619047619044
0.33333333333333337
0.2105263157894737
0.15384615384615383
0.31578947368421056
0.21428571428571427
0.19047619047619044
0.1443298969072165
0.45161290322580644
0.3809523809523809
0.5161290322580646
0.2285714285714286
0.0
0.37500000000000006
0.31578947368421056
0.12765957446808512
0.6363636363636364
0.5
0.4210526315789474
0.6818181818181819
0.30769230769230765
0.3
0.19047619047619044
0.08695652173913045
0.3
0.4363636363636363
0.2962962962962963
0.15384615384615385
0.1739130434782609
0.4571428571428572
0.2439024390243902
0.28571428571428575
0.28571428571428575
0.1
0.08695652173913045
0.12903225806451615
0.3846153846153846
0.2
0.2758620689655172
0.3
0.4545454545454545
0.07547169811320754
0.47619047619047616
0.4
0.3
0.28571428571428575
0.3
0.3478260869565218
0.3809523809523809
0.18181818181818182
0.16
0.5217391304347827
0.0
0.1
0.09523809523809522
0.7586206896551724
0.21621621621621623
0.3
0.0
0.24
0.3478260869565218
0.47619047619047616
0.3
0.43749999999999994
0.2
0.32
0.0
0.13333333333333333
0.22222222222222224
0.42857142857142855
0.0
0.16949152542372878
0.4
0.2
0.31578947368421056
0.4545454545454545
0.608695652173913
0.29411764705882354
0.5217391304347827
0.14814814814814814
0.4210526315789474
0.19047619047619044
0.08
0.2222222222222222
0.25
0.0
0.2580645161290323
0.26229508196721313
0.6666666666666667
0.28571428571428575
0.26086956521739135
0.5833333333333334
0.1
0.25
0.25
0.1
0.16666666666666669
0.09523809523809522
0.31578947368421056
0.28571428571428575
0.3243243243243243
0.0975609756097561
0.4210526315789474
0.8484848484848485
0.10526315789473685
0.19047619047619044
0.30769230769230765
0.10810810810810811
0.4444444444444445
0.3809523809523809
0.2962962962962963
0.5333333333333333
0.3
0.27272727272727276
0.6923076923076923
0.25
0.125
0.19047619047619044
0.33333333333333337
0.3
0.2
0.3846153846153846
0.2962962962962963
0.5
0.1379310344827586
0.6428571428571429
0.09090909090909091
0.2105263157894737
0.19047619047619044
0.14285714285714288
0.0
0.1
0.18181818181818182
0.19047619047619044
0.31578947368421056
0.4
0.23076923076923075
0.5263157894736841
0.20000000000000004
0.5
0.12903225806451615
0.19047619047619044
0.3448275862068966
0.3703703703703704
0.03571428571428571
0.08333333333333334
0.0689655172413793
0.16
0.32
0.3
0.23076923076923075
0.6
0.3
0.33333333333333337
0.4
0.16666666666666669
0.47619047619047616
0.2105263157894737
0.7368421052631579
0.6842105263157895
0.4210526315789474
0.3809523809523809
0.3
0.3809523809523809
0.2
0.14634146341463417
0.09523809523809522
0.4102564102564102
0.36363636363636365
0.08
0.28571428571428575
0.19047619047619044
0.27272727272727276
0.4090909090909091
0.17142857142857143
0.16216216216216214
0.6666666666666667
0.5
0.6363636363636364
0.27272727272727276
0.25
0.1142857142857143
0.30769230769230765
0.14814814814814814
0.5833333333333334
0.30769230769230765
0.339622641509434
0.12000000000000001
0.10526315789473685
0.16666666666666669
0.1818181818181818
0.3809523809523809
0.19047619047619044
0.09523809523809522
0.15384615384615383
0.3571428571428571
0.27272727272727276
0.6153846153846153
0.09090909090909091
0.5625
0.33333333333333337
0.28571428571428575
0.16666666666666669
0.3809523809523809
0.4166666666666667
0.5217391304347827
0.4
0.2
0.43749999999999994
0.3333333333333333
0.2
0.08695652173913045
0.5306122448979592
0.06451612903225808
0.0
0.2
0.1
0.6666666666666667
0.19047619047619044
0.0
0.16666666666666669
0.3636363636363636
0.18461538461538463
0.08
0.10526315789473685
0.36363636363636365
0.4827586206896552
0.1
0.2
0.1702127659574468
0.64
0.28571428571428575
0.2
0.36363636363636365
0.30769230769230765
0.5714285714285715
0.0
0.2456140350877193
0.4210526315789474
0.09523809523809522
0.2
0.16
0.14285714285714288
0.09523809523809522
0.33333333333333337
0.3181818181818182
0.2
0.08333333333333334
0.28571428571428575
0.2105263157894737
0.5
0.3076923076923077
0.0
0.0
0.18181818181818182
0.10526315789473685
0.2105263157894737
0.1568627450980392
0.43478260869565216
0.36363636363636365
0.2
0.18604651162790697
0.17142857142857143
0.1739130434782609
0.30769230769230765
0.1111111111111111
0.5625
0.5
0.0
0.4
0.64
0.3333333333333333
0.10526315789473685
0.7741935483870969
0.25
0.07058823529411765
0.26086956521739135
0.2051282051282051
0.15384615384615383
0.21428571428571427
0.43478260869565216
0.19354838709677422
0.19047619047619044
0.08
0.5
0.07142857142857144
0.2
0.3809523809523809
0.7142857142857142
0.5
0.2
0.09090909090909091
0.1839080459770115
0.8125
0.26086956521739135
0.36363636363636365
0.7567567567567568
0.3
0.19354838709677422
0.3333333333333333
0.06666666666666667
0.2
0.3703703703703704
0.15384615384615383
0.3333333333333333
0.0
0.21428571428571427
0.1
0.4210526315789474
0.4166666666666667
0.3448275862068965
0.3571428571428571
0.0
0.33333333333333337
0.7142857142857142
0.6956521739130436
0.1739130434782609
0.09090909090909091
0.19047619047619044
0.3
0.4
0.4210526315789474
0.25
0.3
0.0
0.3846153846153846
0.5714285714285715
0.3478260869565218
0.35897435897435903
0.06451612903225808
0.1923076923076923
0.32
0.3043478260869565
0.1739130434782609
0.0
0.07407407407407407
0.3
0.08
0.1739130434782609
0.5454545454545455
0.2424242424242424
0.08888888888888888
0.28571428571428575
0.1
0.14814814814814814
0.5217391304347827
0.2
0.4
0.18181818181818182
0.1
0.2
0.3846153846153846
0.4
0.16666666666666669
0.07547169811320754
0.19047619047619044
0.6153846153846153
0.5
0.4
0.25
0.16
0.26666666666666666
0.36363636363636365
0.5217391304347827
0.0
0.1818181818181818
0.6122448979591837
0.7499999999999999
0.058823529411764705
0.5625
0.16666666666666669
0.36363636363636365
0.4615384615384615
0.23809523809523808
0.09523809523809522
0.19047619047619044
0.10526315789473685
0.31578947368421056
0.10526315789473685
0.3809523809523809
0.21428571428571427
0.4
0.16
0.3448275862068965
0.36734693877551017
0.4210526315789474
0.26086956521739135
0.8333333333333333
0.0
0.27272727272727276
0.3
0.5833333333333334
0.6923076923076923
0.16666666666666669
0.15384615384615383
0.303030303030303
0.09836065573770492
0.4666666666666667
0.24
0.18181818181818182
0.19047619047619044
0.32
0.09523809523809522
0.0
0.48
0.38709677419354843
0.4210526315789474
0.22222222222222224
0.10526315789473685
0.08
0.31578947368421056
0.47619047619047616
0.47619047619047616
0.25
0.13043478260869568
0.27272727272727276
0.4615384615384615
0.5454545454545455
0.1
0.5
0.1702127659574468
0.10526315789473685
0.20689655172413796
0.2
0.36363636363636365
0.3
0.1951219512195122
0.3
0.18181818181818182
0.303030303030303
0.2424242424242424
0.28571428571428575
0.7200000000000001
0.15384615384615383
0.0
0.5
0.4
0.26086956521739135
0.19047619047619044
0.09523809523809522
0.2
0.07142857142857144
0.3809523809523809
0.4000000000000001
0.19047619047619044
0.4210526315789474
0.19047619047619044
0.09523809523809522
0.1379310344827586
0.2
0.6285714285714286
0.2
0.4210526315789474
0.31578947368421056
0.0
0.2105263157894737
0.4
0.26086956521739135
0.8275862068965518
0.26086956521739135
0.3478260869565218
0.25
0.47619047619047616
0.3902439024390244
0.7407407407407408
0.07142857142857144
0.26086956521739135
0.18181818181818182
0.28571428571428575
0.18181818181818182
0.5217391304347827
0.18181818181818182
0.6153846153846153
0.43478260869565216
0.24
0.4571428571428572
0.42857142857142855
0.38709677419354843
0.2105263157894737
0.1
0.28571428571428575
0.2285714285714286
0.26086956521739135
0.2631578947368421
0.28571428571428575
0.09090909090909091
0.16666666666666669
0.2962962962962963
0.2631578947368421
0.0
0.29411764705882354
0.489795918367347
0.36363636363636365
0.3243243243243243
0.23076923076923075
0.09090909090909091
0.4166666666666667
0.3478260869565218
0.2105263157894737
0.34285714285714286
0.046511627906976744
0.28571428571428575
0.3846153846153846
0.2
0.16
0.16
0.23076923076923075
0.40816326530612246
0.4666666666666667
0.5833333333333334
0.0625
0.18181818181818182
0.3
0.3809523809523809
0.1
0.08333333333333334
0.18181818181818182
0.28571428571428575
0.22222222222222224
0.8333333333333333
0.15384615384615383
0.27272727272727276
0.08695652173913045
0.45901639344262296
0.1739130434782609
0.6923076923076923
0.10810810810810811
0.36363636363636365
0.4666666666666667
0.28571428571428575
0.4
0.18181818181818182
0.0
0.7142857142857143
0.5
0.38709677419354843
0.26666666666666666
0.47619047619047616
0.64
0.1739130434782609
0.21428571428571427
0.4545454545454545
0.20689655172413796
0.3
0.3
0.27272727272727276
0.5
0.3
0.26666666666666666
0.31578947368421056
0.1
0.48
0.26666666666666666
0.4
0.19047619047619044
0.3
0.31578947368421056
0.1
0.08333333333333334
0.4
0.22222222222222224
0.1818181818181818
0.43478260869565216
0.33333333333333337
0.07407407407407407
0.12000000000000001
0.10526315789473685
0.22222222222222224
0.30769230769230765
0.19047619047619044
0.2
0.4166666666666667
0.3809523809523809
0.21739130434782605
0.25
0.2
0.17721518987341772
0.0
0.15384615384615383
0.1
0.25
0.2
0.27272727272727276
0.18181818181818182
0.10526315789473685
0.5833333333333334
0.08
0.3
0.19354838709677422
0.47619047619047616
0.4210526315789474
0.0
0.4
0.3
0.19047619047619044
0.09523809523809522
0.5833333333333334
0.36363636363636365
0.10526315789473685
0.3333333333333333
0.25
0.3478260869565218
0.5652173913043478
0.1
0.4827586206896552
0.1739130434782609
