0.16346153846153846
0.2298076923076923
0.27371794871794874
0.28846153846153844
0.3126923076923077
0.33205128205128204
0.34615384615384615
0.36730769230769234
0.386965811965812
0.4084615384615385
0.43111888111888114
0.453525641025641
0.47218934911242605
0.489010989010989
0.5069230769230769
0.5225961538461539
0.5383484162895927
0.5534188034188035
0.5659919028340081
0.5784615384615385
0.5903846153846154
0.6019230769230769
0.6126254180602007
0.6207532051282051
0.6296153846153846
0.6383136094674556
0.646011396011396
0.6539148351648352
0.6607427055702918
0.6672435897435898
