0.18461538461538463
0.22884615384615384
0.2685897435897436
0.3076923076923077
0.32
0.34134615384615385
0.36043956043956044
0.3802884615384615
0.39893162393162396
0.42057692307692307
0.44195804195804195
0.4620192307692308
0.48150887573964496
0.5008241758241758
0.5183333333333333
0.5359375
0.5505656108597285
0.5658119658119658
0.5799595141700404
0.5929807692307693
0.6039377289377289
0.6131118881118881
0.6232441471571907
0.632051282051282
0.6410769230769231
0.6499260355029586
0.6582621082621083
0.6654532967032967
0.6721485411140583
0.6788461538461539
