0.20576923076923076
0.24903846153846154
0.2833333333333333
0.3057692307692308
0.31653846153846155
0.33653846153846156
0.3565934065934066
0.37572115384615384
0.39294871794871794
0.4151923076923077
0.4361888111888112
0.45753205128205127
0.4761834319526627
0.49615384615384617
0.5151282051282051
0.5316105769230769
0.5478506787330317
0.5610042735042735
0.5741902834008097
0.5855769230769231
0.5956959706959707
0.6054195804195804
0.6151337792642141
0.6243589743589744
0.6327692307692308
0.6414201183431952
0.6487891737891738
0.6556318681318681
0.6630636604774536
0.6691025641025641
