0.04423076923076923
0.07692307692307693
0.09038461538461538
0.11442307692307692
0.13615384615384615
0.15865384615384615
0.189010989010989
0.21514423076923078
0.24123931623931624
0.26653846153846156
0.28986013986013986
0.31025641025641026
0.3304733727810651
0.34574175824175823
0.36217948717948717
0.38076923076923075
0.39751131221719455
0.41217948717948716
0.4285425101214575
0.44211538461538463
0.45604395604395603
0.4679195804195804
0.47968227424749166
0.4907051282051282
0.5015384615384615
0.5119082840236686
0.5225783475783475
0.5317994505494505
0.5404509283819628
0.548974358974359
