0.09230769230769231
0.1971153846153846
0.2467948717948718
0.28076923076923077
0.3088461538461538
0.3282051282051282
0.3464285714285714
0.36514423076923075
0.38290598290598293
0.4009615384615385
0.41748251748251747
0.43141025641025643
0.4498520710059172
0.4603021978021978
0.47384615384615386
0.48473557692307695
0.4976244343891403
0.5091880341880342
0.5204453441295547
0.5304807692307693
0.5394688644688644
0.5467657342657343
0.5547658862876255
0.5633814102564103
0.572076923076923
0.5806213017751479
0.5876068376068376
0.5956043956043956
0.6036472148541114
0.6101923076923077
