0.03653846153846154
0.09615384615384616
0.12628205128205128
0.1528846153846154
0.17846153846153845
0.2032051282051282
0.22747252747252747
0.24879807692307693
0.2643162393162393
0.2823076923076923
0.30227272727272725
0.32211538461538464
0.33816568047337275
0.35302197802197804
0.36923076923076925
0.3858173076923077
0.4001131221719457
0.41581196581196583
0.42834008097165993
0.44096153846153846
0.4533882783882784
0.46503496503496505
0.4765886287625418
0.4894230769230769
0.5003846153846154
0.5100591715976331
0.5207977207977208
0.5303571428571429
0.5395225464190981
0.5485897435897436
