0.09230769230769231
0.16634615384615384
0.20833333333333334
0.24423076923076922
0.2630769230769231
0.28685897435897434
0.30824175824175826
0.33125
0.34957264957264955
0.3694230769230769
0.388986013986014
0.4076923076923077
0.425
0.442032967032967
0.4576923076923077
0.47247596153846155
0.48721719457013574
0.5026709401709402
0.5173076923076924
0.5300961538461538
0.5427655677655677
0.553409090909091
0.565133779264214
0.5756410256410256
0.5847692307692308
0.5937130177514793
0.6017094017094017
0.6092032967032966
0.6179045092838197
0.6254487179487179
