0.14038461538461539
0.1971153846153846
0.2358974358974359
0.27355769230769234
0.2976923076923077
0.31666666666666665
0.33104395604395603
0.34783653846153845
0.372008547008547
0.39076923076923076
0.41188811188811186
0.4310897435897436
0.45162721893491126
0.47156593406593406
0.4898717948717949
0.5075721153846153
0.5240950226244344
0.538568376068376
0.5518218623481781
0.5641346153846154
0.5757326007326007
0.5861888111888112
0.596989966555184
0.6059294871794871
0.6143076923076923
0.623594674556213
0.631980056980057
0.6405906593406593
0.6472148541114059
0.6532051282051282
