0.6826923076923077
0.6826923076923077
0.5807692307692308
0.4807692307692308
0.39615384615384613
0.3384615384615385
0.31153846153846154
0.27115384615384613
0.25
0.23076923076923078
0.21346153846153845
0.19615384615384615
0.18653846153846154
0.17115384615384616
0.16153846153846155
0.1519230769230769
0.14807692307692308
0.14423076923076922
0.13846153846153847
0.1346153846153846
0.13076923076923078
0.12307692307692308
0.12307692307692308
0.11538461538461539
0.11346153846153846
0.10961538461538461
0.1076923076923077
0.1076923076923077
0.10576923076923077
0.10384615384615385
