0.7615384615384615
0.7615384615384615
0.6442307692307693
0.5557692307692308
0.47115384615384615
0.4115384615384615
0.38076923076923075
0.34423076923076923
0.3269230769230769
0.3057692307692308
0.27884615384615385
0.25769230769230766
0.24807692307692308
0.2403846153846154
0.22115384615384615
0.2076923076923077
0.20192307692307693
0.19615384615384615
0.18846153846153846
0.18846153846153846
0.18269230769230768
0.175
0.17115384615384616
0.16923076923076924
0.16538461538461538
0.1576923076923077
0.15384615384615385
0.1519230769230769
0.14807692307692308
0.14423076923076922
