0.7942307692307692
0.7942307692307692
0.7096153846153846
0.6057692307692307
0.5019230769230769
0.43846153846153846
0.36538461538461536
0.31153846153846154
0.27115384615384613
0.2403846153846154
0.225
0.2076923076923077
0.19423076923076923
0.175
0.16538461538461538
0.15384615384615385
0.1519230769230769
0.14615384615384616
0.14615384615384616
0.14423076923076922
0.1346153846153846
0.12884615384615383
0.12307692307692308
0.11923076923076924
0.11730769230769231
0.11730769230769231
0.11730769230769231
0.11730769230769231
0.11346153846153846
0.11153846153846154
