0.7826923076923077
0.7826923076923077
0.676923076923077
0.5826923076923077
0.49423076923076925
0.4173076923076923
0.35
0.3057692307692308
0.25
0.225
0.20192307692307693
0.18269230769230768
0.16153846153846155
0.14038461538461539
0.12307692307692308
0.11346153846153846
0.10961538461538461
0.1
0.09423076923076923
0.09038461538461538
0.08846153846153847
0.08846153846153847
0.08653846153846154
0.08653846153846154
0.08461538461538462
0.08269230769230769
0.07884615384615384
0.07692307692307693
0.07692307692307693
0.07307692307692308
