0.7788461538461539
0.7788461538461539
0.6711538461538461
0.5653846153846154
0.47115384615384615
0.3942307692307692
0.3269230769230769
0.2980769230769231
0.2673076923076923
0.24615384615384617
0.22692307692307692
0.2
0.17884615384615385
0.16346153846153846
0.1576923076923077
0.14807692307692308
0.1423076923076923
0.12692307692307692
0.12115384615384615
0.11538461538461539
0.10961538461538461
0.10576923076923077
0.10384615384615385
0.10192307692307692
0.1
0.09807692307692308
0.09423076923076923
0.09230769230769231
0.09230769230769231
0.09038461538461538
