0.375
0.1
0.0
0.16666666666666666
0.1111111111111111
0.6666666666666666
0.2
0.4444444444444444
0.6666666666666666
0.4
0.2631578947368421
0.16666666666666666
0.26666666666666666
0.625
0.6666666666666666
0.0
0.6666666666666666
0.5
0.16666666666666666
0.07692307692307693
0.16666666666666666
0.5714285714285714
0.125
0.125
0.8
0.4
0.6
0.75
0.0
0.2222222222222222
0.1951219512195122
0.5333333333333333
0.5714285714285714
0.25
0.3333333333333333
0.8
0.3333333333333333
0.6666666666666666
0.16666666666666666
0.16666666666666666
0.3333333333333333
0.5
0.4
0.5714285714285714
0.07692307692307693
0.25
0.75
0.8888888888888888
0.0
0.6363636363636364
0.3333333333333333
0.1875
0.375
0.4
0.08333333333333333
0.4
0.75
0.08
1.0
0.1
0.75
0.022222222222222223
0.4
0.16666666666666666
0.14285714285714285
0.25
0.2
0.38461538461538464
0.14285714285714285
0.3
0.42857142857142855
0.0
0.3333333333333333
0.8
0.21428571428571427
0.25
0.2
0.0
0.6363636363636364
0.3333333333333333
0.14754098360655737
0.4
0.4444444444444444
0.2
0.0
0.125
0.3333333333333333
0.5
0.4666666666666667
0.2857142857142857
0.6
1.0
0.11764705882352941
0.0
0.2222222222222222
0.21739130434782608
0.0
0.23076923076923078
0.8
0.14285714285714285
0.2
0.2
0.14545454545454545
0.6
0.4
0.15384615384615385
0.18181818181818182
0.2777777777777778
0.4
0.6666666666666666
0.4444444444444444
0.42857142857142855
0.18181818181818182
0.29411764705882354
0.0
0.13636363636363635
0.18181818181818182
0.038461538461538464
0.5555555555555556
0.5
0.2857142857142857
0.4
0.42857142857142855
0.08333333333333333
0.375
0.15217391304347827
0.4
0.20588235294117646
0.36363636363636365
0.15384615384615385
0.2857142857142857
0.0
0.14285714285714285
0.0
0.25
0.42857142857142855
0.18181818181818182
0.5
0.11627906976744186
0.6363636363636364
0.4
0.15789473684210525
0.14285714285714285
0.14285714285714285
1.0
0.09090909090909091
0.2
0.18181818181818182
0.8
0.14285714285714285
0.3157894736842105
0.5
0.0
1.0
0.25
0.1875
0.23809523809523808
0.4166666666666667
0.7777777777777778
0.4
0.08196721311475409
0.10526315789473684
0.2
0.5
0.4
0.20689655172413793
0.2222222222222222
0.2857142857142857
0.6666666666666666
0.9
0.4
0.2558139534883721
0.16666666666666666
1.0
0.2857142857142857
0.2
0.6666666666666666
0.2727272727272727
0.16666666666666666
0.4
0.75
0.8571428571428571
0.2857142857142857
0.625
0.25806451612903225
0.5714285714285714
0.125
0.038461538461538464
0.6
0.3333333333333333
0.13924050632911392
0.35714285714285715
0.4
0.6666666666666666
0.2727272727272727
0.1724137931034483
0.18181818181818182
0.8
0.0
0.4
0.3333333333333333
0.2777777777777778
0.3
0.21428571428571427
0.625
0.19047619047619047
0.21428571428571427
0.2631578947368421
0.3157894736842105
0.13333333333333333
0.5
0.25
0.5
0.3
0.2857142857142857
0.6666666666666666
0.6
0.0
0.5
0.5714285714285714
0.4117647058823529
0.6
0.5
0.4
0.18421052631578946
0.16666666666666666
0.3333333333333333
0.25
0.42857142857142855
0.30434782608695654
0.13333333333333333
0.375
0.1935483870967742
0.5714285714285714
1.0
0.4
0.65
0.4375
0.5
0.3
0.5714285714285714
0.0
0.18181818181818182
0.6153846153846154
0.6363636363636364
0.7272727272727273
0.25
0.3333333333333333
0.21428571428571427
0.16666666666666666
0.25
0.4
0.38461538461538464
0.5
1.0
0.4
0.5833333333333334
0.6
1.0
0.25
0.2857142857142857
0.5
0.4
0.35294117647058826
0.1
1.0
0.8
1.0
0.6
0.3333333333333333
0.6666666666666666
0.14814814814814814
0.5384615384615384
0.3333333333333333
0.25
0.8333333333333334
0.2
0.2
0.2777777777777778
0.0
0.5
0.5357142857142857
0.8
0.5
0.6666666666666666
0.06451612903225806
0.16666666666666666
0.3333333333333333
0.5714285714285714
0.0
0.16666666666666666
0.5
0.2
0.42857142857142855
0.2727272727272727
1.0
0.3333333333333333
0.3333333333333333
0.17391304347826086
0.16666666666666666
0.1
0.3333333333333333
0.875
0.6
0.5
0.5
0.0
0.375
0.3333333333333333
0.2857142857142857
0.1875
0.2
0.875
0.19047619047619047
0.5714285714285714
0.8
0.375
0.3333333333333333
0.14285714285714285
0.8333333333333334
0.4
0.25925925925925924
0.625
0.16666666666666666
0.25
0.0
0.4444444444444444
0.4
0.625
0.75
1.0
0.4
0.375
0.09302325581395349
0.0
0.8
0.14473684210526316
1.0
0.6666666666666666
0.8333333333333334
0.75
0.09523809523809523
0.5
0.35714285714285715
0.0
0.25
0.6666666666666666
0.4375
0.4
0.0
0.6
1.0
0.4
0.75
0.6
0.3333333333333333
0.5
0.14285714285714285
0.6
0.25
0.11320754716981132
0.17647058823529413
0.15384615384615385
0.25
0.3333333333333333
0.17391304347826086
0.25
0.375
0.25
0.17647058823529413
0.42857142857142855
0.3333333333333333
0.2222222222222222
0.16666666666666666
0.6
0.6
0.25
0.1111111111111111
0.14285714285714285
0.42857142857142855
0.8
0.2222222222222222
0.75
0.6
0.36363636363636365
0.2857142857142857
0.6
0.2
0.2857142857142857
0.5555555555555556
0.5
0.14705882352941177
0.8
0.6
0.3333333333333333
0.45454545454545453
0.3333333333333333
0.25
0.391304347826087
0.2
0.2222222222222222
0.2
0.3333333333333333
0.058823529411764705
0.75
0.25
0.5
0.14285714285714285
0.6428571428571429
0.14285714285714285
0.4
0.3333333333333333
0.5
0.25
0.19148936170212766
0.5555555555555556
0.3333333333333333
0.2857142857142857
0.5
0.25
0.6666666666666666
0.5
0.38461538461538464
0.5
0.16666666666666666
0.16666666666666666
0.5714285714285714
0.25
0.25
0.08333333333333333
0.0
0.2
0.5454545454545454
0.3333333333333333
0.11363636363636363
0.5
0.3
0.13636363636363635
0.07142857142857142
0.5
0.5
0.0
0.6111111111111112
0.21621621621621623
0.2857142857142857
1.0
0.7142857142857143
0.2727272727272727
0.125
0.1
0.6
0.2
0.2
0.4444444444444444
0.45454545454545453
0.4
0.07142857142857142
0.5714285714285714
0.2727272727272727
0.375
0.8181818181818182
0.8
0.3
0.3333333333333333
0.05405405405405406
0.16666666666666666
0.8
0.5
0.375
0.12
0.2
0.05555555555555555
0.6666666666666666
0.2222222222222222
1.0
0.17647058823529413
1.0
0.08333333333333333
0.5
0.15384615384615385
0.5789473684210527
0.45454545454545453
0.6
0.5
0.36363636363636365
0.4
0.2
0.3684210526315789
0.5
0.2857142857142857
0.3333333333333333
0.16666666666666666
0.3333333333333333
0.875
0.5
0.5555555555555556
0.4
0.42857142857142855
0.2727272727272727
0.8
0.3333333333333333
0.2
0.0625
0.14285714285714285
0.7
0.47619047619047616
0.42857142857142855
0.21739130434782608
0.4444444444444444
0.5454545454545454
0.4
0.4
0.6666666666666666
0.2222222222222222
0.3333333333333333
0.42857142857142855
0.25
0.2727272727272727
0.35
0.4
0.16666666666666666
0.14285714285714285
0.0
0.09090909090909091
0.0
0.6666666666666666
0.5555555555555556
0.4
0.2916666666666667
0.16
0.375
0.125
0.4
0.3
0.25
0.05263157894736842
0.14285714285714285
0.6
0.13793103448275862
0.5
0.15384615384615385
0.25
0.2857142857142857
0.13725490196078433
0.14634146341463414
0.6363636363636364
0.0
0.2
0.4
0.75
0.2727272727272727
0.36363636363636365
0.375
0.42857142857142855
0.2727272727272727
0.09090909090909091
0.2857142857142857
0.3684210526315789
0.6
0.375
0.7142857142857143
0.16666666666666666
0.2857142857142857
0.0
0.09090909090909091
0.26666666666666666
0.6666666666666666
0.23529411764705882
0.5
0.7142857142857143
0.5
0.5333333333333333
0.3333333333333333
0.4
0.2727272727272727
0.5
0.6153846153846154
0.2857142857142857
0.7142857142857143
0.8
0.5714285714285714
0.43478260869565216
0.6923076923076923
0.5
0.6
0.3333333333333333
0.42857142857142855
0.037037037037037035
0.3125
0.4666666666666667
0.4
0.125
0.16666666666666666
0.36363636363636365
0.07692307692307693
1.0
0.6666666666666666
0.0
0.2857142857142857
0.7
0.2857142857142857
0.2222222222222222
0.4
0.125
0.4
1.0
0.2
0.8333333333333334
0.5384615384615384
1.0
0.8333333333333334
0.4
0.6
0.6
0.0
0.375
0.5
0.3
0.5384615384615384
0.4444444444444444
0.5
0.6
0.5
0.75
0.3333333333333333
0.5555555555555556
0.6
0.7142857142857143
0.4
0.5
0.6
0.4666666666666667
0.4
0.375
0.0
0.5263157894736842
0.0
0.38461538461538464
0.11538461538461539
0.10810810810810811
0.25
0.35294117647058826
0.8461538461538461
0.8571428571428571
0.35294117647058826
1.0
0.06060606060606061
0.125
0.4
0.5
0.8
0.7142857142857143
0.5
0.0
0.15384615384615385
0.6
0.2
0.16666666666666666
0.6
0.18181818181818182
0.4
0.2
0.5
0.25
0.2857142857142857
0.75
0.3
0.2
0.08333333333333333
0.2608695652173913
0.06422018348623854
0.2
0.5
0.6666666666666666
0.0
1.0
0.2
0.125
0.5
0.13333333333333333
0.5
1.0
0.21428571428571427
0.375
0.4
0.2727272727272727
1.0
0.12244897959183673
0.02564102564102564
0.3333333333333333
1.0
0.2
0.125
0.42857142857142855
0.15
0.2222222222222222
0.6
0.5
0.16393442622950818
0.5
0.5454545454545454
0.42857142857142855
0.25
0.5714285714285714
0.25
0.5
0.125
0.4
0.3
0.5
0.5714285714285714
0.6
0.3
0.14285714285714285
0.0
0.3333333333333333
0.3684210526315789
0.6
0.0
0.2857142857142857
0.2857142857142857
0.2
0.4
0.8
0.4117647058823529
0.1111111111111111
0.25
0.5
0.23809523809523808
0.8
0.5714285714285714
0.6666666666666666
0.6666666666666666
0.038461538461538464
0.42857142857142855
0.2777777777777778
0.75
0.2222222222222222
0.16666666666666666
0.0
1.0
0.5
0.07142857142857142
0.6
0.06060606060606061
0.25
0.2222222222222222
0.35714285714285715
0.2
0.1282051282051282
0.25
0.10606060606060606
0.4
0.16666666666666666
0.25
0.8181818181818182
0.3333333333333333
0.875
0.4
0.36363636363636365
1.0
0.14285714285714285
0.7
0.75
0.3225806451612903
0.6666666666666666
0.13043478260869565
0.5
0.4444444444444444
0.21739130434782608
0.6666666666666666
0.049723756906077346
0.4
0.09090909090909091
0.5
0.11764705882352941
0.5
0.2857142857142857
0.1111111111111111
0.45454545454545453
0.5
0.8
0.375
0.2
0.5714285714285714
0.125
0.25
0.16666666666666666
0.35294117647058826
0.5
0.6
0.23076923076923078
0.3
0.0
0.2857142857142857
0.2
0.1111111111111111
0.23076923076923078
0.42857142857142855
0.23809523809523808
0.6818181818181818
0.375
0.6
0.21739130434782608
0.0
0.2857142857142857
0.5
0.7
0.2
0.1
0.38461538461538464
0.5
0.1111111111111111
0.375
0.13636363636363635
0.5882352941176471
0.42857142857142855
0.375
0.2
0.13636363636363635
0.8333333333333334
0.3
0.18181818181818182
0.6
0.6666666666666666
0.8
0.3333333333333333
0.7692307692307693
0.4782608695652174
0.3333333333333333
0.4
0.25
0.5
0.1111111111111111
0.6666666666666666
0.22727272727272727
0.6
0.15625
0.375
0.6666666666666666
0.14
0.2727272727272727
0.08571428571428572
0.5
0.0
0.14814814814814814
0.0
0.5
0.2222222222222222
0.5714285714285714
0.3333333333333333
0.7
0.25
1.0
0.05
0.42857142857142855
0.5714285714285714
0.7
0.16666666666666666
0.4
0.25
0.5714285714285714
0.375
0.14285714285714285
1.0
0.7142857142857143
0.16666666666666666
0.16666666666666666
0.125
0.6
0.4
0.3333333333333333
0.17647058823529413
1.0
0.25
0.875
0.5555555555555556
0.0625
0.7
0.20833333333333334
0.8
0.08695652173913043
0.75
0.4444444444444444
0.07407407407407407
0.42857142857142855
0.14285714285714285
0.5
0.75
0.3125
0.6
0.2222222222222222
0.12121212121212122
0.36363636363636365
0.75
0.21052631578947367
0.8571428571428571
0.8333333333333334
0.7142857142857143
0.6
0.5
0.8
0.2857142857142857
0.16666666666666666
0.3333333333333333
0.6
0.4
0.2777777777777778
0.10344827586206896
0.65
0.375
0.36363636363636365
0.3333333333333333
0.8333333333333334
0.10526315789473684
0.8
0.4
0.16666666666666666
0.16666666666666666
0.4166666666666667
0.3333333333333333
0.6
0.07142857142857142
0.7
0.5
0.8181818181818182
0.6
0.6
0.15384615384615385
0.6
0.18181818181818182
0.13725490196078433
0.3333333333333333
0.7142857142857143
0.42857142857142855
0.8
0.08333333333333333
0.5833333333333334
0.5
0.5
0.19047619047619047
0.16666666666666666
0.13333333333333333
0.25
0.08695652173913043
0.5555555555555556
0.8571428571428571
0.375
0.4
0.5
0.4
0.2727272727272727
0.2
0.6666666666666666
0.75
0.6
0.3333333333333333
1.0
0.375
0.8
0.5714285714285714
0.8
0.2
0.375
0.4
0.5
0.8333333333333334
0.26666666666666666
0.0
0.4
0.7142857142857143
0.8
1.0
0.3333333333333333
0.26666666666666666
0.125
0.0
0.25
0.5
0.2
0.125
0.1875
0.05
0.0
0.0
0.6666666666666666
0.16666666666666666
0.5
0.5555555555555556
0.8333333333333334
0.8181818181818182
0.36363636363636365
0.1
0.21428571428571427
0.8
0.1794871794871795
0.2
0.16666666666666666
0.09090909090909091
0.5
0.3333333333333333
0.3333333333333333
0.9090909090909091
0.6
0.45454545454545453
0.4375
0.25
0.125
0.6923076923076923
0.2857142857142857
0.125
0.75
1.0
0.18181818181818182
0.2857142857142857
0.28
0.5
0.17391304347826086
0.15789473684210525
0.6
0.3333333333333333
0.625
0.4
0.75
0.3333333333333333
0.6
0.2857142857142857
0.18181818181818182
0.26666666666666666
0.25
0.2222222222222222
0.8
0.14285714285714285
0.15384615384615385
0.3333333333333333
0.75
0.35294117647058826
0.8333333333333334
0.2727272727272727
0.0
0.5555555555555556
0.4444444444444444
0.22857142857142856
0.75
0.20588235294117646
0.8
0.24
0.625
0.6
0.2
0.4
0.6
0.8
0.17647058823529413
0.5
0.4
0.5
0.42857142857142855
0.6
0.5
0.7142857142857143
0.6
0.125
0.7
0.8333333333333334
1.0
1.0
0.42857142857142855
0.42857142857142855
0.2857142857142857
0.5
0.75
0.5
0.375
0.375
0.6
0.0
0.6666666666666666
0.6666666666666666
0.625
0.15789473684210525
0.0
0.75
0.23809523809523808
0.6
0.5
0.6
0.2916666666666667
0.2222222222222222
0.2857142857142857
0.0
0.17647058823529413
0.625
0.6
0.25
0.4090909090909091
0.3684210526315789
0.6
0.6
0.2727272727272727
0.6
0.2857142857142857
0.8571428571428571
0.6
0.16666666666666666
0.3333333333333333
0.3
0.0
0.2037037037037037
0.6
0.45454545454545453
1.0
0.4
0.3333333333333333
0.375
0.5714285714285714
0.6
0.6666666666666666
0.15
0.75
0.25
0.0
0.8571428571428571
0.5714285714285714
0.8
0.2857142857142857
0.6
0.15789473684210525
0.3
0.6666666666666666
0.15384615384615385
0.14285714285714285
1.0
0.3333333333333333
0.09090909090909091
0.1111111111111111
0.6
0.4444444444444444
0.25
0.16666666666666666
0.42857142857142855
0.5714285714285714
0.5714285714285714
0.2857142857142857
0.5
0.6
0.3333333333333333
0.1
0.16666666666666666
0.45454545454545453
0.3
0.6666666666666666
0.5
0.6
0.4
0.8333333333333334
0.14285714285714285
0.5
0.5
0.09090909090909091
0.16666666666666666
0.16666666666666666
0.5
0.35714285714285715
0.1875
0.18181818181818182
0.875
0.125
0.0
1.0
0.5333333333333333
0.3333333333333333
0.29411764705882354
0.2857142857142857
0.2222222222222222
0.1
0.3888888888888889
1.0
0.25
0.375
0.23076923076923078
0.8333333333333334
0.18518518518518517
0.03225806451612903
0.6
0.6
0.8333333333333334
0.2
0.14285714285714285
0.15217391304347827
0.3333333333333333
0.42857142857142855
0.2727272727272727
0.8
1.0
0.07894736842105263
0.2
0.2777777777777778
0.6
0.07692307692307693
0.625
0.375
0.35714285714285715
0.5714285714285714
0.2
0.2
0.625
0.3
0.0625
1.0
0.7777777777777778
0.3888888888888889
0.3333333333333333
0.75
0.16666666666666666
0.6
0.2
0.3333333333333333
0.0
0.14285714285714285
0.25
0.4411764705882353
0.10526315789473684
0.5
0.6086956521739131
0.058823529411764705
0.14285714285714285
0.2
0.5714285714285714
0.08571428571428572
0.47058823529411764
0.037037037037037035
0.2857142857142857
0.6
0.4444444444444444
0.0
0.3157894736842105
0.18181818181818182
0.6
0.25
0.22857142857142856
0.18181818181818182
0.028985507246376812
0.42857142857142855
0.15151515151515152
0.6
0.2857142857142857
0.18181818181818182
0.5714285714285714
0.1388888888888889
0.2
0.10526315789473684
0.3793103448275862
0.6
0.25
0.2
0.5263157894736842
0.2826086956521739
0.6
0.6
0.25
0.0
0.46153846153846156
0.16666666666666666
0.5
0.05555555555555555
0.0
0.6428571428571429
0.9090909090909091
1.0
0.4166666666666667
0.10714285714285714
0.7142857142857143
0.8
0.5
0.25
0.25
1.0
0.2692307692307692
0.25
1.0
0.6
0.3333333333333333
0.25
0.8
0.2
0.13333333333333333
0.23529411764705882
0.5
0.7
0.0
0.42857142857142855
0.2
0.16666666666666666
0.0
0.6
1.0
0.2857142857142857
0.6
1.0
0.25
0.46153846153846156
0.43478260869565216
0.2
1.0
0.7142857142857143
0.16666666666666666
0.2222222222222222
1.0
0.6666666666666666
0.2727272727272727
0.6
0.7
0.3333333333333333
0.5
0.2608695652173913
0.25
0.75
0.3333333333333333
0.7777777777777778
0.5333333333333333
0.2
0.38461538461538464
0.41379310344827586
0.375
0.3888888888888889
0.5
0.125
0.2857142857142857
0.3333333333333333
0.6
0.07142857142857142
0.0
0.18181818181818182
1.0
0.2857142857142857
0.25
0.8
1.0
0.13333333333333333
0.08333333333333333
0.3333333333333333
0.7777777777777778
0.38461538461538464
1.0
0.10526315789473684
0.17647058823529413
0.3333333333333333
0.25
0.75
0.27586206896551724
0.5714285714285714
0.25
0.0
0.16666666666666666
0.6
0.8888888888888888
0.6
0.5
0.3076923076923077
0.15
0.23529411764705882
1.0
0.36363636363636365
0.5714285714285714
1.0
0.22727272727272727
0.3333333333333333
0.9
0.6666666666666666
1.0
0.1111111111111111
0.0
0.35294117647058826
0.25
0.2
0.16216216216216217
0.3333333333333333
0.6666666666666666
0.3333333333333333
0.4
0.041666666666666664
0.3333333333333333
0.6
0.42857142857142855
0.42857142857142855
0.25
0.42857142857142855
0.1
0.6
0.5
0.2857142857142857
0.19298245614035087
0.09523809523809523
0.8
0.23076923076923078
0.16666666666666666
0.5
0.3333333333333333
0.2857142857142857
0.16853932584269662
0.13043478260869565
0.42857142857142855
0.3333333333333333
0.4
0.42857142857142855
0.75
0.15384615384615385
0.7777777777777778
0.3333333333333333
0.08333333333333333
0.125
0.47619047619047616
0.36
0.25
0.5833333333333334
0.47058823529411764
0.2857142857142857
0.2
0.375
0.2413793103448276
1.0
0.75
0.23333333333333334
0.75
0.6666666666666666
0.3333333333333333
0.8
0.2222222222222222
0.5714285714285714
0.75
0.6666666666666666
1.0
0.7
0.8
0.3076923076923077
0.1282051282051282
0.75
0.25
0.3333333333333333
0.4
0.16666666666666666
0.14285714285714285
0.5
0.5
0.043478260869565216
1.0
0.6923076923076923
0.4
0.7142857142857143
0.0
0.5
0.8571428571428571
0.4
0.7777777777777778
0.6666666666666666
0.5
0.6
0.7142857142857143
0.5
0.6666666666666666
0.75
0.06060606060606061
0.2631578947368421
0.15
0.42857142857142855
0.18181818181818182
0.1
0.4375
0.0625
0.5454545454545454
0.3333333333333333
0.6
0.18181818181818182
0.16666666666666666
0.3333333333333333
0.2857142857142857
0.0
0.625
0.4
0.42857142857142855
0.26666666666666666
0.3076923076923077
0.25
0.13636363636363635
0.14285714285714285
0.0
0.2857142857142857
0.2631578947368421
0.5
0.2727272727272727
0.28
0.36363636363636365
0.5714285714285714
0.625
0.4
0.2857142857142857
1.0
0.6666666666666666
0.25
0.6666666666666666
0.125
0.6
0.4
0.5333333333333333
0.75
0.25
0.15873015873015872
0.16666666666666666
0.0
0.2
0.5
0.3
0.5
0.5
0.3333333333333333
0.21052631578947367
0.8333333333333334
0.375
0.14285714285714285
0.2
0.6666666666666666
0.8
0.3333333333333333
0.26666666666666666
0.2
0.2857142857142857
0.35
0.125
1.0
0.4
0.12195121951219512
0.125
0.46153846153846156
1.0
0.4444444444444444
0.16666666666666666
0.2857142857142857
0.041666666666666664
0.8333333333333334
0.42857142857142855
0.6
0.19047619047619047
0.14814814814814814
0.18181818181818182
0.10344827586206896
0.22727272727272727
0.625
1.0
0.5
0.2
0.9
0.14285714285714285
1.0
0.0
0.16666666666666666
0.1875
0.45454545454545453
0.16666666666666666
0.14285714285714285
0.6
0.5
0.875
0.4
0.4
0.6666666666666666
0.2777777777777778
0.8
0.1111111111111111
0.1794871794871795
0.3333333333333333
0.3125
0.8
0.15
0.8
0.5
0.2
0.5
0.26666666666666666
0.125
0.8571428571428571
0.3333333333333333
0.8888888888888888
0.75
0.8571428571428571
0.4
0.35294117647058826
0.02857142857142857
0.875
0.26666666666666666
1.0
0.2727272727272727
0.12195121951219512
0.8125
0.4
0.75
0.8
0.2857142857142857
0.46153846153846156
0.4
0.13043478260869565
0.75
0.3333333333333333
0.08
0.2857142857142857
0.09090909090909091
0.8
0.16
0.3333333333333333
0.25925925925925924
0.35714285714285715
0.4
0.5454545454545454
0.7142857142857143
0.35714285714285715
0.3333333333333333
0.5
0.4
0.5
1.0
0.16666666666666666
1.0
0.37037037037037035
0.4
0.18181818181818182
0.3333333333333333
0.25
0.4
0.1875
0.5714285714285714
0.4
0.8333333333333334
0.4
0.2
0.16666666666666666
0.18181818181818182
0.4444444444444444
0.1935483870967742
0.25
0.2857142857142857
0.3333333333333333
0.08333333333333333
0.6
0.04
0.38461538461538464
0.6
0.17391304347826086
0.42857142857142855
0.8
0.625
0.38461538461538464
0.1875
0.16666666666666666
0.6666666666666666
0.55
0.6363636363636364
0.4444444444444444
0.25
0.26666666666666666
0.125
0.8
1.0
0.5
0.4
0.0
0.18181818181818182
0.6
0.2
0.0
0.3
0.2
0.09090909090909091
0.2727272727272727
0.15873015873015872
0.3
0.6
0.2222222222222222
0.0
0.6
0.2857142857142857
0.2222222222222222
0.8888888888888888
0.2222222222222222
0.17857142857142858
0.22727272727272727
0.16216216216216217
0.375
0.26666666666666666
0.4
0.5
0.5555555555555556
0.05555555555555555
0.25
0.1875
0.058823529411764705
0.8333333333333334
0.2857142857142857
0.14285714285714285
0.2222222222222222
0.09523809523809523
1.0
0.42857142857142855
1.0
0.3333333333333333
0.375
0.18181818181818182
0.2
0.16666666666666666
0.6
0.5333333333333333
1.0
0.25
0.26666666666666666
0.06666666666666667
0.5
0.4117647058823529
0.7272727272727273
0.16666666666666666
0.6363636363636364
0.375
0.4
0.5625
0.2777777777777778
1.0
0.5714285714285714
0.8571428571428571
0.06451612903225806
0.8
0.5
0.25
0.5714285714285714
0.4
0.13114754098360656
0.3333333333333333
0.8
0.7142857142857143
0.42857142857142855
0.375
0.2
1.0
0.3333333333333333
0.25
0.23809523809523808
0.2857142857142857
0.5
0.3
0.3333333333333333
1.0
0.2222222222222222
0.42857142857142855
0.8
0.6
0.6
0.75
0.23076923076923078
0.375
0.1
0.2
0.14285714285714285
0.7272727272727273
0.6
0.5882352941176471
0.05555555555555555
0.2777777777777778
0.5
0.5833333333333334
0.8333333333333334
0.5
0.42857142857142855
0.1
0.7142857142857143
1.0
0.2857142857142857
0.3333333333333333
0.14285714285714285
1.0
0.5833333333333334
0.0
0.4444444444444444
0.7142857142857143
0.3
0.6666666666666666
0.0
0.0
0.8
0.75
0.8
0.4090909090909091
0.3076923076923077
0.2222222222222222
0.07692307692307693
0.35
0.7142857142857143
0.1875
0.2
0.7692307692307693
0.5555555555555556
0.14285714285714285
0.8333333333333334
0.5
0.13157894736842105
0.4
0.42857142857142855
0.42857142857142855
0.3076923076923077
0.04918032786885246
0.4
0.8
0.5
0.4
0.0
0.6666666666666666
0.6
0.42857142857142855
0.36363636363636365
0.3125
0.4444444444444444
0.5
0.6
0.2857142857142857
0.6666666666666666
0.21428571428571427
0.1
0.3333333333333333
0.2857142857142857
0.09090909090909091
0.2857142857142857
0.3
0.2222222222222222
0.2857142857142857
0.75
0.36363636363636365
0.35714285714285715
0.4
0.15384615384615385
0.75
0.4375
0.2222222222222222
0.5
0.125
0.3333333333333333
0.2727272727272727
0.2
0.42857142857142855
0.5714285714285714
0.42857142857142855
0.2727272727272727
0.42857142857142855
0.07142857142857142
0.6
0.125
0.2
0.16666666666666666
0.12195121951219512
0.6363636363636364
0.2857142857142857
0.125
0.24
0.16666666666666666
0.0
0.18181818181818182
0.5
0.034482758620689655
0.14285714285714285
0.4
0.125
0.75
0.3333333333333333
0.8333333333333334
0.6666666666666666
0.5
0.26666666666666666
0.375
0.6666666666666666
0.2857142857142857
0.3
0.2
0.06666666666666667
0.10526315789473684
0.4
0.4
0.5
0.45454545454545453
0.3333333333333333
0.8125
0.0
0.875
0.21428571428571427
0.3333333333333333
0.3333333333333333
0.16666666666666666
0.2222222222222222
0.14285714285714285
0.8333333333333334
1.0
0.2857142857142857
0.0
0.12244897959183673
0.1875
0.75
0.4444444444444444
1.0
0.2857142857142857
0.75
0.2
0.25
0.0847457627118644
0.2857142857142857
0.16666666666666666
0.8
0.06451612903225806
0.4
0.75
0.4444444444444444
0.07017543859649122
0.0
0.16666666666666666
0.4444444444444444
0.75
0.38461538461538464
0.5
0.25
0.1875
0.42857142857142855
0.09090909090909091
0.18181818181818182
0.7142857142857143
0.6
0.6666666666666666
0.25
0.4
0.375
0.3
0.5714285714285714
0.5
0.18181818181818182
0.6
0.18518518518518517
0.6875
0.16666666666666666
0.25
0.1
0.5
0.25
0.75
0.3076923076923077
0.36363636363636365
0.2
0.3333333333333333
0.25
0.4166666666666667
0.1
0.5
0.7142857142857143
0.06944444444444445
0.2
0.1566265060240964
0.9230769230769231
0.75
0.46153846153846156
0.25
0.5454545454545454
0.20833333333333334
0.0625
0.1111111111111111
0.18421052631578946
0.42857142857142855
0.7
0.4
0.0
0.375
0.75
0.08823529411764706
0.3684210526315789
0.75
0.375
0.2857142857142857
0.4
0.3333333333333333
0.13793103448275862
0.5
0.2
0.25
0.2222222222222222
0.5
0.6
0.8333333333333334
1.0
0.5
0.8181818181818182
0.6
0.3793103448275862
0.25
0.15384615384615385
0.7
0.6666666666666666
0.3333333333333333
0.6666666666666666
0.13114754098360656
0.42857142857142855
0.8333333333333334
0.3684210526315789
0.1590909090909091
0.5714285714285714
0.15384615384615385
0.3333333333333333
0.26666666666666666
0.6
0.08771929824561403
1.0
0.1111111111111111
0.3333333333333333
0.6
0.75
1.0
0.8
0.1111111111111111
0.16071428571428573
0.2222222222222222
0.4
0.1
0.2727272727272727
0.2
0.3
0.3333333333333333
0.5714285714285714
0.6111111111111112
0.6666666666666666
1.0
0.25
0.2
0.6
0.2727272727272727
0.3
0.3
0.5714285714285714
0.125
0.2857142857142857
0.3333333333333333
0.6
0.3333333333333333
0.42857142857142855
0.375
0.25
0.15384615384615385
0.2
0.18181818181818182
0.2857142857142857
0.875
0.0
0.42857142857142855
0.6470588235294118
0.8571428571428571
1.0
0.5555555555555556
0.3333333333333333
0.11764705882352941
0.75
0.125
0.5714285714285714
0.36363636363636365
0.16129032258064516
0.6875
0.1111111111111111
0.09375
0.6
0.2
0.07407407407407407
0.75
0.5
0.8333333333333334
0.9
0.8888888888888888
0.6
0.3333333333333333
0.09090909090909091
0.42857142857142855
0.14285714285714285
0.5
0.0
0.5454545454545454
0.2
0.2
0.8
0.3333333333333333
0.0
0.5
0.75
0.26666666666666666
0.5
0.17647058823529413
0.6666666666666666
0.4
0.2857142857142857
0.3333333333333333
0.25
0.1
0.21739130434782608
0.5833333333333334
0.25
0.0
0.23076923076923078
0.8
0.0
0.6666666666666666
0.5
0.5833333333333334
0.42424242424242425
0.5714285714285714
0.4
0.16666666666666666
0.3125
0.2727272727272727
0.2608695652173913
0.5
0.05555555555555555
0.15384615384615385
0.2857142857142857
0.043478260869565216
0.7647058823529411
0.19047619047619047
0.3333333333333333
0.125
0.2857142857142857
0.8
0.08108108108108109
0.19047619047619047
0.4
0.4
0.16
0.75
0.3333333333333333
0.3333333333333333
0.0
0.2
0.4444444444444444
0.3157894736842105
0.75
0.25
0.5714285714285714
0.3
0.4444444444444444
0.7
0.5
0.13333333333333333
1.0
0.6
0.26666666666666666
0.4
0.6
0.4
0.2
0.375
0.0625
0.7142857142857143
0.3333333333333333
0.6
0.6
0.35714285714285715
0.3333333333333333
0.5
0.34210526315789475
0.3333333333333333
0.375
0.7142857142857143
0.7333333333333333
0.5769230769230769
0.30434782608695654
0.9166666666666666
0.03225806451612903
0.45454545454545453
0.25
0.3888888888888889
0.18072289156626506
0.2
0.625
0.5
0.15
0.8181818181818182
0.25
0.5
0.4
0.05
0.1388888888888889
0.4
0.2
0.6
0.3333333333333333
0.15384615384615385
0.16666666666666666
0.5384615384615384
0.2727272727272727
0.1
0.09523809523809523
0.2
0.3333333333333333
0.28846153846153844
0.125
0.5
0.5454545454545454
0.5
0.4
0.23076923076923078
1.0
0.13333333333333333
0.5
0.2
0.6
0.061224489795918366
0.75
0.125
0.36363636363636365
0.391304347826087
0.2727272727272727
0.5
0.8
0.09523809523809523
0.4666666666666667
0.2
0.0
0.14285714285714285
0.25
0.5625
0.06666666666666667
0.375
0.2857142857142857
0.38461538461538464
0.3333333333333333
0.23076923076923078
0.4
0.0
0.5
0.5714285714285714
0.3
1.0
0.0
0.5
0.125
0.5
0.25
0.8
0.2
0.75
0.0
0.4642857142857143
0.08333333333333333
0.21052631578947367
0.3333333333333333
0.3333333333333333
0.2222222222222222
0.4
0.5714285714285714
0.4
0.46153846153846156
0.75
0.25
0.5714285714285714
0.0
0.2222222222222222
0.7142857142857143
0.8333333333333334
0.3333333333333333
0.18604651162790697
0.3333333333333333
0.3333333333333333
0.14285714285714285
0.14285714285714285
0.42857142857142855
0.1111111111111111
0.2857142857142857
0.25
0.7142857142857143
0.1111111111111111
0.25
0.14285714285714285
0.16666666666666666
0.25
0.5294117647058824
0.125
0.06451612903225806
0.052083333333333336
0.3333333333333333
0.3333333333333333
0.10714285714285714
1.0
0.3333333333333333
0.8333333333333334
0.20833333333333334
0.375
0.04918032786885246
0.6
0.17391304347826086
0.8333333333333334
0.09375
0.6666666666666666
0.4
0.5
0.2608695652173913
0.8
0.28
0.16666666666666666
0.6666666666666666
0.05555555555555555
0.16666666666666666
0.4
0.3333333333333333
0.14285714285714285
0.1590909090909091
0.34782608695652173
0.25
0.45454545454545453
0.25
0.4
0.14285714285714285
0.5
0.19047619047619047
0.75
0.3333333333333333
0.3333333333333333
0.4
0.25925925925925924
0.2222222222222222
0.3333333333333333
0.8
0.5
0.2
0.8571428571428571
0.5555555555555556
0.6
0.3333333333333333
0.5384615384615384
0.28
0.75
0.16666666666666666
0.08695652173913043
0.25
0.0
0.625
0.4
0.5454545454545454
0.3333333333333333
0.125
0.3333333333333333
0.5384615384615384
0.4
0.0
0.7142857142857143
0.8333333333333334
0.4444444444444444
0.4
1.0
0.6
1.0
0.0
0.14285714285714285
0.75
1.0
0.10526315789473684
1.0
0.7
0.2
0.6923076923076923
0.5714285714285714
0.25
0.6
0.14285714285714285
0.25
1.0
0.10714285714285714
0.045454545454545456
0.25
0.3333333333333333
0.17647058823529413
0.5
1.0
0.375
0.5
0.25
0.8
0.0
0.22580645161290322
0.2857142857142857
0.4375
0.6666666666666666
0.6363636363636364
0.14285714285714285
0.5
0.3125
0.25
0.4166666666666667
0.16666666666666666
0.29411764705882354
0.125
0.05
0.25
0.15789473684210525
0.0
0.3333333333333333
0.48148148148148145
0.35294117647058826
0.34782608695652173
0.0
0.16666666666666666
0.6363636363636364
0.058823529411764705
0.25
0.13157894736842105
0.8333333333333334
0.5
0.5
0.45454545454545453
0.125
0.42105263157894735
0.3448275862068966
1.0
0.16666666666666666
1.0
0.03488372093023256
0.375
0.3333333333333333
0.3333333333333333
0.0
0.3333333333333333
0.4
0.3076923076923077
0.25
0.17857142857142858
0.3333333333333333
0.3684210526315789
0.6
0.25
0.4117647058823529
0.2631578947368421
1.0
0.0
0.8
0.375
0.09090909090909091
0.2
0.1111111111111111
0.9285714285714286
0.3
0.21052631578947367
0.2222222222222222
0.42857142857142855
0.6
0.4
0.42857142857142855
0.6
0.625
0.5
0.4666666666666667
0.16666666666666666
0.16666666666666666
0.3333333333333333
0.3333333333333333
0.35714285714285715
0.16666666666666666
0.6666666666666666
0.42857142857142855
0.16326530612244897
0.1
0.25
0.23333333333333334
0.0
0.4
0.25
0.18181818181818182
0.42857142857142855
0.2727272727272727
0.5
0.06666666666666667
0.14285714285714285
0.25
1.0
0.4
0.4444444444444444
0.42857142857142855
0.3333333333333333
0.5
0.11904761904761904
0.7333333333333333
0.6666666666666666
0.5714285714285714
0.03333333333333333
0.8
0.2
0.25
0.4
0.07692307692307693
0.375
0.8
1.0
0.13333333333333333
0.42857142857142855
0.3333333333333333
0.5714285714285714
0.5
0.18181818181818182
0.4
0.6
0.16666666666666666
0.1875
0.34615384615384615
0.4
0.36363636363636365
0.25
0.5
0.16666666666666666
0.375
0.5
0.125
0.5454545454545454
0.5
0.0
0.5
0.75
0.3333333333333333
0.375
0.21428571428571427
0.5833333333333334
0.0
0.11538461538461539
0.42857142857142855
0.5294117647058824
0.3333333333333333
0.8333333333333334
1.0
0.8
0.4
0.2727272727272727
0.17857142857142858
0.2
0.6
0.13333333333333333
0.23076923076923078
0.6
0.3333333333333333
0.25
0.35
0.4
0.2
0.125
0.3333333333333333
0.4
0.05
0.7894736842105263
0.3333333333333333
0.13793103448275862
0.15789473684210525
0.16666666666666666
0.6
0.6
0.5333333333333333
0.225
0.5
0.4444444444444444
0.2
0.0
0.2
0.5
0.42857142857142855
0.6666666666666666
0.6
0.2
0.5
0.0
1.0
0.07407407407407407
0.29411764705882354
0.25
0.25
0.3333333333333333
0.2727272727272727
0.2
0.4
0.42857142857142855
0.6
0.39473684210526316
1.0
0.6428571428571429
0.6
0.22580645161290322
0.4
0.7142857142857143
0.4
0.75
0.1271186440677966
0.25
0.6
1.0
0.36363636363636365
0.0
0.2857142857142857
0.16666666666666666
0.5
0.4
0.25
0.3333333333333333
0.8888888888888888
0.8
0.6
0.5
0.0
0.20833333333333334
0.35
0.3333333333333333
0.3
0.42857142857142855
0.875
0.8
0.5
0.1
0.5333333333333333
0.21052631578947367
0.21052631578947367
0.75
0.2
0.5
0.6
0.5
0.4
0.5714285714285714
0.3333333333333333
0.28
0.47368421052631576
0.42857142857142855
0.5
0.25
0.42857142857142855
0.14814814814814814
0.4
0.2
0.5
0.16666666666666666
0.5
0.21428571428571427
0.38461538461538464
0.8
0.42857142857142855
0.3333333333333333
0.18181818181818182
0.6
0.34375
0.09090909090909091
0.8
0.058823529411764705
0.11764705882352941
0.42857142857142855
0.42857142857142855
0.0
0.5
0.6666666666666666
0.2
0.4166666666666667
0.8571428571428571
0.2727272727272727
0.6666666666666666
0.6666666666666666
0.4
0.42857142857142855
0.0
0.23529411764705882
0.2571428571428571
0.5714285714285714
0.5
0.3333333333333333
1.0
0.05
0.4
0.5714285714285714
0.4
0.1568627450980392
0.5
0.18181818181818182
0.22727272727272727
0.14285714285714285
0.6
0.26666666666666666
0.21052631578947367
0.5833333333333334
0.18181818181818182
0.14285714285714285
0.25
0.22448979591836735
1.0
0.25
0.16666666666666666
0.8181818181818182
0.5
0.4
0.25
0.06944444444444445
0.4444444444444444
0.08333333333333333
0.42857142857142855
0.8
0.3333333333333333
0.18518518518518517
0.07246376811594203
0.10416666666666667
0.35714285714285715
0.5555555555555556
0.18181818181818182
0.6
0.10416666666666667
0.75
0.5
0.0
0.0
0.029411764705882353
0.21739130434782608
0.9
0.4
0.5
0.5
0.15
0.3333333333333333
1.0
0.5
0.2857142857142857
0.07692307692307693
0.5
0.42857142857142855
0.16129032258064516
0.2
0.5
0.3333333333333333
0.07692307692307693
0.5
0.08
0.15
0.5
0.05555555555555555
0.5
0.75
0.5
0.25
0.6
0.125
0.2857142857142857
0.6
0.47619047619047616
0.6818181818181818
0.14285714285714285
0.25
0.25
0.17647058823529413
0.3076923076923077
0.7777777777777778
0.13333333333333333
0.45454545454545453
0.75
0.7142857142857143
0.2
0.2222222222222222
0.2857142857142857
0.125
0.7142857142857143
0.5
0.08695652173913043
0.225
0.4117647058823529
0.5
0.625
0.36363636363636365
0.46153846153846156
1.0
0.8333333333333334
0.6666666666666666
0.6
0.6666666666666666
0.14285714285714285
0.36363636363636365
0.2857142857142857
0.16666666666666666
0.8333333333333334
1.0
0.15
0.4
0.3076923076923077
0.36363636363636365
0.3333333333333333
0.3333333333333333
0.4
0.13333333333333333
0.14285714285714285
0.5555555555555556
0.3333333333333333
0.5
1.0
0.4
0.2857142857142857
0.5
0.3076923076923077
0.6
0.35294117647058826
0.5217391304347826
0.8333333333333334
0.2608695652173913
0.2222222222222222
0.8
0.6
0.7272727272727273
0.26666666666666666
0.2
0.15384615384615385
0.2222222222222222
0.13392857142857142
0.1111111111111111
0.5
0.5
0.1
0.5
0.8
0.8571428571428571
1.0
1.0
0.2
0.75
0.5
0.4
0.13043478260869565
0.023809523809523808
0.5
0.4
0.2
0.2962962962962963
0.375
0.5
0.2
0.125
0.13636363636363635
0.2222222222222222
0.2857142857142857
0.2857142857142857
0.044444444444444446
0.1724137931034483
0.4
0.4
0.5
0.5555555555555556
0.5555555555555556
0.75
0.5
0.3
0.3333333333333333
0.6
0.6
0.42857142857142855
0.15
0.2222222222222222
0.125
0.5
0.2222222222222222
0.8
0.6842105263157895
0.625
0.46153846153846156
0.2857142857142857
1.0
0.42857142857142855
0.5
0.0
0.2727272727272727
0.3333333333333333
0.16666666666666666
0.5454545454545454
0.2
0.5
0.75
0.16666666666666666
1.0
0.25
0.1
0.25
0.6
0.5714285714285714
0.5
0.13043478260869565
0.5
0.23529411764705882
0.5
0.15789473684210525
0.45161290322580644
0.5
0.3
0.0
0.0
0.16666666666666666
0.3333333333333333
0.0
0.8
0.16666666666666666
0.16666666666666666
0.0
0.16666666666666666
0.8
0.375
0.5
0.09090909090909091
0.0
0.7142857142857143
0.5
0.625
0.75
0.36363636363636365
0.0625
0.375
0.4
0.07407407407407407
0.1
0.5
0.25
0.6666666666666666
0.6
0.4444444444444444
0.6
0.4
0.5
0.2727272727272727
0.25
0.3684210526315789
0.5555555555555556
0.2903225806451613
0.3333333333333333
0.36363636363636365
0.6363636363636364
0.2222222222222222
0.5
0.4
0.4
0.8888888888888888
0.14705882352941177
0.5
0.4
0.8
0.1079136690647482
0.125
0.125
0.2
0.2222222222222222
0.2
0.42857142857142855
0.20833333333333334
0.4444444444444444
0.14285714285714285
0.7272727272727273
0.16666666666666666
0.5
0.2
0.8
0.08333333333333333
0.5
0.18181818181818182
0.6666666666666666
0.5
0.75
0.5
0.8
0.19298245614035087
0.375
0.2222222222222222
0.14285714285714285
0.36363636363636365
0.21875
0.08333333333333333
0.09090909090909091
0.6666666666666666
0.2857142857142857
0.14285714285714285
0.2
0.0
0.25
0.1111111111111111
0.42857142857142855
0.2
0.7
0.16666666666666666
1.0
0.42857142857142855
0.25
0.625
0.0625
1.0
0.14285714285714285
0.16666666666666666
0.42857142857142855
0.2857142857142857
0.15254237288135594
0.14285714285714285
0.5555555555555556
0.8
0.8333333333333334
0.18181818181818182
0.42857142857142855
0.25
0.25
0.625
0.2
0.8
0.058823529411764705
0.47058823529411764
0.09090909090909091
0.2
0.7142857142857143
0.3333333333333333
0.36363636363636365
0.6
0.5
0.75
0.08333333333333333
0.16666666666666666
0.22727272727272727
0.375
0.4
0.11904761904761904
0.25
0.6
0.10526315789473684
0.2
0.5555555555555556
0.3333333333333333
0.8333333333333334
0.14925373134328357
0.14285714285714285
0.09090909090909091
0.09090909090909091
0.23076923076923078
0.06521739130434782
0.03571428571428571
1.0
0.15151515151515152
1.0
0.1111111111111111
0.8333333333333334
0.09090909090909091
0.38461538461538464
0.25
0.4117647058823529
0.3
0.10416666666666667
0.75
0.7
0.7142857142857143
0.8333333333333334
0.8571428571428571
0.2727272727272727
0.5
0.6666666666666666
0.08333333333333333
0.8333333333333334
0.4
0.2
0.14285714285714285
0.38461538461538464
0.39473684210526316
0.14285714285714285
1.0
1.0
0.42857142857142855
0.5
0.5555555555555556
0.2
0.3333333333333333
0.05555555555555555
0.8333333333333334
0.5555555555555556
0.125
0.625
0.2777777777777778
1.0
0.4375
0.25
0.6666666666666666
0.10714285714285714
0.04
0.6666666666666666
0.3888888888888889
0.4
0.3333333333333333
0.16666666666666666
0.09259259259259259
0.3157894736842105
0.4
0.4166666666666667
0.22916666666666666
0.4
0.4090909090909091
0.3333333333333333
0.6
0.1111111111111111
0.35
0.375
0.16666666666666666
0.4
0.10714285714285714
0.4444444444444444
0.25
0.07692307692307693
0.2727272727272727
0.07692307692307693
0.18518518518518517
0.09090909090909091
0.6666666666666666
0.9285714285714286
0.5
0.25
0.625
0.2857142857142857
0.10416666666666667
0.3333333333333333
0.3157894736842105
0.3333333333333333
0.75
0.3333333333333333
0.5714285714285714
0.0
0.30434782608695654
0.6666666666666666
0.6
0.42857142857142855
0.125
0.5
0.0
0.8181818181818182
1.0
1.0
0.25
0.4
0.2
0.0
0.25
0.3333333333333333
1.0
0.11764705882352941
0.3333333333333333
0.0967741935483871
0.35714285714285715
0.4
0.1509433962264151
0.8333333333333334
0.13333333333333333
0.3333333333333333
0.6
0.42857142857142855
0.225
0.5
0.6
1.0
0.13636363636363635
0.375
0.38461538461538464
0.5
0.5882352941176471
0.2857142857142857
0.125
0.125
0.0
0.16666666666666666
0.75
0.15384615384615385
1.0
0.45454545454545453
0.4
0.6
0.36363636363636365
0.5
0.6
0.0
0.6
0.7
0.14285714285714285
0.6666666666666666
0.1
0.4
0.8571428571428571
0.0
1.0
0.6153846153846154
0.07692307692307693
0.75
1.0
0.4074074074074074
0.16666666666666666
0.375
0.2
0.5
0.06666666666666667
0.6
0.4
0.18181818181818182
0.3333333333333333
0.1111111111111111
0.25
0.38461538461538464
0.24242424242424243
0.75
0.16666666666666666
0.26666666666666666
0.25
0.14285714285714285
0.25925925925925924
0.375
0.3333333333333333
0.5714285714285714
0.2857142857142857
0.1
0.5
0.0
0.5714285714285714
1.0
0.1875
1.0
0.4
0.3333333333333333
0.2857142857142857
1.0
0.0
0.3333333333333333
0.3
0.20270270270270271
0.6
0.4444444444444444
0.16666666666666666
0.4
0.2857142857142857
0.625
0.3333333333333333
0.16666666666666666
0.8
0.16666666666666666
0.2
0.24
0.1111111111111111
0.1111111111111111
0.045454545454545456
0.6666666666666666
0.5
0.36363636363636365
0.2
1.0
0.2
0.3076923076923077
0.75
1.0
0.15384615384615385
0.4117647058823529
0.5333333333333333
0.2857142857142857
0.14285714285714285
0.5454545454545454
0.8888888888888888
0.2857142857142857
0.3333333333333333
0.3333333333333333
0.6
0.7777777777777778
0.4
0.5
0.0
0.3181818181818182
0.375
0.3333333333333333
0.5714285714285714
0.21428571428571427
0.8571428571428571
0.47619047619047616
0.75
0.5
0.3333333333333333
0.3333333333333333
0.6
0.16666666666666666
0.6666666666666666
0.16666666666666666
0.0
0.0
0.3333333333333333
0.20833333333333334
0.8
0.0
0.625
0.3333333333333333
0.3333333333333333
0.4444444444444444
1.0
0.6
0.8571428571428571
0.5
0.17857142857142858
0.10810810810810811
0.18421052631578946
0.625
0.1
0.8
0.4
0.25
0.14285714285714285
0.375
0.15789473684210525
0.25
0.8333333333333334
0.0
0.2903225806451613
0.3
0.6666666666666666
0.23529411764705882
0.06666666666666667
0.07407407407407407
0.25
0.2857142857142857
0.5416666666666666
0.5384615384615384
0.3333333333333333
0.5
0.2542372881355932
0.3157894736842105
0.25
0.06451612903225806
0.625
0.75
0.5769230769230769
0.2777777777777778
1.0
0.2777777777777778
0.75
0.25
0.6
0.625
0.7
0.21739130434782608
0.20408163265306123
0.3157894736842105
0.25
0.75
0.25
0.12244897959183673
0.75
0.5384615384615384
0.625
0.2692307692307692
1.0
0.2
0.8333333333333334
0.5
0.09433962264150944
0.7
0.0
0.5
1.0
0.625
0.6
0.1875
0.13636363636363635
0.5714285714285714
0.2
0.2727272727272727
0.2
0.2857142857142857
0.4
0.25
0.5
1.0
0.6666666666666666
0.16
0.6666666666666666
0.34375
0.3333333333333333
0.2857142857142857
0.2857142857142857
0.75
0.0
0.375
0.4
0.5625
0.2857142857142857
0.5833333333333334
0.42857142857142855
0.0
0.1111111111111111
0.5
0.375
0.0
0.15789473684210525
0.14285714285714285
0.2
0.4
0.5
1.0
0.5714285714285714
0.875
0.0
0.26666666666666666
0.14285714285714285
0.5
0.18181818181818182
0.3333333333333333
1.0
0.3157894736842105
0.8
0.3333333333333333
0.8571428571428571
0.5
0.25
0.875
0.5
0.3333333333333333
0.28125
0.09090909090909091
0.12
0.1111111111111111
0.9166666666666666
0.75
0.25
0.2
0.6666666666666666
0.24
0.1
0.8571428571428571
0.75
0.36363636363636365
0.4
0.1111111111111111
0.6666666666666666
0.13043478260869565
0.3333333333333333
0.2222222222222222
0.125
0.6428571428571429
0.42857142857142855
0.14285714285714285
0.4
0.3
0.6666666666666666
0.375
0.0
0.75
0.03225806451612903
0.42105263157894735
1.0
0.35294117647058826
0.5
0.20833333333333334
0.5555555555555556
0.4
0.25
0.6
0.6666666666666666
0.4
0.48
1.0
0.5
0.625
0.8
0.3125
0.3333333333333333
0.125
0.6666666666666666
0.2777777777777778
0.1935483870967742
0.3125
0.4
1.0
0.4
0.0
0.0
0.8
0.8
0.23529411764705882
0.23529411764705882
0.25
0.625
0.42857142857142855
0.08571428571428572
0.5555555555555556
0.3333333333333333
0.05263157894736842
0.625
0.3333333333333333
0.4166666666666667
0.6666666666666666
0.5714285714285714
0.16666666666666666
0.1111111111111111
0.4
0.8
0.5454545454545454
0.0
0.4
0.7142857142857143
0.5
0.18181818181818182
1.0
0.5625
0.25925925925925924
0.375
0.6666666666666666
0.21052631578947367
0.5
0.07142857142857142
0.8333333333333334
0.07142857142857142
0.9166666666666666
0.8
0.4
0.25
0.6
0.5
0.6666666666666666
0.5384615384615384
0.4
0.8
0.8571428571428571
0.16666666666666666
0.5
0.3333333333333333
0.4
0.2222222222222222
0.6
0.5384615384615384
1.0
0.6
0.9090909090909091
0.16666666666666666
0.2727272727272727
0.23809523809523808
0.625
0.5
0.2857142857142857
0.8
0.21739130434782608
0.2222222222222222
0.6666666666666666
0.55
0.08
0.6428571428571429
0.2222222222222222
0.38095238095238093
0.5333333333333333
0.18181818181818182
0.3333333333333333
0.2857142857142857
0.1125
0.42857142857142855
0.14285714285714285
0.5
0.2857142857142857
0.6
0.07462686567164178
0.6
0.42857142857142855
0.1875
0.6428571428571429
0.07526881720430108
0.7142857142857143
0.3076923076923077
0.14285714285714285
0.25
0.2
0.1
0.3333333333333333
0.025
0.47058823529411764
0.2857142857142857
0.5
0.6
1.0
0.42857142857142855
0.5
0.6666666666666666
0.5454545454545454
0.42857142857142855
0.7142857142857143
0.2
0.3333333333333333
0.375
0.16666666666666666
0.5454545454545454
0.5
0.6
0.5
0.6
0.8
0.6666666666666666
0.4
0.5555555555555556
0.3448275862068966
0.4
0.5555555555555556
0.35714285714285715
0.07407407407407407
0.5833333333333334
1.0
0.5
0.5
0.14285714285714285
0.8
0.2
0.16666666666666666
0.26666666666666666
0.75
0.09090909090909091
0.047619047619047616
0.1111111111111111
0.0
0.8
0.6
0.5833333333333334
0.2
0.25
0.2727272727272727
0.3333333333333333
0.8
0.8181818181818182
0.0
0.5
0.6666666666666666
0.2
0.6
0.5
0.6666666666666666
0.5454545454545454
0.35714285714285715
0.3333333333333333
0.17647058823529413
0.75
0.5
1.0
0.23529411764705882
0.36363636363636365
0.06060606060606061
0.36363636363636365
0.6
0.5
0.3076923076923077
0.4
0.25
0.75
0.0
0.18181818181818182
0.6666666666666666
0.4375
0.2857142857142857
0.625
0.075
1.0
0.2857142857142857
0.21052631578947367
0.4444444444444444
0.14285714285714285
0.75
0.25
0.14285714285714285
0.25
1.0
0.07692307692307693
0.8
0.2857142857142857
0.2727272727272727
0.3333333333333333
0.8
0.8
1.0
0.2692307692307692
0.2
0.08536585365853659
0.42424242424242425
0.28
0.7142857142857143
0.7272727272727273
0.6
0.6
0.14285714285714285
0.15384615384615385
1.0
0.2857142857142857
0.9
0.7777777777777778
0.06521739130434782
0.8571428571428571
0.06896551724137931
0.3333333333333333
0.25
0.25
0.3333333333333333
0.8
0.6666666666666666
0.0
0.391304347826087
0.15384615384615385
0.2857142857142857
0.4411764705882353
0.2608695652173913
0.12903225806451613
0.2727272727272727
0.4
0.4
0.2857142857142857
0.2
0.6
0.07692307692307693
0.38461538461538464
0.42105263157894735
0.5
1.0
0.10526315789473684
0.0975609756097561
1.0
0.14285714285714285
0.29411764705882354
0.23255813953488372
0.4
0.2857142857142857
0.03389830508474576
0.2
0.375
0.1590909090909091
0.16666666666666666
0.5
0.25
0.2857142857142857
0.625
0.0
0.37142857142857144
0.03125
0.14285714285714285
0.6
0.45454545454545453
1.0
0.4117647058823529
0.5
0.5714285714285714
1.0
0.15384615384615385
0.6666666666666666
0.8333333333333334
0.13636363636363635
0.3333333333333333
0.0
0.1282051282051282
0.24
0.4166666666666667
0.4
1.0
0.5
0.8
0.375
0.0
0.5
0.4
0.75
0.3
0.18181818181818182
0.5714285714285714
0.3333333333333333
0.36363636363636365
0.14035087719298245
0.29411764705882354
0.8
0.3076923076923077
0.4375
0.2857142857142857
0.25
0.0
0.16
0.36363636363636365
0.6666666666666666
0.2
0.2
0.2
0.25
1.0
0.07142857142857142
0.125
0.23076923076923078
0.23076923076923078
0.6
0.11764705882352941
0.26666666666666666
0.2222222222222222
0.1875
0.3684210526315789
0.5714285714285714
0.0
0.3333333333333333
0.13043478260869565
0.8
0.16666666666666666
0.21875
0.5
0.14285714285714285
0.4117647058823529
0.25
0.375
0.6
0.14814814814814814
0.42857142857142855
0.5
0.6
0.1
0.3
0.4
0.5
0.2857142857142857
0.4
0.5454545454545454
0.2
0.375
0.5714285714285714
0.5833333333333334
0.2857142857142857
0.4
0.041666666666666664
0.6153846153846154
0.14705882352941177
0.25
1.0
1.0
0.14285714285714285
0.42857142857142855
0.5
0.2857142857142857
0.7142857142857143
0.0
0.2
0.3333333333333333
0.2727272727272727
0.5714285714285714
0.3333333333333333
0.6
0.625
1.0
0.2222222222222222
0.6666666666666666
0.0
0.2
0.7272727272727273
0.8571428571428571
0.375
0.75
0.8
0.42857142857142855
0.0
0.6818181818181818
0.3333333333333333
0.2
0.6428571428571429
0.3333333333333333
0.5909090909090909
0.1
0.2222222222222222
0.3888888888888889
0.1864406779661017
0.7
0.2
0.6666666666666666
0.2
1.0
0.13636363636363635
0.3333333333333333
0.36363636363636365
0.2857142857142857
0.3
0.05185185185185185
0.4
0.7142857142857143
0.5714285714285714
0.13636363636363635
0.75
0.5
0.8333333333333334
0.125
0.17647058823529413
0.36363636363636365
0.75
0.8333333333333334
1.0
0.46153846153846156
0.6666666666666666
0.2
0.5384615384615384
0.6
0.11538461538461539
0.06666666666666667
0.2222222222222222
0.42857142857142855
0.6666666666666666
0.42857142857142855
0.8333333333333334
0.3333333333333333
0.1
0.22727272727272727
0.0
0.6
0.5
0.3333333333333333
0.5294117647058824
1.0
1.0
0.375
0.5
0.36363636363636365
0.3076923076923077
0.3333333333333333
0.8181818181818182
0.0
0.4
0.14285714285714285
0.3125
0.5
0.45454545454545453
0.2
0.08955223880597014
0.2
0.4
0.5
0.4444444444444444
0.25
0.2857142857142857
0.26666666666666666
0.3333333333333333
0.8333333333333334
0.16666666666666666
0.6
0.75
0.2
0.125
0.4782608695652174
0.5714285714285714
0.2916666666666667
0.46153846153846156
0.4117647058823529
0.2
0.6
0.2222222222222222
1.0
0.14545454545454545
0.25
0.2222222222222222
0.4
0.07692307692307693
0.4117647058823529
0.6363636363636364
0.8888888888888888
0.21428571428571427
0.6666666666666666
0.2
0.25
0.2857142857142857
0.6
0.23076923076923078
0.3
0.5555555555555556
0.0
0.5714285714285714
0.38461538461538464
0.2222222222222222
0.375
0.5714285714285714
0.5
0.3
0.625
0.6666666666666666
0.2857142857142857
0.07692307692307693
0.42857142857142855
0.6666666666666666
0.2857142857142857
0.75
0.3333333333333333
0.3888888888888889
0.625
0.16666666666666666
0.2222222222222222
0.3333333333333333
0.16666666666666666
0.4166666666666667
0.08
0.2857142857142857
0.5714285714285714
0.1111111111111111
0.3333333333333333
0.14285714285714285
0.5714285714285714
0.47058823529411764
0.16666666666666666
0.09090909090909091
0.2
0.2857142857142857
0.6666666666666666
0.25
0.6
0.4117647058823529
0.8571428571428571
0.07547169811320754
0.3076923076923077
0.375
0.5
0.17142857142857143
0.25
0.625
0.15384615384615385
0.14285714285714285
0.11764705882352941
0.4
0.28205128205128205
0.16666666666666666
0.125
0.4
0.2857142857142857
1.0
0.5
0.2857142857142857
0.75
0.5
0.1
0.3333333333333333
0.6
0.16666666666666666
0.23076923076923078
0.8333333333333334
0.2
0.07142857142857142
0.07142857142857142
0.09090909090909091
0.5
0.5
0.14285714285714285
0.47368421052631576
0.5
0.6
0.5294117647058824
0.08333333333333333
0.14285714285714285
0.25
0.2857142857142857
0.2727272727272727
0.2857142857142857
0.8
0.22857142857142856
0.375
0.4166666666666667
0.4
0.6
0.10714285714285714
0.75
0.3333333333333333
0.4
0.0
0.06896551724137931
0.25
0.75
0.27586206896551724
0.5454545454545454
0.15384615384615385
0.42857142857142855
0.2857142857142857
0.0
0.4444444444444444
0.5
0.075
0.5
0.6666666666666666
0.42857142857142855
0.6
0.21052631578947367
0.2
0.7142857142857143
0.1
0.18181818181818182
0.16666666666666666
0.75
0.2222222222222222
0.375
0.4444444444444444
0.2
0.14285714285714285
0.2727272727272727
0.2653061224489796
0.7
0.4
1.0
0.16666666666666666
0.2
0.6
0.0
0.14583333333333334
0.09090909090909091
1.0
0.1111111111111111
0.2857142857142857
0.5
0.5
0.21739130434782608
0.5
0.42857142857142855
0.16666666666666666
0.7142857142857143
0.5
0.34782608695652173
0.4444444444444444
0.5294117647058824
0.5714285714285714
0.0
0.3333333333333333
0.25
0.25
0.13333333333333333
0.3333333333333333
0.4
0.09090909090909091
0.45
0.125
0.25
0.5
0.13333333333333333
0.0
0.16666666666666666
1.0
0.16666666666666666
0.36363636363636365
0.4444444444444444
0.6
0.2857142857142857
0.18181818181818182
0.75
0.38461538461538464
0.14285714285714285
0.6666666666666666
0.3333333333333333
0.04411764705882353
0.8
0.6666666666666666
0.2
0.2
1.0
0.1111111111111111
0.3
0.3125
0.2857142857142857
0.8
0.75
0.5
0.5238095238095238
0.3333333333333333
0.2777777777777778
0.29411764705882354
0.18181818181818182
0.5384615384615384
0.25
0.3
0.40625
0.2857142857142857
0.4
0.8333333333333334
0.5
0.5
0.0
0.4
0.18181818181818182
0.6
0.1
0.5454545454545454
0.16
0.13333333333333333
0.25
0.07692307692307693
0.5555555555555556
0.0
0.3333333333333333
0.4444444444444444
0.0
0.125
0.5
0.13333333333333333
0.36363636363636365
0.2
1.0
0.4
0.6666666666666666
0.4
0.25
0.16666666666666666
0.4444444444444444
0.25
0.13333333333333333
0.8
1.0
0.28
0.25
0.4
0.6428571428571429
0.3333333333333333
0.1111111111111111
0.6666666666666666
0.16666666666666666
0.5714285714285714
0.2
0.5
0.2222222222222222
0.5
0.25
0.16666666666666666
0.29411764705882354
0.5
0.14285714285714285
0.19047619047619047
0.2857142857142857
0.5555555555555556
0.17857142857142858
0.6666666666666666
0.35294117647058826
0.2
0.3333333333333333
0.125
0.22857142857142856
0.07692307692307693
0.21568627450980393
0.46875
0.5
0.42857142857142855
0.10810810810810811
0.5714285714285714
0.5714285714285714
0.5
0.3076923076923077
0.25
0.2
0.06666666666666667
1.0
0.3333333333333333
0.4375
0.2
0.8461538461538461
0.16666666666666666
0.4375
0.0
0.21212121212121213
0.0
1.0
0.23636363636363636
0.75
0.7
0.8571428571428571
0.6666666666666666
0.6666666666666666
0.15789473684210525
0.23529411764705882
0.3333333333333333
0.375
0.8
0.34615384615384615
0.09090909090909091
0.75
0.3333333333333333
0.6
1.0
0.08771929824561403
0.8
0.0
0.16216216216216217
0.42857142857142855
0.5714285714285714
0.7
0.2
0.6
0.6666666666666666
0.6
1.0
0.375
0.25
0.16901408450704225
0.25
0.5
0.6
0.8
0.5555555555555556
0.2692307692307692
0.15384615384615385
1.0
0.3333333333333333
0.6666666666666666
0.4
0.22
0.5
0.875
0.4
0.07246376811594203
0.42857142857142855
0.28888888888888886
0.42857142857142855
0.2692307692307692
0.6666666666666666
0.42857142857142855
0.2857142857142857
0.21052631578947367
0.8
0.13793103448275862
0.5714285714285714
0.6
0.4
0.8
0.3333333333333333
0.18181818181818182
0.3076923076923077
0.42857142857142855
0.46153846153846156
0.16666666666666666
0.17142857142857143
0.0
0.5714285714285714
0.7777777777777778
0.5
0.4
0.9166666666666666
0.18571428571428572
0.6
0.3076923076923077
0.9090909090909091
0.1111111111111111
0.5
0.07692307692307693
0.4
0.06451612903225806
0.5
0.5
0.14285714285714285
0.06666666666666667
0.2857142857142857
0.625
0.4166666666666667
0.16666666666666666
0.29411764705882354
0.5
0.6875
0.42857142857142855
0.6
0.17647058823529413
0.25
0.8
0.2727272727272727
0.5714285714285714
0.21428571428571427
0.5
0.8
0.18072289156626506
0.25
0.7142857142857143
0.4
0.0
0.2
0.42857142857142855
0.3
0.08333333333333333
0.5
0.25
0.2222222222222222
0.42857142857142855
0.2
0.5416666666666666
0.23529411764705882
0.14
0.5
0.2962962962962963
0.0
0.2
0.29411764705882354
0.6
0.8333333333333334
0.3333333333333333
1.0
0.2857142857142857
0.8823529411764706
0.7
0.5357142857142857
0.0
0.6
0.375
0.2222222222222222
0.5
0.1
0.15384615384615385
0.375
0.625
1.0
0.3548387096774194
0.3333333333333333
0.5
0.0
0.3333333333333333
0.42857142857142855
0.4444444444444444
0.3103448275862069
0.07692307692307693
0.0
0.3
1.0
0.09090909090909091
0.5
0.625
0.4
0.5
0.14285714285714285
0.7
0.30303030303030304
0.4
0.2
0.25
0.5
0.09375
0.625
0.0
0.3
0.3125
0.3333333333333333
0.21052631578947367
0.18181818181818182
0.041666666666666664
0.14285714285714285
0.2857142857142857
0.14285714285714285
0.5
0.2857142857142857
0.15384615384615385
0.08196721311475409
0.75
0.4
0.875
1.0
0.8888888888888888
0.6
0.1
0.07692307692307693
0.0
0.8333333333333334
1.0
0.21428571428571427
0.4
0.17073170731707318
0.1111111111111111
0.42857142857142855
0.8
0.25
0.6666666666666666
0.4666666666666667
0.375
0.36363636363636365
0.75
0.3333333333333333
0.36363636363636365
0.8461538461538461
0.5
0.38461538461538464
0.14285714285714285
0.5
0.36363636363636365
0.3333333333333333
0.8
0.2
0.16666666666666666
0.8333333333333334
0.1111111111111111
0.8
0.15384615384615385
0.4444444444444444
0.2
0.29411764705882354
0.2727272727272727
0.23076923076923078
0.5
0.3333333333333333
0.8888888888888888
0.125
0.5714285714285714
0.14285714285714285
0.42857142857142855
0.75
0.14285714285714285
0.125
0.3333333333333333
0.16666666666666666
0.3333333333333333
0.5
0.2
0.8
0.4444444444444444
0.23076923076923078
0.16666666666666666
0.4
0.26666666666666666
0.5652173913043478
0.2857142857142857
0.42857142857142855
0.15789473684210525
0.875
0.2857142857142857
0.0
0.2
0.6666666666666666
0.19047619047619047
0.4
0.6666666666666666
0.6
0.6
0.3157894736842105
0.8
1.0
0.4
0.047619047619047616
0.7142857142857143
0.3333333333333333
0.25
0.8181818181818182
0.42857142857142855
1.0
0.5
0.15151515151515152
0.11764705882352941
0.08695652173913043
0.16
0.4444444444444444
0.6
0.35294117647058826
0.16666666666666666
0.2222222222222222
0.375
0.6
0.3333333333333333
0.9090909090909091
0.6
0.3333333333333333
0.15384615384615385
0.0
0.3076923076923077
0.07142857142857142
0.3333333333333333
0.14285714285714285
0.23076923076923078
0.75
1.0
0.14285714285714285
0.25
0.42857142857142855
0.16666666666666666
0.06422018348623854
0.55
0.375
0.375
0.14285714285714285
0.38461538461538464
0.47619047619047616
0.14285714285714285
0.3333333333333333
0.5714285714285714
0.2857142857142857
1.0
0.15789473684210525
0.2857142857142857
0.375
0.2857142857142857
0.3333333333333333
0.2222222222222222
0.3125
0.625
0.4
0.16279069767441862
0.04054054054054054
0.8333333333333334
0.36363636363636365
0.2857142857142857
0.625
0.6
0.2222222222222222
0.14285714285714285
0.5555555555555556
0.4
1.0
0.6666666666666666
0.3333333333333333
0.5714285714285714
0.3333333333333333
0.16666666666666666
0.6
0.13636363636363635
0.125
0.2
0.36363636363636365
0.1
0.5714285714285714
0.8
0.5
0.5714285714285714
0.0625
0.3333333333333333
0.4444444444444444
0.5
0.18181818181818182
0.75
0.23076923076923078
0.3333333333333333
0.08536585365853659
0.4375
0.6666666666666666
0.5
0.2
0.0
0.35294117647058826
0.75
0.09375
1.0
0.6666666666666666
1.0
0.5172413793103449
0.36363636363636365
0.6
0.3333333333333333
0.125
0.6
0.3
0.3333333333333333
0.125
0.25
0.4
0.19230769230769232
0.5
0.5
0.2
0.125
0.125
0.45454545454545453
0.16
0.2857142857142857
0.6
0.7142857142857143
0.05263157894736842
0.8333333333333334
0.32
0.6
0.5
0.6
0.5
0.6666666666666666
0.2857142857142857
0.2
0.75
0.0
0.2
0.16666666666666666
0.7857142857142857
0.18181818181818182
0.6
0.0
0.3
0.5
0.8333333333333334
0.2
0.4117647058823529
0.4
0.4
0.0
0.13333333333333333
0.25
0.46153846153846156
0.0
0.11363636363636363
0.8
0.4
0.75
0.7142857142857143
0.875
0.2631578947368421
0.75
0.16666666666666666
1.0
0.3333333333333333
0.1
0.19047619047619047
0.3333333333333333
0.0
0.25
0.17391304347826086
0.8888888888888888
0.5
0.375
0.7777777777777778
0.2
0.3333333333333333
0.3333333333333333
0.2
0.2222222222222222
0.16666666666666666
0.75
0.5
0.2727272727272727
0.07692307692307693
1.0
0.7777777777777778
0.25
0.3333333333333333
0.36363636363636365
0.06779661016949153
0.5
0.6666666666666666
0.3333333333333333
0.5333333333333333
0.6
0.42857142857142855
0.8181818181818182
0.17073170731707318
0.11764705882352941
0.3333333333333333
0.4444444444444444
0.6
0.4
0.45454545454545453
0.3333333333333333
0.47058823529411764
0.14285714285714285
0.6923076923076923
0.14285714285714285
0.5
0.3333333333333333
0.15384615384615385
0.0
0.2
0.13793103448275862
0.3333333333333333
0.75
0.8
0.2727272727272727
0.43478260869565216
0.2
0.6666666666666666
0.125
0.3333333333333333
0.23255813953488372
0.4166666666666667
0.024390243902439025
0.1111111111111111
0.07142857142857142
0.2
0.4
0.6
0.2727272727272727
0.6
0.6
0.4444444444444444
0.8
0.2222222222222222
0.8333333333333334
0.5
0.6086956521739131
0.5652173913043478
1.0
0.6666666666666666
0.6
0.6666666666666666
0.4
0.11538461538461539
0.16666666666666666
0.3333333333333333
0.5714285714285714
0.1
0.5
0.3333333333333333
0.42857142857142855
0.3103448275862069
0.15
0.1016949152542373
0.8888888888888888
1.0
1.0
0.42857142857142855
0.3333333333333333
0.1
0.36363636363636365
0.16666666666666666
0.7777777777777778
0.36363636363636365
0.23684210526315788
0.08571428571428572
0.25
0.2222222222222222
0.16666666666666666
0.6666666666666666
0.3333333333333333
0.16666666666666666
0.18181818181818182
0.38461538461538464
0.42857142857142855
0.7272727272727273
0.14285714285714285
0.5294117647058824
0.4444444444444444
0.5
0.2222222222222222
0.6666666666666666
0.5555555555555556
0.75
0.8
0.4
0.4117647058823529
0.2857142857142857
0.4
0.125
0.38235294117647056
0.0625
0.0
0.4
0.2
0.8888888888888888
0.3333333333333333
0.0
0.2222222222222222
0.3333333333333333
0.12
0.1
0.25
0.5714285714285714
0.5
0.2
0.4
0.125
0.8
0.5
0.4
0.5714285714285714
0.36363636363636365
1.0
0.0
0.16666666666666666
1.0
0.16666666666666666
0.4
0.2
0.15384615384615385
0.16666666666666666
0.4444444444444444
0.2413793103448276
0.4
0.1111111111111111
0.5
0.5
0.5384615384615384
0.25
0.0
0.0
0.13793103448275862
0.25
0.5
0.1111111111111111
0.625
0.5714285714285714
0.4
0.14285714285714285
0.15
0.25
0.36363636363636365
0.09523809523809523
0.5294117647058824
0.6666666666666666
0.0
0.5
0.8
0.2857142857142857
0.25
0.75
0.23529411764705882
0.04285714285714286
0.375
0.16666666666666666
0.18181818181818182
0.23076923076923078
0.625
0.1875
0.3333333333333333
0.1
1.0
0.07692307692307693
0.4
0.6666666666666666
0.7692307692307693
1.0
0.4
0.14285714285714285
0.1111111111111111
0.7647058823529411
0.375
0.5714285714285714
0.6363636363636364
0.6
0.1875
0.3333333333333333
0.06666666666666667
0.4
0.4166666666666667
0.18181818181818182
0.3333333333333333
0.0
0.23076923076923078
0.2
1.0
0.5555555555555556
0.35714285714285715
0.38461538461538464
0.0
0.4444444444444444
0.7692307692307693
1.0
0.25
0.14285714285714285
0.3333333333333333
0.6
0.8
1.0
0.23529411764705882
0.6
0.0
0.45454545454545453
1.0
0.5
0.2916666666666667
0.0625
0.13513513513513514
0.4
0.22580645161290322
0.25
0.0
0.08333333333333333
0.6
0.1
0.25
0.8571428571428571
0.2222222222222222
0.06666666666666667
0.3076923076923077
0.2
0.16666666666666666
0.75
0.4
0.8
0.2857142857142857
0.2
0.14285714285714285
0.45454545454545453
0.5
0.2222222222222222
0.05263157894736842
0.3333333333333333
0.7272727272727273
0.47058823529411764
0.8
0.23529411764705882
0.2
0.26666666666666666
0.5714285714285714
0.75
0.0
0.16666666666666666
0.4411764705882353
0.6
0.05263157894736842
0.5294117647058824
0.2222222222222222
0.5714285714285714
0.5454545454545454
0.18518518518518517
0.16666666666666666
0.3333333333333333
0.25
0.2608695652173913
0.25
0.6666666666666666
0.23076923076923078
0.5
0.2
0.35714285714285715
0.2647058823529412
1.0
0.1935483870967742
0.7142857142857143
0.0
0.42857142857142855
0.6
0.7777777777777778
0.8181818181818182
0.2222222222222222
0.18181818181818182
0.2777777777777778
0.06521739130434782
0.4666666666666667
0.3
0.13793103448275862
0.3333333333333333
0.4
0.16666666666666666
0.0
0.6
0.375
1.0
0.25
0.25
0.1
0.75
0.8333333333333334
0.8333333333333334
0.2
0.0967741935483871
0.42857142857142855
0.5454545454545454
0.8571428571428571
0.2
0.47058823529411764
0.125
0.25
0.21428571428571427
0.4
0.5714285714285714
0.6
0.15384615384615385
0.6
0.2857142857142857
0.2777777777777778
0.2222222222222222
0.5
0.9
0.18181818181818182
0.0
1.0
0.35
0.375
0.3333333333333333
0.16666666666666666
0.4
0.07692307692307693
0.6666666666666666
0.4
0.3333333333333333
1.0
0.3333333333333333
0.16666666666666666
0.14285714285714285
0.4
0.55
0.4
1.0
0.75
0.0
0.5
0.8
0.375
0.8571428571428571
0.375
0.5
0.3333333333333333
0.8333333333333334
0.3076923076923077
0.8333333333333334
0.07692307692307693
0.375
0.2857142857142857
0.5
0.2857142857142857
0.75
0.2857142857142857
0.7272727272727273
0.625
0.3
0.4
0.46153846153846156
0.375
0.5
0.2
0.5
0.2
0.375
0.16393442622950818
0.5
0.14285714285714285
0.2222222222222222
0.3333333333333333
0.15151515151515152
0.0
0.2631578947368421
0.35294117647058826
0.5714285714285714
0.2727272727272727
0.2727272727272727
0.14285714285714285
0.5555555555555556
0.5
0.5
0.3
0.03571428571428571
0.5
0.45454545454545453
0.4
0.2
0.2
0.2727272727272727
0.29411764705882354
0.4666666666666667
0.7777777777777778
0.058823529411764705
0.13793103448275862
0.6
0.6666666666666666
0.2
0.1111111111111111
0.2857142857142857
0.25
0.25
0.7142857142857143
0.18181818181818182
0.42857142857142855
0.125
0.30434782608695654
0.25
0.8181818181818182
0.09090909090909091
0.5714285714285714
0.4666666666666667
0.5
0.8
0.2857142857142857
0.0
0.5555555555555556
1.0
0.375
0.17777777777777778
0.8333333333333334
0.8
0.25
0.23076923076923078
0.7142857142857143
0.21428571428571427
0.17647058823529413
0.6
0.42857142857142855
0.6666666666666666
0.6
0.26666666666666666
0.75
0.2
0.6
0.26666666666666666
0.8
0.3333333333333333
0.6
0.75
0.2
0.1111111111111111
0.8
0.14035087719298245
0.16666666666666666
0.625
0.4444444444444444
0.08333333333333333
0.08571428571428572
0.25
0.25
0.36363636363636365
0.3333333333333333
0.4
0.5555555555555556
0.6666666666666666
0.16129032258064516
0.3333333333333333
0.4
0.109375
0.0
0.18181818181818182
0.2
0.23529411764705882
0.4
0.42857142857142855
0.2857142857142857
0.25
0.7777777777777778
0.1
0.6
0.1875
0.8333333333333334
1.0
0.0
0.8
0.6
0.3333333333333333
0.16666666666666666
0.7777777777777778
0.5714285714285714
0.25
0.2857142857142857
0.3333333333333333
0.5
0.41935483870967744
0.2
0.5
0.25
