0.375
0.1
0.0
0.16666666666666666
0.1111111111111111
0.5
0.13333333333333333
0.3333333333333333
0.5
0.2
0.17543859649122806
0.16666666666666666
0.26666666666666666
0.375
0.5
0.0
0.6666666666666666
0.5
0.16666666666666666
0.07692307692307693
0.16666666666666666
0.5714285714285714
0.125
0.125
0.6
0.4
0.6
0.75
0.0
0.2222222222222222
0.17073170731707318
0.5333333333333333
0.42857142857142855
0.16666666666666666
0.2222222222222222
0.8
0.2857142857142857
0.6666666666666666
0.08333333333333333
0.1
0.26666666666666666
0.5
0.4
0.2857142857142857
0.07692307692307693
0.25
0.75
0.7777777777777778
0.0
0.5454545454545454
0.3333333333333333
0.125
0.25
0.4
0.041666666666666664
0.4
0.75
0.04
0.8
0.1
0.75
0.022222222222222223
0.4
0.16666666666666666
0.14285714285714285
0.25
0.2
0.3076923076923077
0.07142857142857142
0.3
0.2857142857142857
0.0
0.3333333333333333
0.6
0.21428571428571427
0.25
0.2
0.0
0.45454545454545453
0.3333333333333333
0.09836065573770492
0.4
0.3333333333333333
0.2
0.0
0.125
0.16666666666666666
0.3333333333333333
0.4666666666666667
0.2857142857142857
0.4
1.0
0.11764705882352941
0.0
0.2222222222222222
0.17391304347826086
0.0
0.15384615384615385
0.6
0.14285714285714285
0.2
0.13333333333333333
0.12727272727272726
0.4
0.4
0.11538461538461539
0.11363636363636363
0.2777777777777778
0.2
0.6666666666666666
0.4444444444444444
0.42857142857142855
0.18181818181818182
0.17647058823529413
0.0
0.09090909090909091
0.18181818181818182
0.038461538461538464
0.2222222222222222
0.375
0.23809523809523808
0.4
0.42857142857142855
0.08333333333333333
0.25
0.13043478260869565
0.4
0.20588235294117646
0.22727272727272727
0.07692307692307693
0.21428571428571427
0.0
0.14285714285714285
0.0
0.25
0.42857142857142855
0.09090909090909091
0.5
0.11627906976744186
0.5454545454545454
0.3
0.15789473684210525
0.14285714285714285
0.14285714285714285
1.0
0.09090909090909091
0.2
0.18181818181818182
0.6
0.14285714285714285
0.21052631578947367
0.3333333333333333
0.0
0.8333333333333334
0.125
0.1875
0.23809523809523808
0.4166666666666667
0.7777777777777778
0.4
0.04918032786885246
0.10526315789473684
0.2
0.5
0.4
0.1724137931034483
0.2222222222222222
0.2857142857142857
0.5
0.7
0.4
0.20930232558139536
0.16666666666666666
1.0
0.2857142857142857
0.2
0.5
0.18181818181818182
0.1111111111111111
0.26666666666666666
0.5
0.8571428571428571
0.2857142857142857
0.625
0.16129032258064516
0.42857142857142855
0.125
0.038461538461538464
0.6
0.23809523809523808
0.10126582278481013
0.21428571428571427
0.4
0.6666666666666666
0.09090909090909091
0.11494252873563218
0.18181818181818182
0.8
0.0
0.4
0.1111111111111111
0.2222222222222222
0.1
0.14285714285714285
0.625
0.19047619047619047
0.21428571428571427
0.23684210526315788
0.2631578947368421
0.13333333333333333
0.3333333333333333
0.125
0.5
0.3
0.23809523809523808
0.5
0.5
0.0
0.5
0.42857142857142855
0.4117647058823529
0.4
0.5
0.3
0.13157894736842105
0.08333333333333333
0.3333333333333333
0.25
0.2857142857142857
0.2608695652173913
0.06666666666666667
0.25
0.16129032258064516
0.5714285714285714
1.0
0.4
0.45
0.375
0.25
0.3
0.5714285714285714
0.0
0.18181818181818182
0.6153846153846154
0.45454545454545453
0.6363636363636364
0.25
0.3333333333333333
0.21428571428571427
0.16666666666666666
0.16666666666666666
0.4
0.3076923076923077
0.4
0.7272727272727273
0.4
0.5
0.6
1.0
0.25
0.2857142857142857
0.5
0.4
0.29411764705882354
0.1
0.875
0.6
1.0
0.6
0.3333333333333333
0.6666666666666666
0.1111111111111111
0.46153846153846156
0.0
0.16666666666666666
0.8333333333333334
0.2
0.2
0.1111111111111111
0.0
0.5
0.35714285714285715
0.8
0.5
0.6666666666666666
0.06451612903225806
0.08333333333333333
0.26666666666666666
0.5714285714285714
0.0
0.16666666666666666
0.3333333333333333
0.2
0.42857142857142855
0.2727272727272727
0.8333333333333334
0.3333333333333333
0.3333333333333333
0.043478260869565216
0.16666666666666666
0.03333333333333333
0.19047619047619047
0.875
0.6
0.3333333333333333
0.5
0.0
0.375
0.3333333333333333
0.2857142857142857
0.1875
0.2
0.875
0.14285714285714285
0.5714285714285714
0.6
0.25
0.3333333333333333
0.14285714285714285
0.8333333333333334
0.4
0.2222222222222222
0.375
0.16666666666666666
0.25
0.0
0.4444444444444444
0.35
0.375
0.75
0.8333333333333334
0.4
0.375
0.046511627906976744
0.0
0.8
0.09210526315789473
1.0
0.5
0.75
0.75
0.09523809523809523
0.5
0.2857142857142857
0.0
0.25
0.6666666666666666
0.4375
0.3
0.0
0.6
1.0
0.4
0.75
0.6
0.3333333333333333
0.5
0.14285714285714285
0.6
0.25
0.09433962264150944
0.17647058823529413
0.15384615384615385
0.25
0.25
0.13043478260869565
0.0
0.375
0.25
0.17647058823529413
0.14285714285714285
0.3333333333333333
0.2222222222222222
0.16666666666666666
0.6
0.6
0.25
0.07407407407407407
0.14285714285714285
0.2857142857142857
0.8
0.2222222222222222
0.75
0.6
0.36363636363636365
0.14285714285714285
0.6
0.2
0.2857142857142857
0.4444444444444444
0.5
0.11764705882352941
0.8
0.4
0.3333333333333333
0.36363636363636365
0.25
0.25
0.30434782608695654
0.2
0.2222222222222222
0.2
0.3333333333333333
0.058823529411764705
0.75
0.25
0.5
0.14285714285714285
0.5
0.14285714285714285
0.4
0.3333333333333333
0.42857142857142855
0.25
0.14893617021276595
0.4444444444444444
0.16666666666666666
0.22857142857142856
0.5
0.16666666666666666
0.5333333333333333
0.5
0.3076923076923077
0.5
0.125
0.16666666666666666
0.5714285714285714
0.125
0.0
0.08333333333333333
0.0
0.2
0.45454545454545453
0.3333333333333333
0.09090909090909091
0.5
0.2
0.045454545454545456
0.07142857142857142
0.5
0.5
0.0
0.3888888888888889
0.16216216216216217
0.2857142857142857
1.0
0.5714285714285714
0.18181818181818182
0.125
0.1
0.6
0.2
0.2
0.4444444444444444
0.36363636363636365
0.4
0.07142857142857142
0.42857142857142855
0.2727272727272727
0.25
0.7272727272727273
0.6
0.3
0.2222222222222222
0.02702702702702703
0.16666666666666666
0.6
0.3333333333333333
0.25
0.08
0.2
0.037037037037037035
0.6666666666666666
0.1111111111111111
1.0
0.11764705882352941
1.0
0.08333333333333333
0.5
0.15384615384615385
0.42105263157894735
0.45454545454545453
0.6
0.5
0.2727272727272727
0.4
0.2
0.21052631578947367
0.5
0.2857142857142857
0.3333333333333333
0.16666666666666666
0.3333333333333333
0.875
0.5
0.5555555555555556
0.4
0.2857142857142857
0.2727272727272727
0.8
0.2222222222222222
0.2
0.0625
0.14285714285714285
0.5
0.38095238095238093
0.14285714285714285
0.14492753623188406
0.3333333333333333
0.45454545454545453
0.2
0.3333333333333333
0.6666666666666666
0.1111111111111111
0.3333333333333333
0.42857142857142855
0.25
0.18181818181818182
0.35
0.4
0.16666666666666666
0.14285714285714285
0.0
0.09090909090909091
0.0
0.4166666666666667
0.4444444444444444
0.4
0.25
0.16
0.375
0.125
0.4
0.3
0.25
0.05263157894736842
0.14285714285714285
0.6
0.10344827586206896
0.5
0.1346153846153846
0.25
0.2857142857142857
0.11764705882352941
0.12195121951219512
0.5454545454545454
0.0
0.2
0.4
0.75
0.2727272727272727
0.2727272727272727
0.375
0.42857142857142855
0.2727272727272727
0.09090909090909091
0.2857142857142857
0.21052631578947367
0.4
0.375
0.7142857142857143
0.0
0.07142857142857142
0.0
0.06060606060606061
0.26666666666666666
0.6666666666666666
0.17647058823529413
0.42857142857142855
0.7142857142857143
0.5
0.3333333333333333
0.26666666666666666
0.4
0.22727272727272727
0.5
0.5384615384615384
0.2857142857142857
0.5714285714285714
0.8
0.42857142857142855
0.34782608695652173
0.46153846153846156
0.5
0.6
0.2222222222222222
0.42857142857142855
0.037037037037037035
0.25
0.3333333333333333
0.4
0.125
0.05555555555555555
0.2727272727272727
0.07692307692307693
0.75
0.6666666666666666
0.0
0.2857142857142857
0.6
0.2857142857142857
0.16666666666666666
0.4
0.125
0.26666666666666666
0.8
0.2
0.6666666666666666
0.46153846153846156
1.0
0.5833333333333334
0.4
0.6
0.6
0.0
0.25
0.5
0.3
0.5384615384615384
0.4444444444444444
0.4
0.6
0.5
0.6666666666666666
0.2222222222222222
0.5555555555555556
0.4
0.2857142857142857
0.4
0.4444444444444444
0.6
0.3333333333333333
0.3
0.3125
0.0
0.47368421052631576
0.0
0.38461538461538464
0.07692307692307693
0.08108108108108109
0.25
0.35294117647058826
0.6153846153846154
0.8571428571428571
0.2647058823529412
1.0
0.06060606060606061
0.125
0.4
0.5
0.6
0.7142857142857143
0.42857142857142855
0.0
0.15384615384615385
0.4
0.15
0.16666666666666666
0.6
0.18181818181818182
0.2
0.2
0.5
0.25
0.2857142857142857
0.75
0.2
0.2
0.08333333333333333
0.17391304347826086
0.06422018348623854
0.2
0.25
0.6666666666666666
0.0
1.0
0.2
0.125
0.375
0.1
0.3
0.75
0.21428571428571427
0.3125
0.4
0.18181818181818182
1.0
0.10204081632653061
0.02564102564102564
0.3333333333333333
1.0
0.2
0.125
0.42857142857142855
0.125
0.2222222222222222
0.6
0.3333333333333333
0.11475409836065574
0.3333333333333333
0.5454545454545454
0.42857142857142855
0.25
0.42857142857142855
0.25
0.5
0.125
0.4
0.3
0.1
0.5714285714285714
0.6
0.3
0.14285714285714285
0.0
0.3333333333333333
0.3157894736842105
0.6
0.0
0.2857142857142857
0.2857142857142857
0.15
0.4
0.8
0.35294117647058826
0.1111111111111111
0.125
0.5
0.19047619047619047
0.8
0.14285714285714285
0.5
0.5
0.038461538461538464
0.2857142857142857
0.2222222222222222
0.75
0.2222222222222222
0.16666666666666666
0.0
1.0
0.3333333333333333
0.07142857142857142
0.6
0.06060606060606061
0.25
0.2222222222222222
0.2857142857142857
0.2
0.11538461538461539
0.25
0.07575757575757576
0.4
0.16666666666666666
0.25
0.6363636363636364
0.2222222222222222
0.75
0.4
0.36363636363636365
1.0
0.14285714285714285
0.7
0.5
0.25806451612903225
0.5
0.08695652173913043
0.5
0.2777777777777778
0.17391304347826086
0.5
0.03867403314917127
0.3
0.09090909090909091
0.5
0.058823529411764705
0.25
0.2857142857142857
0.1111111111111111
0.45454545454545453
0.5
0.8
0.25
0.2
0.42857142857142855
0.09375
0.25
0.16666666666666666
0.29411764705882354
0.4166666666666667
0.4
0.15384615384615385
0.3
0.0
0.21428571428571427
0.2
0.1111111111111111
0.15384615384615385
0.42857142857142855
0.09523809523809523
0.45454545454545453
0.375
0.3
0.15217391304347827
0.0
0.14285714285714285
0.5
0.6
0.1
0.1
0.38461538461538464
0.3333333333333333
0.05555555555555555
0.375
0.13636363636363635
0.4117647058823529
0.42857142857142855
0.375
0.2
0.09090909090909091
0.8333333333333334
0.2
0.18181818181818182
0.4
0.6666666666666666
0.8
0.2
0.6923076923076923
0.34782608695652173
0.3333333333333333
0.3
0.25
0.5
0.1111111111111111
0.5
0.13636363636363635
0.6
0.09375
0.25
0.6666666666666666
0.08
0.2727272727272727
0.08571428571428572
0.5
0.0
0.1111111111111111
0.0
0.5
0.2222222222222222
0.42857142857142855
0.3333333333333333
0.5
0.25
1.0
0.05
0.2857142857142857
0.5714285714285714
0.6
0.16666666666666666
0.2
0.16666666666666666
0.42857142857142855
0.25
0.14285714285714285
1.0
0.5714285714285714
0.16666666666666666
0.16666666666666666
0.125
0.6
0.3
0.2222222222222222
0.11764705882352941
0.75
0.1875
0.75
0.3333333333333333
0.041666666666666664
0.6
0.20833333333333334
0.6
0.05217391304347826
0.5
0.4444444444444444
0.037037037037037035
0.2857142857142857
0.14285714285714285
0.5
0.75
0.3125
0.4
0.2222222222222222
0.06060606060606061
0.36363636363636365
0.5
0.15789473684210525
0.7142857142857143
0.8333333333333334
0.5714285714285714
0.6
0.5
0.8
0.2857142857142857
0.16666666666666666
0.16666666666666666
0.4
0.4
0.2222222222222222
0.10344827586206896
0.5
0.375
0.36363636363636365
0.2222222222222222
0.8333333333333334
0.05263157894736842
0.6
0.2
0.16666666666666666
0.16666666666666666
0.3333333333333333
0.3333333333333333
0.6
0.07142857142857142
0.6
0.25
0.6363636363636364
0.6
0.6
0.15384615384615385
0.6
0.09090909090909091
0.13725490196078433
0.25
0.7142857142857143
0.2857142857142857
0.8
0.08333333333333333
0.5833333333333334
0.5
0.5
0.19047619047619047
0.16666666666666666
0.13333333333333333
0.175
0.043478260869565216
0.4444444444444444
0.7142857142857143
0.375
0.4
0.5
0.4
0.18181818181818182
0.2
0.4444444444444444
0.75
0.6
0.3333333333333333
1.0
0.3125
0.6
0.5714285714285714
0.6
0.2
0.375
0.3
0.5
0.75
0.26666666666666666
0.0
0.4
0.5714285714285714
0.8
1.0
0.3333333333333333
0.2
0.125
0.0
0.21428571428571427
0.5
0.2
0.125
0.125
0.05
0.0
0.0
0.5
0.16666666666666666
0.375
0.5
0.8333333333333334
0.7272727272727273
0.36363636363636365
0.1
0.19047619047619047
0.8
0.10256410256410256
0.0
0.16666666666666666
0.09090909090909091
0.25
0.3333333333333333
0.3333333333333333
0.6363636363636364
0.6
0.36363636363636365
0.375
0.25
0.125
0.6153846153846154
0.21428571428571427
0.08333333333333333
0.75
0.8
0.18181818181818182
0.14285714285714285
0.24
0.4
0.13043478260869565
0.15789473684210525
0.3333333333333333
0.3333333333333333
0.625
0.4
0.75
0.3333333333333333
0.4
0.2857142857142857
0.18181818181818182
0.2
0.25
0.2222222222222222
0.8
0.0
0.07692307692307693
0.3333333333333333
0.75
0.29411764705882354
0.6666666666666666
0.2727272727272727
0.0
0.4444444444444444
0.3333333333333333
0.14285714285714285
0.625
0.11764705882352941
0.8
0.2
0.625
0.6
0.2
0.3
0.6
0.6
0.14705882352941177
0.5
0.2
0.5
0.42857142857142855
0.5
0.5
0.5714285714285714
0.6
0.08333333333333333
0.7
0.8333333333333334
1.0
0.75
0.42857142857142855
0.42857142857142855
0.2857142857142857
0.4
0.75
0.5
0.375
0.125
0.4
0.0
0.6666666666666666
0.5
0.625
0.10526315789473684
0.0
0.5
0.23809523809523808
0.6
0.5
0.6
0.25
0.2222222222222222
0.2857142857142857
0.0
0.11764705882352941
0.625
0.4
0.25
0.3181818181818182
0.3684210526315789
0.6
0.4
0.2727272727272727
0.6
0.2857142857142857
0.8571428571428571
0.6
0.16666666666666666
0.3333333333333333
0.3
0.0
0.12962962962962962
0.4
0.2727272727272727
1.0
0.4
0.3333333333333333
0.25
0.2857142857142857
0.6
0.5
0.1
0.75
0.16666666666666666
0.0
0.7142857142857143
0.5714285714285714
0.7
0.2857142857142857
0.4
0.15789473684210525
0.3
0.6666666666666666
0.15384615384615385
0.14285714285714285
0.75
0.2916666666666667
0.09090909090909091
0.1111111111111111
0.6
0.3333333333333333
0.25
0.16666666666666666
0.42857142857142855
0.5714285714285714
0.42857142857142855
0.2857142857142857
0.5
0.6
0.3333333333333333
0.1
0.16666666666666666
0.36363636363636365
0.23333333333333334
0.6666666666666666
0.5
0.6
0.4
0.6666666666666666
0.0
0.5
0.5
0.09090909090909091
0.16666666666666666
0.16666666666666666
0.3333333333333333
0.35714285714285715
0.125
0.18181818181818182
0.75
0.125
0.0
1.0
0.4666666666666667
0.16666666666666666
0.17647058823529413
0.14285714285714285
0.2222222222222222
0.06666666666666667
0.2222222222222222
0.8333333333333334
0.25
0.375
0.19230769230769232
0.8333333333333334
0.14814814814814814
0.0
0.6
0.6
0.6666666666666666
0.2
0.14285714285714285
0.13043478260869565
0.3333333333333333
0.42857142857142855
0.2727272727272727
0.8
1.0
0.07894736842105263
0.2
0.16666666666666666
0.6
0.07692307692307693
0.625
0.375
0.2857142857142857
0.5714285714285714
0.2
0.2
0.5
0.2
0.0625
1.0
0.7777777777777778
0.2777777777777778
0.2222222222222222
0.75
0.16666666666666666
0.6
0.2
0.3333333333333333
0.0
0.14285714285714285
0.25
0.29411764705882354
0.07894736842105263
0.3333333333333333
0.43478260869565216
0.058823529411764705
0.14285714285714285
0.2
0.42857142857142855
0.08571428571428572
0.29411764705882354
0.037037037037037035
0.2857142857142857
0.6
0.4444444444444444
0.0
0.3157894736842105
0.18181818181818182
0.4
0.125
0.14285714285714285
0.18181818181818182
0.028985507246376812
0.35714285714285715
0.09090909090909091
0.5333333333333333
0.2857142857142857
0.1590909090909091
0.5714285714285714
0.1388888888888889
0.2
0.10526315789473684
0.3448275862068966
0.6
0.25
0.2
0.42105263157894735
0.21739130434782608
0.6
0.6
0.25
0.0
0.38461538461538464
0.125
0.25
0.05555555555555555
0.0
0.42857142857142855
0.8181818181818182
0.75
0.3333333333333333
0.07142857142857142
0.6428571428571429
0.8
0.5
0.25
0.25
0.75
0.2692307692307692
0.25
1.0
0.6
0.2
0.25
0.4
0.2
0.06666666666666667
0.17647058823529413
0.5
0.5
0.0
0.42857142857142855
0.2
0.16666666666666666
0.0
0.4
1.0
0.2857142857142857
0.6
1.0
0.25
0.38461538461538464
0.30434782608695654
0.2
0.8
0.7142857142857143
0.16666666666666666
0.2222222222222222
0.75
0.6666666666666666
0.18181818181818182
0.6
0.5
0.26666666666666666
0.3333333333333333
0.17391304347826086
0.1875
0.75
0.3333333333333333
0.4444444444444444
0.4
0.2
0.3076923076923077
0.3448275862068966
0.375
0.3888888888888889
0.25
0.125
0.2857142857142857
0.16666666666666666
0.6
0.07142857142857142
0.0
0.18181818181818182
0.75
0.2857142857142857
0.25
0.6
1.0
0.13333333333333333
0.041666666666666664
0.16666666666666666
0.6666666666666666
0.3076923076923077
1.0
0.10526315789473684
0.11764705882352941
0.16666666666666666
0.25
0.75
0.27586206896551724
0.42857142857142855
0.25
0.0
0.1111111111111111
0.2
0.7777777777777778
0.6
0.375
0.23076923076923078
0.15
0.11764705882352941
1.0
0.36363636363636365
0.5714285714285714
1.0
0.18181818181818182
0.3333333333333333
0.6
0.6666666666666666
1.0
0.1111111111111111
0.0
0.35294117647058826
0.25
0.2
0.08108108108108109
0.2222222222222222
0.5555555555555556
0.25
0.4
0.041666666666666664
0.16666666666666666
0.6
0.42857142857142855
0.2857142857142857
0.25
0.35714285714285715
0.1
0.4
0.5
0.2857142857142857
0.14035087719298245
0.09523809523809523
0.8
0.15384615384615385
0.08333333333333333
0.3333333333333333
0.3333333333333333
0.2857142857142857
0.11235955056179775
0.13043478260869565
0.42857142857142855
0.2
0.2
0.42857142857142855
0.75
0.15384615384615385
0.6666666666666666
0.25
0.08333333333333333
0.125
0.2857142857142857
0.24
0.25
0.4166666666666667
0.35294117647058826
0.2857142857142857
0.2
0.375
0.1724137931034483
1.0
0.75
0.1
0.75
0.5
0.3333333333333333
0.8
0.2222222222222222
0.42857142857142855
0.75
0.6666666666666666
0.8181818181818182
0.5
0.7
0.15384615384615385
0.07692307692307693
0.75
0.25
0.3333333333333333
0.4
0.16666666666666666
0.14285714285714285
0.5
0.4166666666666667
0.043478260869565216
0.8
0.6153846153846154
0.4
0.5714285714285714
0.0
0.5
0.7142857142857143
0.3
0.7777777777777778
0.5833333333333334
0.5
0.6
0.42857142857142855
0.35714285714285715
0.6666666666666666
0.75
0.06060606060606061
0.2631578947368421
0.05
0.14285714285714285
0.13636363636363635
0.1
0.25
0.0625
0.45454545454545453
0.3333333333333333
0.6
0.18181818181818182
0.16666666666666666
0.3333333333333333
0.14285714285714285
0.0
0.5
0.4
0.42857142857142855
0.2
0.3076923076923077
0.25
0.13636363636363635
0.07142857142857142
0.0
0.2857142857142857
0.2631578947368421
0.5
0.22727272727272727
0.24
0.2727272727272727
0.5
0.5
0.4
0.2857142857142857
1.0
0.5
0.25
0.5
0.125
0.5
0.4
0.4666666666666667
0.75
0.16666666666666666
0.09523809523809523
0.16666666666666666
0.0
0.13333333333333333
0.5
0.3
0.5
0.42857142857142855
0.2
0.15789473684210525
0.6666666666666666
0.2916666666666667
0.14285714285714285
0.2
0.6666666666666666
0.8
0.1111111111111111
0.2
0.15
0.2857142857142857
0.3
0.0
1.0
0.3
0.07317073170731707
0.125
0.46153846153846156
1.0
0.3333333333333333
0.16666666666666666
0.2857142857142857
0.041666666666666664
0.8333333333333334
0.42857142857142855
0.6
0.19047619047619047
0.1111111111111111
0.18181818181818182
0.10344827586206896
0.18181818181818182
0.625
1.0
0.5
0.2
0.8
0.14285714285714285
0.8333333333333334
0.0
0.16666666666666666
0.1875
0.36363636363636365
0.16666666666666666
0.14285714285714285
0.6
0.5
0.75
0.4
0.4
0.5555555555555556
0.2777777777777778
0.8
0.07407407407407407
0.1282051282051282
0.16666666666666666
0.21875
0.8
0.125
0.8
0.25
0.2
0.4
0.2
0.125
0.8571428571428571
0.3333333333333333
0.8888888888888888
0.75
0.8571428571428571
0.4
0.29411764705882354
0.02857142857142857
0.75
0.2
1.0
0.18181818181818182
0.08536585365853659
0.625
0.4
0.75
0.8
0.14285714285714285
0.38461538461538464
0.4
0.08695652173913043
0.25
0.16666666666666666
0.04
0.2857142857142857
0.045454545454545456
0.6
0.16
0.26666666666666666
0.2222222222222222
0.35714285714285715
0.3
0.45454545454545453
0.5714285714285714
0.2857142857142857
0.3333333333333333
0.5
0.4
0.3333333333333333
0.75
0.08333333333333333
0.75
0.25925925925925924
0.4
0.13636363636363635
0.3333333333333333
0.25
0.4
0.1875
0.42857142857142855
0.4
0.8333333333333334
0.4
0.2
0.16666666666666666
0.18181818181818182
0.3333333333333333
0.16129032258064516
0.25
0.2857142857142857
0.3333333333333333
0.05555555555555555
0.4
0.04
0.3076923076923077
0.6
0.13043478260869565
0.2857142857142857
0.8
0.375
0.3076923076923077
0.1875
0.16666666666666666
0.4444444444444444
0.4
0.6363636363636364
0.3333333333333333
0.25
0.16666666666666666
0.125
0.8
0.5555555555555556
0.4
0.2
0.0
0.18181818181818182
0.6
0.2
0.0
0.2
0.2
0.09090909090909091
0.18181818181818182
0.09523809523809523
0.3
0.6
0.2222222222222222
0.0
0.4
0.14285714285714285
0.2222222222222222
0.7777777777777778
0.16666666666666666
0.14285714285714285
0.18181818181818182
0.13513513513513514
0.25
0.2
0.2
0.5
0.4444444444444444
0.05555555555555555
0.21428571428571427
0.125
0.058823529411764705
0.8333333333333334
0.14285714285714285
0.14285714285714285
0.1111111111111111
0.07142857142857142
1.0
0.42857142857142855
0.8
0.16666666666666666
0.375
0.18181818181818182
0.2
0.16666666666666666
0.6
0.4
1.0
0.25
0.2
0.06666666666666667
0.16666666666666666
0.35294117647058826
0.7272727272727273
0.16666666666666666
0.45454545454545453
0.125
0.4
0.5
0.2222222222222222
0.8
0.5
0.7142857142857143
0.03225806451612903
0.8
0.3888888888888889
0.25
0.5714285714285714
0.4
0.13114754098360656
0.14285714285714285
0.8
0.5714285714285714
0.38095238095238093
0.25
0.2
0.8
0.3333333333333333
0.15625
0.14285714285714285
0.2857142857142857
0.5
0.3
0.3333333333333333
0.8
0.2222222222222222
0.42857142857142855
0.6
0.6
0.6
0.5
0.15384615384615385
0.375
0.03333333333333333
0.2
0.14285714285714285
0.6363636363636364
0.4
0.47058823529411764
0.05555555555555555
0.2777777777777778
0.375
0.5833333333333334
0.8333333333333334
0.5
0.42857142857142855
0.1
0.42857142857142855
1.0
0.2857142857142857
0.3333333333333333
0.14285714285714285
1.0
0.5
0.0
0.4444444444444444
0.7142857142857143
0.0
0.5
0.0
0.0
0.8
0.75
0.6
0.3181818181818182
0.23076923076923078
0.2222222222222222
0.07692307692307693
0.2
0.5714285714285714
0.15625
0.2
0.6153846153846154
0.4444444444444444
0.11904761904761904
0.6666666666666666
0.5
0.10526315789473684
0.2
0.2857142857142857
0.2857142857142857
0.23076923076923078
0.03278688524590164
0.2
0.8
0.3333333333333333
0.4
0.0
0.5
0.4
0.2857142857142857
0.36363636363636365
0.21875
0.2222222222222222
0.5
0.5333333333333333
0.21428571428571427
0.6666666666666666
0.21428571428571427
0.1
0.2857142857142857
0.2857142857142857
0.09090909090909091
0.14285714285714285
0.2
0.2222222222222222
0.2857142857142857
0.75
0.2727272727272727
0.2857142857142857
0.4
0.1282051282051282
0.75
0.4375
0.1111111111111111
0.5
0.0
0.2222222222222222
0.18181818181818182
0.2
0.2857142857142857
0.5714285714285714
0.2857142857142857
0.2727272727272727
0.42857142857142855
0.047619047619047616
0.6
0.125
0.2
0.16666666666666666
0.07317073170731707
0.6363636363636364
0.2857142857142857
0.0
0.16
0.16666666666666666
0.0
0.18181818181818182
0.5
0.034482758620689655
0.0
0.4
0.125
0.5
0.3333333333333333
0.8333333333333334
0.6666666666666666
0.25
0.2
0.375
0.5555555555555556
0.14285714285714285
0.2
0.1
0.06666666666666667
0.05263157894736842
0.4
0.4
0.5
0.45454545454545453
0.3333333333333333
0.625
0.0
0.75
0.21428571428571427
0.3333333333333333
0.16666666666666666
0.16666666666666666
0.1388888888888889
0.14285714285714285
0.8333333333333334
1.0
0.21428571428571427
0.0
0.10204081632653061
0.15625
0.75
0.4444444444444444
0.6
0.2857142857142857
0.75
0.2
0.25
0.05084745762711865
0.14285714285714285
0.16666666666666666
0.6
0.06451612903225806
0.4
0.75
0.4444444444444444
0.03508771929824561
0.0
0.16666666666666666
0.4444444444444444
0.75
0.23076923076923078
0.5
0.25
0.125
0.42857142857142855
0.045454545454545456
0.18181818181818182
0.7142857142857143
0.6
0.3333333333333333
0.125
0.26666666666666666
0.375
0.2
0.5714285714285714
0.5
0.18181818181818182
0.6
0.14814814814814814
0.5
0.16666666666666666
0.25
0.1
0.4444444444444444
0.25
0.75
0.15384615384615385
0.2727272727272727
0.2
0.16666666666666666
0.25
0.3333333333333333
0.05
0.5
0.5714285714285714
0.05555555555555555
0.06666666666666667
0.12048192771084337
0.7692307692307693
0.625
0.38461538461538464
0.25
0.5454545454545454
0.16666666666666666
0.0625
0.1111111111111111
0.15789473684210525
0.42857142857142855
0.5
0.3
0.0
0.25
0.75
0.08823529411764706
0.2631578947368421
0.75
0.25
0.2857142857142857
0.3
0.3333333333333333
0.13793103448275862
0.42857142857142855
0.15
0.25
0.1111111111111111
0.5
0.6
0.6666666666666666
1.0
0.3
0.6363636363636364
0.6
0.3103448275862069
0.25
0.11538461538461539
0.6
0.6666666666666666
0.16666666666666666
0.6666666666666666
0.11475409836065574
0.2857142857142857
0.5
0.2631578947368421
0.09090909090909091
0.42857142857142855
0.15384615384615385
0.3333333333333333
0.2
0.6
0.05263157894736842
1.0
0.1111111111111111
0.3333333333333333
0.6
0.75
1.0
0.6
0.1111111111111111
0.10714285714285714
0.16666666666666666
0.4
0.1
0.2727272727272727
0.17777777777777778
0.2
0.3333333333333333
0.5714285714285714
0.3888888888888889
0.3333333333333333
0.9
0.125
0.2
0.6
0.2727272727272727
0.3
0.3
0.42857142857142855
0.125
0.2857142857142857
0.2222222222222222
0.6
0.3333333333333333
0.42857142857142855
0.375
0.25
0.15384615384615385
0.0
0.18181818181818182
0.2857142857142857
0.75
0.0
0.42857142857142855
0.4117647058823529
0.7142857142857143
1.0
0.5555555555555556
0.3333333333333333
0.11764705882352941
0.5
0.125
0.5714285714285714
0.2727272727272727
0.10752688172043011
0.5
0.037037037037037035
0.09375
0.6
0.2
0.037037037037037035
0.5833333333333334
0.5
0.8333333333333334
0.9
0.6666666666666666
0.6
0.3333333333333333
0.09090909090909091
0.42857142857142855
0.14285714285714285
0.5
0.0
0.2727272727272727
0.05
0.0
0.8
0.1111111111111111
0.0
0.3
0.5
0.2
0.375
0.17647058823529413
0.6666666666666666
0.2
0.14285714285714285
0.3333333333333333
0.25
0.1
0.17391304347826086
0.4166666666666667
0.25
0.0
0.15384615384615385
0.8
0.0
0.3333333333333333
0.5
0.5833333333333334
0.30303030303030304
0.5714285714285714
0.4
0.125
0.3125
0.2727272727272727
0.17391304347826086
0.3333333333333333
0.05555555555555555
0.07692307692307693
0.14285714285714285
0.043478260869565216
0.5294117647058824
0.19047619047619047
0.3333333333333333
0.125
0.2857142857142857
0.8
0.06756756756756757
0.14285714285714285
0.2
0.4
0.16
0.5
0.3333333333333333
0.20833333333333334
0.0
0.2
0.4444444444444444
0.21052631578947367
0.75
0.25
0.5714285714285714
0.2
0.4444444444444444
0.6
0.5
0.06666666666666667
0.75
0.6
0.13333333333333333
0.4
0.5333333333333333
0.4
0.2
0.25
0.04861111111111111
0.5714285714285714
0.2
0.6
0.6
0.2857142857142857
0.3333333333333333
0.5
0.2631578947368421
0.3333333333333333
0.375
0.5714285714285714
0.4666666666666667
0.38461538461538464
0.21739130434782608
0.75
0.0
0.36363636363636365
0.0
0.3333333333333333
0.12048192771084337
0.2
0.625
0.5
0.15
0.6363636363636364
0.125
0.5
0.4
0.05
0.1111111111111111
0.4
0.2
0.5
0.3333333333333333
0.15384615384615385
0.1111111111111111
0.5384615384615384
0.2727272727272727
0.1
0.09523809523809523
0.2
0.16666666666666666
0.19230769230769232
0.125
0.36363636363636365
0.5454545454545454
0.38461538461538464
0.2
0.23076923076923078
0.8333333333333334
0.13333333333333333
0.4444444444444444
0.13333333333333333
0.4
0.04081632653061224
0.75
0.125
0.2727272727272727
0.30434782608695654
0.2727272727272727
0.375
0.6
0.09523809523809523
0.3333333333333333
0.2
0.0
0.14285714285714285
0.25
0.4375
0.06666666666666667
0.375
0.2857142857142857
0.23076923076923078
0.3333333333333333
0.15384615384615385
0.4
0.0
0.5
0.2857142857142857
0.3
0.9
0.0
0.5
0.0625
0.5
0.25
0.4
0.2
0.75
0.0
0.35714285714285715
0.08333333333333333
0.18421052631578946
0.25925925925925924
0.3333333333333333
0.2222222222222222
0.4
0.5714285714285714
0.4
0.46153846153846156
0.75
0.16666666666666666
0.2857142857142857
0.0
0.2222222222222222
0.7142857142857143
0.5
0.3333333333333333
0.13953488372093023
0.3333333333333333
0.3333333333333333
0.14285714285714285
0.14285714285714285
0.2857142857142857
0.1111111111111111
0.2857142857142857
0.25
0.7142857142857143
0.1111111111111111
0.25
0.0
0.0
0.25
0.4117647058823529
0.125
0.03225806451612903
0.03125
0.2222222222222222
0.3333333333333333
0.10714285714285714
0.8333333333333334
0.2222222222222222
0.8333333333333334
0.20833333333333334
0.25
0.03278688524590164
0.4
0.13043478260869565
0.8333333333333334
0.0625
0.5555555555555556
0.4
0.5
0.2608695652173913
0.4
0.24
0.13333333333333333
0.5833333333333334
0.05555555555555555
0.0
0.4
0.26666666666666666
0.14285714285714285
0.11363636363636363
0.2608695652173913
0.25
0.45454545454545453
0.25
0.2
0.14285714285714285
0.5
0.14285714285714285
0.5
0.3333333333333333
0.25
0.2
0.2222222222222222
0.19444444444444445
0.3333333333333333
0.6
0.375
0.2
0.8571428571428571
0.4444444444444444
0.6
0.3333333333333333
0.46153846153846156
0.2
0.75
0.16666666666666666
0.06521739130434782
0.25
0.0
0.4375
0.4
0.45454545454545453
0.25
0.0
0.25
0.46153846153846156
0.4
0.0
0.7142857142857143
0.6666666666666666
0.3333333333333333
0.4
1.0
0.6
0.8
0.0
0.14285714285714285
0.75
1.0
0.05263157894736842
1.0
0.6
0.2
0.46153846153846156
0.42857142857142855
0.25
0.6
0.11428571428571428
0.25
1.0
0.07142857142857142
0.045454545454545456
0.25
0.3333333333333333
0.11764705882352941
0.3333333333333333
1.0
0.375
0.5
0.2
0.6
0.0
0.1935483870967742
0.0
0.25
0.3333333333333333
0.36363636363636365
0.14285714285714285
0.4
0.1875
0.25
0.4166666666666667
0.16666666666666666
0.23529411764705882
0.125
0.05
0.25
0.10526315789473684
0.0
0.3333333333333333
0.37037037037037035
0.23529411764705882
0.30434782608695654
0.0
0.16666666666666666
0.6363636363636364
0.058823529411764705
0.16666666666666666
0.10526315789473684
0.6666666666666666
0.5
0.5
0.45454545454545453
0.125
0.3157894736842105
0.20689655172413793
1.0
0.16666666666666666
1.0
0.03488372093023256
0.375
0.3333333333333333
0.3333333333333333
0.0
0.2222222222222222
0.4
0.3076923076923077
0.25
0.10714285714285714
0.3333333333333333
0.3157894736842105
0.6
0.25
0.4117647058823529
0.10526315789473684
1.0
0.0
0.6
0.25
0.09090909090909091
0.2
0.05555555555555555
0.5714285714285714
0.2
0.21052631578947367
0.2222222222222222
0.42857142857142855
0.6
0.3
0.42857142857142855
0.6
0.5
0.5
0.4
0.16666666666666666
0.16666666666666666
0.3333333333333333
0.3333333333333333
0.21428571428571427
0.16666666666666666
0.5
0.42857142857142855
0.14285714285714285
0.1
0.25
0.16666666666666666
0.0
0.1
0.25
0.18181818181818182
0.2857142857142857
0.2727272727272727
0.4166666666666667
0.03333333333333333
0.14285714285714285
0.25
0.75
0.4
0.4444444444444444
0.2857142857142857
0.2777777777777778
0.5
0.11904761904761904
0.6
0.6666666666666666
0.42857142857142855
0.03333333333333333
0.8
0.2
0.25
0.4
0.07692307692307693
0.375
0.8
1.0
0.13333333333333333
0.2857142857142857
0.2222222222222222
0.2857142857142857
0.5
0.18181818181818182
0.4
0.6
0.16666666666666666
0.125
0.2692307692307692
0.4
0.36363636363636365
0.25
0.25
0.16666666666666666
0.25
0.4375
0.125
0.4090909090909091
0.375
0.0
0.3333333333333333
0.6666666666666666
0.3333333333333333
0.375
0.21428571428571427
0.5
0.0
0.07692307692307693
0.42857142857142855
0.4117647058823529
0.3333333333333333
0.8333333333333334
1.0
0.8
0.4
0.2727272727272727
0.14285714285714285
0.2
0.6
0.06666666666666667
0.15384615384615385
0.6
0.3333333333333333
0.25
0.3
0.4
0.2
0.125
0.2222222222222222
0.2
0.0
0.5263157894736842
0.3333333333333333
0.13793103448275862
0.10526315789473684
0.08333333333333333
0.6
0.6
0.26666666666666666
0.175
0.5
0.4444444444444444
0.2
0.0
0.2
0.5
0.42857142857142855
0.6666666666666666
0.6
0.2
0.3333333333333333
0.0
1.0
0.07407407407407407
0.23529411764705882
0.125
0.25
0.3333333333333333
0.2727272727272727
0.2
0.4
0.42857142857142855
0.2
0.2631578947368421
1.0
0.5
0.4
0.12903225806451613
0.4
0.6428571428571429
0.2
0.75
0.0847457627118644
0.25
0.6
1.0
0.36363636363636365
0.0
0.21428571428571427
0.16666666666666666
0.5
0.4
0.25
0.3333333333333333
0.7777777777777778
0.8
0.4
0.5
0.0
0.20833333333333334
0.25
0.3333333333333333
0.2
0.42857142857142855
0.625
0.8
0.5
0.1
0.4
0.21052631578947367
0.21052631578947367
0.5833333333333334
0.2
0.5
0.4
0.5
0.4
0.5714285714285714
0.3333333333333333
0.16
0.3157894736842105
0.42857142857142855
0.5
0.25
0.42857142857142855
0.1111111111111111
0.4
0.2
0.5
0.16666666666666666
0.5
0.21428571428571427
0.3076923076923077
0.8
0.42857142857142855
0.2222222222222222
0.09090909090909091
0.6
0.25
0.09090909090909091
0.8
0.058823529411764705
0.058823529411764705
0.2857142857142857
0.42857142857142855
0.0
0.4166666666666667
0.6666666666666666
0.2
0.3333333333333333
0.5714285714285714
0.18181818181818182
0.5
0.5
0.4
0.42857142857142855
0.0
0.20588235294117646
0.17142857142857143
0.5714285714285714
0.5
0.3333333333333333
1.0
0.05
0.4
0.42857142857142855
0.4
0.11764705882352941
0.5
0.09090909090909091
0.22727272727272727
0.14285714285714285
0.6
0.2
0.21052631578947367
0.5833333333333334
0.045454545454545456
0.09523809523809523
0.2
0.14285714285714285
1.0
0.25
0.16666666666666666
0.8181818181818182
0.5
0.2
0.125
0.041666666666666664
0.4444444444444444
0.08333333333333333
0.42857142857142855
0.8
0.3333333333333333
0.14814814814814814
0.057971014492753624
0.08333333333333333
0.21428571428571427
0.4444444444444444
0.18181818181818182
0.4
0.10416666666666667
0.625
0.3333333333333333
0.0
0.0
0.029411764705882353
0.17391304347826086
0.8
0.2
0.42857142857142855
0.5
0.1
0.3333333333333333
1.0
0.5
0.2857142857142857
0.07692307692307693
0.25
0.42857142857142855
0.10752688172043011
0.06666666666666667
0.3333333333333333
0.3333333333333333
0.0
0.5
0.08
0.125
0.5
0.05555555555555555
0.4
0.5
0.5
0.25
0.6
0.125
0.2857142857142857
0.4
0.3333333333333333
0.45454545454545453
0.14285714285714285
0.25
0.0
0.11764705882352941
0.3076923076923077
0.7777777777777778
0.13333333333333333
0.45454545454545453
0.75
0.7142857142857143
0.2
0.16666666666666666
0.19047619047619047
0.125
0.5714285714285714
0.5
0.08695652173913043
0.2
0.29411764705882354
0.5
0.625
0.2727272727272727
0.38461538461538464
1.0
0.6666666666666666
0.6666666666666666
0.6
0.6666666666666666
0.14285714285714285
0.36363636363636365
0.2857142857142857
0.16666666666666666
0.6666666666666666
1.0
0.15
0.4
0.23076923076923078
0.36363636363636365
0.3333333333333333
0.26666666666666666
0.4
0.13333333333333333
0.09523809523809523
0.5555555555555556
0.3333333333333333
0.3
1.0
0.2
0.0
0.5
0.2692307692307692
0.6
0.29411764705882354
0.34782608695652173
0.8333333333333334
0.21739130434782608
0.2222222222222222
0.8
0.4
0.7272727272727273
0.2
0.2
0.15384615384615385
0.1111111111111111
0.08928571428571429
0.1111111111111111
0.5
0.3333333333333333
0.1
0.5
0.8
0.8571428571428571
1.0
0.8333333333333334
0.2
0.75
0.5
0.2
0.08695652173913043
0.023809523809523808
0.5
0.32
0.1
0.18518518518518517
0.25
0.5
0.2
0.125
0.13636363636363635
0.2222222222222222
0.2857142857142857
0.2857142857142857
0.044444444444444446
0.1724137931034483
0.4
0.2
0.5
0.4444444444444444
0.4444444444444444
0.625
0.5
0.3
0.3333333333333333
0.6
0.5
0.42857142857142855
0.05
0.2222222222222222
0.125
0.5
0.2222222222222222
0.8
0.5263157894736842
0.5
0.3076923076923077
0.14285714285714285
0.8333333333333334
0.42857142857142855
0.25
0.0
0.2727272727272727
0.3333333333333333
0.16666666666666666
0.45454545454545453
0.2
0.4166666666666667
0.75
0.16666666666666666
1.0
0.25
0.1
0.25
0.5
0.5714285714285714
0.5
0.13043478260869565
0.5
0.23529411764705882
0.3333333333333333
0.10526315789473684
0.2903225806451613
0.5
0.2
0.0
0.0
0.16666666666666666
0.3333333333333333
0.0
0.8
0.16666666666666666
0.1
0.0
0.16666666666666666
0.6
0.25
0.5
0.09090909090909091
0.0
0.7142857142857143
0.35714285714285715
0.5
0.5
0.2727272727272727
0.0625
0.25
0.4
0.07407407407407407
0.1
0.5
0.25
0.6666666666666666
0.6
0.4444444444444444
0.6
0.4
0.3333333333333333
0.18181818181818182
0.20833333333333334
0.21052631578947367
0.5555555555555556
0.25806451612903225
0.3333333333333333
0.2727272727272727
0.4090909090909091
0.1111111111111111
0.25
0.4
0.4
0.8888888888888888
0.14705882352941177
0.375
0.4
0.6
0.07194244604316546
0.125
0.125
0.2
0.1111111111111111
0.2
0.2857142857142857
0.16666666666666666
0.4444444444444444
0.14285714285714285
0.7272727272727273
0.16666666666666666
0.3333333333333333
0.2
0.8
0.08333333333333333
0.5
0.18181818181818182
0.5
0.5
0.75
0.3333333333333333
0.8
0.15789473684210525
0.25
0.2222222222222222
0.14285714285714285
0.2727272727272727
0.125
0.08333333333333333
0.09090909090909091
0.5
0.2857142857142857
0.14285714285714285
0.2
0.0
0.25
0.08888888888888889
0.2857142857142857
0.2
0.6
0.16666666666666666
1.0
0.2857142857142857
0.125
0.5
0.0625
1.0
0.10714285714285714
0.125
0.42857142857142855
0.2857142857142857
0.13559322033898305
0.14285714285714285
0.3333333333333333
0.8
0.75
0.18181818181818182
0.42857142857142855
0.25
0.25
0.5
0.2
0.6
0.058823529411764705
0.35294117647058826
0.09090909090909091
0.2
0.7142857142857143
0.3333333333333333
0.2727272727272727
0.4
0.5
0.75
0.08333333333333333
0.16666666666666666
0.1590909090909091
0.25
0.3
0.07142857142857142
0.25
0.6
0.07017543859649122
0.0
0.4444444444444444
0.16666666666666666
0.6666666666666666
0.11940298507462686
0.14285714285714285
0.09090909090909091
0.09090909090909091
0.23076923076923078
0.021739130434782608
0.03571428571428571
1.0
0.15151515151515152
0.7142857142857143
0.1111111111111111
0.6666666666666666
0.09090909090909091
0.38461538461538464
0.25
0.35294117647058826
0.3
0.06944444444444445
0.4166666666666667
0.6
0.42857142857142855
0.5
0.7142857142857143
0.18181818181818182
0.4166666666666667
0.5
0.08333333333333333
0.8333333333333334
0.2
0.1
0.14285714285714285
0.3076923076923077
0.2631578947368421
0.14285714285714285
1.0
1.0
0.2857142857142857
0.5
0.4444444444444444
0.2
0.3333333333333333
0.027777777777777776
0.8333333333333334
0.5555555555555556
0.125
0.5
0.2222222222222222
1.0
0.4375
0.125
0.6666666666666666
0.07142857142857142
0.04
0.6666666666666666
0.3333333333333333
0.4
0.2222222222222222
0.08333333333333333
0.07407407407407407
0.2631578947368421
0.4
0.3333333333333333
0.1875
0.2
0.36363636363636365
0.25
0.6
0.1111111111111111
0.25
0.375
0.16666666666666666
0.4
0.07142857142857142
0.4444444444444444
0.125
0.07692307692307693
0.2727272727272727
0.07692307692307693
0.14814814814814814
0.09090909090909091
0.6666666666666666
0.7142857142857143
0.5
0.1875
0.375
0.2857142857142857
0.041666666666666664
0.16666666666666666
0.21052631578947367
0.16666666666666666
0.75
0.3333333333333333
0.35714285714285715
0.0
0.21739130434782608
0.5555555555555556
0.6
0.2857142857142857
0.125
0.35714285714285715
0.0
0.7272727272727273
0.8
0.8888888888888888
0.1875
0.4
0.1
0.0
0.25
0.3333333333333333
0.8
0.11764705882352941
0.3333333333333333
0.08064516129032258
0.2857142857142857
0.4
0.07547169811320754
0.5833333333333334
0.13333333333333333
0.3333333333333333
0.6
0.42857142857142855
0.125
0.3333333333333333
0.6
1.0
0.06818181818181818
0.375
0.15384615384615385
0.3333333333333333
0.47058823529411764
0.2857142857142857
0.125
0.125
0.0
0.16666666666666666
0.75
0.15384615384615385
1.0
0.45454545454545453
0.4
0.6
0.36363636363636365
0.4375
0.6
0.0
0.6
0.6
0.07142857142857142
0.6666666666666666
0.1
0.4
0.8571428571428571
0.0
1.0
0.5384615384615384
0.07692307692307693
0.5
1.0
0.3333333333333333
0.08333333333333333
0.375
0.2
0.5
0.06666666666666667
0.4
0.4
0.11363636363636363
0.16666666666666666
0.1111111111111111
0.25
0.38461538461538464
0.18181818181818182
0.625
0.16666666666666666
0.26666666666666666
0.125
0.07142857142857142
0.2222222222222222
0.375
0.16666666666666666
0.5714285714285714
0.2857142857142857
0.1
0.5
0.0
0.5714285714285714
1.0
0.1875
0.6666666666666666
0.2
0.3333333333333333
0.2857142857142857
1.0
0.0
0.3333333333333333
0.3
0.13513513513513514
0.6
0.4444444444444444
0.16666666666666666
0.4
0.14285714285714285
0.625
0.2727272727272727
0.0
0.6
0.16666666666666666
0.2
0.2
0.1111111111111111
0.1111111111111111
0.045454545454545456
0.5
0.5
0.2727272727272727
0.2
1.0
0.0
0.23076923076923078
0.75
1.0
0.15384615384615385
0.35294117647058826
0.5333333333333333
0.14285714285714285
0.11428571428571428
0.5454545454545454
0.8888888888888888
0.14285714285714285
0.3333333333333333
0.3333333333333333
0.6
0.5555555555555556
0.2
0.3333333333333333
0.0
0.2727272727272727
0.375
0.3333333333333333
0.42857142857142855
0.14285714285714285
0.8571428571428571
0.3333333333333333
0.625
0.5
0.3333333333333333
0.3333333333333333
0.6
0.16666666666666666
0.6666666666666666
0.16666666666666666
0.0
0.0
0.3333333333333333
0.125
0.6
0.0
0.375
0.25
0.3333333333333333
0.1111111111111111
0.7777777777777778
0.6
0.7142857142857143
0.0
0.07142857142857142
0.08108108108108109
0.13157894736842105
0.625
0.1
0.8
0.32
0.2
0.14285714285714285
0.375
0.10526315789473684
0.25
0.75
0.0
0.25806451612903225
0.0
0.6666666666666666
0.14705882352941177
0.06666666666666667
0.07407407407407407
0.25
0.23809523809523808
0.3333333333333333
0.46153846153846156
0.3333333333333333
0.5
0.1694915254237288
0.3157894736842105
0.25
0.06451612903225806
0.5
0.75
0.38461538461538464
0.16666666666666666
1.0
0.2222222222222222
0.5
0.125
0.6
0.625
0.6
0.21739130434782608
0.14285714285714285
0.3157894736842105
0.16666666666666666
0.5
0.25
0.08163265306122448
0.75
0.3076923076923077
0.4166666666666667
0.2692307692307692
0.8
0.2
0.8333333333333334
0.5
0.07547169811320754
0.7
0.0
0.5
0.7142857142857143
0.5
0.6
0.1875
0.13636363636363635
0.5714285714285714
0.2
0.18181818181818182
0.0
0.2857142857142857
0.4
0.125
0.125
0.875
0.5
0.08
0.6666666666666666
0.25
0.16666666666666666
0.14285714285714285
0.2857142857142857
0.75
0.0
0.375
0.4
0.5
0.23809523809523808
0.4166666666666667
0.42857142857142855
0.0
0.1111111111111111
0.25
0.375
0.0
0.15789473684210525
0.14285714285714285
0.15
0.4
0.375
1.0
0.35714285714285715
0.75
0.0
0.2
0.14285714285714285
0.375
0.18181818181818182
0.3333333333333333
0.8333333333333334
0.2631578947368421
0.6
0.25
0.42857142857142855
0.5
0.25
0.875
0.375
0.3333333333333333
0.21875
0.09090909090909091
0.08
0.1111111111111111
0.8333333333333334
0.75
0.25
0.1
0.5
0.16
0.06666666666666667
0.7142857142857143
0.75
0.3181818181818182
0.4
0.0
0.6666666666666666
0.08695652173913043
0.3333333333333333
0.2222222222222222
0.125
0.6428571428571429
0.42857142857142855
0.14285714285714285
0.4
0.3
0.6666666666666666
0.3125
0.0
0.75
0.03225806451612903
0.2631578947368421
1.0
0.23529411764705882
0.5
0.16666666666666666
0.3333333333333333
0.3333333333333333
0.25
0.6
0.5
0.4
0.4
0.7272727272727273
0.4375
0.625
0.8
0.3125
0.3333333333333333
0.125
0.6666666666666666
0.2222222222222222
0.16129032258064516
0.125
0.4
1.0
0.4
0.0
0.0
0.8
0.6
0.11764705882352941
0.23529411764705882
0.25
0.5
0.42857142857142855
0.04285714285714286
0.3888888888888889
0.3333333333333333
0.05263157894736842
0.5
0.3333333333333333
0.25
0.5555555555555556
0.42857142857142855
0.16666666666666666
0.08333333333333333
0.2
0.7
0.45454545454545453
0.0
0.3
0.7142857142857143
0.25
0.09090909090909091
0.875
0.5
0.14814814814814814
0.25
0.5
0.15789473684210525
0.5
0.07142857142857142
0.6666666666666666
0.07142857142857142
0.8333333333333334
0.8
0.2
0.25
0.6
0.5
0.6666666666666666
0.3076923076923077
0.4
0.8
0.7142857142857143
0.16666666666666666
0.3333333333333333
0.3333333333333333
0.4
0.2222222222222222
0.4
0.46153846153846156
1.0
0.6
0.7272727272727273
0.16666666666666666
0.22727272727272727
0.23809523809523808
0.5
0.5
0.14285714285714285
0.6
0.043478260869565216
0.1111111111111111
0.5
0.35
0.08
0.5714285714285714
0.2222222222222222
0.3333333333333333
0.4
0.15151515151515152
0.3333333333333333
0.2857142857142857
0.0875
0.2857142857142857
0.14285714285714285
0.3333333333333333
0.2857142857142857
0.6
0.07462686567164178
0.4
0.2857142857142857
0.1875
0.5
0.06451612903225806
0.5714285714285714
0.3076923076923077
0.14285714285714285
0.25
0.13333333333333333
0.1
0.26666666666666666
0.0
0.4117647058823529
0.25
0.5
0.6
0.8333333333333334
0.42857142857142855
0.5
0.5
0.45454545454545453
0.2857142857142857
0.7142857142857143
0.2
0.3333333333333333
0.375
0.16666666666666666
0.45454545454545453
0.5
0.6
0.5
0.5
0.8
0.6666666666666666
0.4
0.5555555555555556
0.27586206896551724
0.4
0.4444444444444444
0.2857142857142857
0.07407407407407407
0.5833333333333334
1.0
0.5
0.5
0.14285714285714285
0.6
0.2
0.1111111111111111
0.13333333333333333
0.75
0.09090909090909091
0.047619047619047616
0.07407407407407407
0.0
0.8
0.6
0.5833333333333334
0.2
0.25
0.2727272727272727
0.3333333333333333
0.6
0.7272727272727273
0.0
0.5
0.6666666666666666
0.1
0.6
0.5
0.5
0.36363636363636365
0.2857142857142857
0.3333333333333333
0.11764705882352941
0.5
0.3333333333333333
0.8333333333333334
0.23529411764705882
0.36363636363636365
0.06060606060606061
0.2727272727272727
0.6
0.375
0.23076923076923078
0.4
0.25
0.75
0.0
0.18181818181818182
0.5
0.375
0.2857142857142857
0.5
0.075
1.0
0.2857142857142857
0.15789473684210525
0.4444444444444444
0.14285714285714285
0.75
0.25
0.14285714285714285
0.14285714285714285
1.0
0.07692307692307693
0.6
0.2857142857142857
0.2727272727272727
0.3333333333333333
0.6
0.6
0.6
0.19230769230769232
0.2
0.04878048780487805
0.2727272727272727
0.24
0.5714285714285714
0.6363636363636364
0.6
0.6
0.14285714285714285
0.15384615384615385
1.0
0.2857142857142857
0.8
0.7777777777777778
0.043478260869565216
0.8571428571428571
0.034482758620689655
0.3333333333333333
0.25
0.25
0.3333333333333333
0.8
0.6666666666666666
0.0
0.2608695652173913
0.15384615384615385
0.14285714285714285
0.29411764705882354
0.21739130434782608
0.12903225806451613
0.2727272727272727
0.2
0.2
0.21428571428571427
0.2
0.6
0.07692307692307693
0.3076923076923077
0.3684210526315789
0.5
0.8571428571428571
0.07017543859649122
0.04878048780487805
1.0
0.0
0.19607843137254902
0.18604651162790697
0.4
0.21428571428571427
0.01694915254237288
0.2
0.375
0.09090909090909091
0.16666666666666666
0.5
0.25
0.21428571428571427
0.5
0.0
0.2857142857142857
0.03125
0.14285714285714285
0.6
0.36363636363636365
0.8
0.29411764705882354
0.3333333333333333
0.42857142857142855
1.0
0.15384615384615385
0.5
0.8333333333333334
0.11363636363636363
0.3333333333333333
0.0
0.10256410256410256
0.12
0.3333333333333333
0.4
0.8333333333333334
0.5
0.8
0.375
0.0
0.5
0.4
0.5
0.2
0.13636363636363635
0.42857142857142855
0.3333333333333333
0.18181818181818182
0.14035087719298245
0.17647058823529413
0.8
0.23076923076923078
0.375
0.21428571428571427
0.25
0.0
0.16
0.36363636363636365
0.3333333333333333
0.2
0.1
0.2
0.25
0.7272727272727273
0.07142857142857142
0.125
0.15384615384615385
0.15384615384615385
0.6
0.11764705882352941
0.06666666666666667
0.1111111111111111
0.125
0.3157894736842105
0.5714285714285714
0.0
0.26666666666666666
0.08695652173913043
0.8
0.16666666666666666
0.125
0.5
0.14285714285714285
0.29411764705882354
0.125
0.375
0.6
0.1111111111111111
0.42857142857142855
0.5
0.6
0.1
0.3
0.4
0.5
0.14285714285714285
0.4
0.5454545454545454
0.2
0.25
0.5714285714285714
0.5
0.14285714285714285
0.4
0.0
0.38461538461538464
0.08823529411764706
0.25
1.0
1.0
0.14285714285714285
0.2857142857142857
0.5
0.2857142857142857
0.5714285714285714
0.0
0.2
0.3333333333333333
0.13636363636363635
0.5714285714285714
0.3333333333333333
0.4
0.5
1.0
0.2222222222222222
0.6666666666666666
0.0
0.2
0.6363636363636364
0.7142857142857143
0.375
0.75
0.6
0.35714285714285715
0.0
0.45454545454545453
0.3333333333333333
0.2
0.42857142857142855
0.3333333333333333
0.36363636363636365
0.1
0.2222222222222222
0.2222222222222222
0.15254237288135594
0.7
0.0
0.5
0.2
1.0
0.13636363636363635
0.2777777777777778
0.2727272727272727
0.2857142857142857
0.3
0.037037037037037035
0.4
0.7142857142857143
0.5714285714285714
0.13636363636363635
0.75
0.5
0.6666666666666666
0.125
0.17647058823529413
0.2727272727272727
0.625
0.5
1.0
0.3076923076923077
0.6666666666666666
0.2
0.3076923076923077
0.6
0.09615384615384616
0.06666666666666667
0.2222222222222222
0.42857142857142855
0.6666666666666666
0.2857142857142857
0.6666666666666666
0.3333333333333333
0.0
0.18181818181818182
0.0
0.6
0.5
0.3333333333333333
0.29411764705882354
1.0
1.0
0.375
0.25
0.2727272727272727
0.3076923076923077
0.16666666666666666
0.5454545454545454
0.0
0.4
0.14285714285714285
0.25
0.5
0.2727272727272727
0.2
0.05970149253731343
0.15
0.3333333333333333
0.5
0.3333333333333333
0.25
0.14285714285714285
0.26666666666666666
0.3333333333333333
0.5
0.16666666666666666
0.6
0.5
0.1
0.125
0.30434782608695654
0.42857142857142855
0.16666666666666666
0.3076923076923077
0.35294117647058826
0.2
0.6
0.2222222222222222
0.75
0.12727272727272726
0.25
0.2222222222222222
0.2
0.038461538461538464
0.29411764705882354
0.36363636363636365
0.8888888888888888
0.17857142857142858
0.16666666666666666
0.2
0.25
0.14285714285714285
0.6
0.23076923076923078
0.2
0.37037037037037035
0.0
0.5714285714285714
0.3076923076923077
0.1111111111111111
0.375
0.5714285714285714
0.4
0.3
0.625
0.6666666666666666
0.2857142857142857
0.05128205128205128
0.2857142857142857
0.6666666666666666
0.2857142857142857
0.75
0.3333333333333333
0.2777777777777778
0.5
0.16666666666666666
0.1111111111111111
0.3333333333333333
0.16666666666666666
0.3333333333333333
0.04
0.2
0.42857142857142855
0.1111111111111111
0.25
0.14285714285714285
0.5714285714285714
0.4117647058823529
0.16666666666666666
0.09090909090909091
0.1
0.2857142857142857
0.4666666666666667
0.25
0.6
0.35294117647058826
0.42857142857142855
0.07547169811320754
0.3076923076923077
0.375
0.5
0.17142857142857143
0.25
0.5
0.15384615384615385
0.14285714285714285
0.11764705882352941
0.32
0.20512820512820512
0.1111111111111111
0.125
0.3
0.21428571428571427
1.0
0.5
0.2857142857142857
0.5833333333333334
0.25
0.1
0.3333333333333333
0.4
0.16666666666666666
0.15384615384615385
0.5
0.2
0.07142857142857142
0.07142857142857142
0.07272727272727272
0.5
0.5
0.14285714285714285
0.3157894736842105
0.4
0.6
0.4117647058823529
0.08333333333333333
0.0
0.125
0.2857142857142857
0.09090909090909091
0.2857142857142857
0.8
0.17142857142857143
0.25
0.3333333333333333
0.4
0.4
0.10714285714285714
0.5
0.16666666666666666
0.4
0.0
0.06896551724137931
0.25
0.75
0.1724137931034483
0.36363636363636365
0.15384615384615385
0.42857142857142855
0.14285714285714285
0.0
0.4444444444444444
0.5
0.05
0.25
0.6666666666666666
0.42857142857142855
0.5
0.21052631578947367
0.2
0.5714285714285714
0.05
0.09090909090909091
0.16666666666666666
0.75
0.1111111111111111
0.375
0.4444444444444444
0.2
0.14285714285714285
0.2727272727272727
0.16326530612244897
0.6
0.4
1.0
0.16666666666666666
0.2
0.5
0.0
0.08333333333333333
0.09090909090909091
0.75
0.1111111111111111
0.2857142857142857
0.375
0.5
0.17391304347826086
0.5
0.2857142857142857
0.16666666666666666
0.47619047619047616
0.5
0.21739130434782608
0.3333333333333333
0.29411764705882354
0.5714285714285714
0.0
0.3333333333333333
0.25
0.25
0.13333333333333333
0.3333333333333333
0.4
0.09090909090909091
0.35
0.125
0.25
0.4
0.13333333333333333
0.0
0.16666666666666666
1.0
0.16666666666666666
0.2727272727272727
0.3333333333333333
0.6
0.0
0.13636363636363635
0.5833333333333334
0.3076923076923077
0.14285714285714285
0.6666666666666666
0.3333333333333333
0.029411764705882353
0.6
0.5833333333333334
0.2
0.2
0.6666666666666666
0.1111111111111111
0.3
0.1875
0.2857142857142857
0.6
0.5
0.34615384615384615
0.42857142857142855
0.3333333333333333
0.1111111111111111
0.23529411764705882
0.13636363636363635
0.5384615384615384
0.25
0.3
0.28125
0.2857142857142857
0.4
0.8333333333333334
0.375
0.5
0.0
0.4
0.18181818181818182
0.6
0.0
0.45454545454545453
0.16
0.06666666666666667
0.125
0.07692307692307693
0.5555555555555556
0.0
0.2
0.4444444444444444
0.0
0.125
0.5
0.06666666666666667
0.36363636363636365
0.0
1.0
0.4
0.5555555555555556
0.2
0.25
0.16666666666666666
0.3333333333333333
0.2
0.13333333333333333
0.6
1.0
0.2
0.25
0.4
0.5714285714285714
0.3333333333333333
0.1111111111111111
0.6666666666666666
0.16666666666666666
0.42857142857142855
0.1
0.4166666666666667
0.2222222222222222
0.5
0.0
0.0
0.23529411764705882
0.5
0.1111111111111111
0.19047619047619047
0.2857142857142857
0.4444444444444444
0.17857142857142858
0.5
0.29411764705882354
0.2
0.3333333333333333
0.125
0.17142857142857143
0.07692307692307693
0.1568627450980392
0.3125
0.25
0.2857142857142857
0.10810810810810811
0.42857142857142855
0.42857142857142855
0.5
0.3076923076923077
0.25
0.2
0.06666666666666667
1.0
0.1111111111111111
0.3125
0.2
0.6153846153846154
0.0
0.3125
0.0
0.21212121212121213
0.0
1.0
0.14545454545454545
0.75
0.6
0.5714285714285714
0.5
0.3333333333333333
0.15789473684210525
0.23529411764705882
0.3333333333333333
0.25
0.8
0.2692307692307692
0.0
0.75
0.2222222222222222
0.6
1.0
0.07017543859649122
0.8
0.0
0.13513513513513514
0.42857142857142855
0.2857142857142857
0.7
0.2
0.6
0.5333333333333333
0.4
1.0
0.3125
0.25
0.11267605633802817
0.25
0.5
0.4666666666666667
0.8
0.4444444444444444
0.17307692307692307
0.10256410256410256
1.0
0.1111111111111111
0.5
0.4
0.14
0.5
0.75
0.4
0.07246376811594203
0.42857142857142855
0.17777777777777778
0.42857142857142855
0.23076923076923078
0.5833333333333334
0.42857142857142855
0.2857142857142857
0.10526315789473684
0.6
0.10344827586206896
0.2857142857142857
0.6
0.4
0.8
0.3333333333333333
0.18181818181818182
0.3076923076923077
0.42857142857142855
0.38461538461538464
0.16666666666666666
0.14285714285714285
0.0
0.5714285714285714
0.7777777777777778
0.375
0.4
0.75
0.12857142857142856
0.6
0.3076923076923077
0.8181818181818182
0.1111111111111111
0.3333333333333333
0.07692307692307693
0.4
0.06451612903225806
0.5
0.5
0.14285714285714285
0.06666666666666667
0.14285714285714285
0.625
0.4166666666666667
0.16666666666666666
0.23529411764705882
0.5
0.5625
0.42857142857142855
0.4
0.17647058823529413
0.25
0.8
0.18181818181818182
0.42857142857142855
0.21428571428571427
0.5
0.8
0.12048192771084337
0.25
0.7142857142857143
0.4
0.0
0.2
0.42857142857142855
0.2
0.08333333333333333
0.5
0.25
0.2222222222222222
0.42857142857142855
0.2
0.4166666666666667
0.23529411764705882
0.12
0.5
0.2222222222222222
0.0
0.2
0.29411764705882354
0.6
0.8333333333333334
0.23809523809523808
0.8
0.2857142857142857
0.5882352941176471
0.7
0.35714285714285715
0.0
0.6
0.25
0.2222222222222222
0.5
0.1
0.1282051282051282
0.375
0.5
0.7142857142857143
0.1935483870967742
0.3333333333333333
0.5
0.0
0.16666666666666666
0.2857142857142857
0.3333333333333333
0.2413793103448276
0.07692307692307693
0.0
0.2
0.8
0.09090909090909091
0.5
0.5625
0.4
0.5
0.14285714285714285
0.7
0.24242424242424243
0.4
0.2
0.25
0.25
0.09375
0.5
0.0
0.3
0.25
0.3333333333333333
0.21052631578947367
0.09090909090909091
0.041666666666666664
0.14285714285714285
0.2857142857142857
0.14285714285714285
0.5
0.14285714285714285
0.1346153846153846
0.08196721311475409
0.75
0.3
0.875
1.0
0.6666666666666666
0.6
0.1
0.07692307692307693
0.0
0.8333333333333334
1.0
0.21428571428571427
0.4
0.17073170731707318
0.1111111111111111
0.2857142857142857
0.8
0.25
0.5
0.3333333333333333
0.375
0.2727272727272727
0.75
0.3333333333333333
0.2727272727272727
0.5384615384615384
0.5
0.38461538461538464
0.14285714285714285
0.5
0.2727272727272727
0.3333333333333333
0.8
0.2
0.16666666666666666
0.6666666666666666
0.1111111111111111
0.8
0.15384615384615385
0.2222222222222222
0.2
0.20588235294117646
0.2727272727272727
0.23076923076923078
0.5
0.2
0.8888888888888888
0.125
0.42857142857142855
0.14285714285714285
0.42857142857142855
0.625
0.07142857142857142
0.125
0.16666666666666666
0.0
0.3333333333333333
0.5
0.2
0.6
0.3333333333333333
0.23076923076923078
0.16666666666666666
0.4
0.26666666666666666
0.34782608695652173
0.2857142857142857
0.42857142857142855
0.10526315789473684
0.875
0.2857142857142857
0.0
0.06666666666666667
0.6666666666666666
0.14285714285714285
0.3
0.3333333333333333
0.5
0.4
0.2631578947368421
0.8
0.6
0.4
0.047619047619047616
0.42857142857142855
0.2222222222222222
0.25
0.7272727272727273
0.42857142857142855
0.75
0.36363636363636365
0.09090909090909091
0.11764705882352941
0.08695652173913043
0.16
0.3888888888888889
0.6
0.35294117647058826
0.16666666666666666
0.1111111111111111
0.375
0.4
0.16666666666666666
0.8181818181818182
0.6
0.3333333333333333
0.07692307692307693
0.0
0.23076923076923078
0.07142857142857142
0.3333333333333333
0.14285714285714285
0.23076923076923078
0.75
1.0
0.0
0.25
0.2857142857142857
0.16666666666666666
0.045871559633027525
0.4
0.375
0.375
0.14285714285714285
0.38461538461538464
0.42857142857142855
0.14285714285714285
0.3333333333333333
0.5714285714285714
0.14285714285714285
0.8
0.15789473684210525
0.14285714285714285
0.375
0.2857142857142857
0.3333333333333333
0.2222222222222222
0.125
0.625
0.26666666666666666
0.11627906976744186
0.02702702702702703
0.5
0.2727272727272727
0.2857142857142857
0.5
0.6
0.2222222222222222
0.14285714285714285
0.5555555555555556
0.4
1.0
0.6666666666666666
0.3333333333333333
0.42857142857142855
0.2222222222222222
0.16666666666666666
0.6
0.13636363636363635
0.125
0.2
0.2727272727272727
0.0
0.42857142857142855
0.6
0.5
0.5714285714285714
0.0625
0.3333333333333333
0.3333333333333333
0.5
0.09090909090909091
0.75
0.15384615384615385
0.16666666666666666
0.04878048780487805
0.4375
0.5
0.375
0.2
0.0
0.17647058823529413
0.75
0.0625
0.8571428571428571
0.6666666666666666
1.0
0.3448275862068966
0.36363636363636365
0.6
0.3333333333333333
0.125
0.6
0.2
0.3333333333333333
0.08333333333333333
0.25
0.2
0.15384615384615385
0.5
0.5
0.2
0.125
0.0625
0.45454545454545453
0.12
0.2857142857142857
0.6
0.7142857142857143
0.0
0.8333333333333334
0.28
0.6
0.5
0.6
0.5
0.6666666666666666
0.2857142857142857
0.2
0.75
0.0
0.2
0.16666666666666666
0.5714285714285714
0.13636363636363635
0.6
0.0
0.3
0.25
0.8333333333333334
0.15555555555555556
0.29411764705882354
0.2
0.3
0.0
0.06666666666666667
0.16666666666666666
0.46153846153846156
0.0
0.11363636363636363
0.8
0.4
0.75
0.7142857142857143
0.75
0.15789473684210525
0.625
0.08333333333333333
1.0
0.3333333333333333
0.1
0.19047619047619047
0.2222222222222222
0.0
0.25
0.13043478260869565
0.8888888888888888
0.5
0.25
0.6666666666666666
0.2
0.3333333333333333
0.3333333333333333
0.2
0.1111111111111111
0.16666666666666666
0.75
0.3333333333333333
0.22727272727272727
0.07692307692307693
0.5
0.5555555555555556
0.25
0.3333333333333333
0.36363636363636365
0.03389830508474576
0.4166666666666667
0.6666666666666666
0.08333333333333333
0.5333333333333333
0.6
0.2857142857142857
0.7272727272727273
0.14634146341463414
0.11764705882352941
0.3333333333333333
0.4444444444444444
0.6
0.4
0.2727272727272727
0.16666666666666666
0.47058823529411764
0.14285714285714285
0.5384615384615384
0.14285714285714285
0.5
0.3333333333333333
0.15384615384615385
0.0
0.2
0.10344827586206896
0.3333333333333333
0.75
0.8
0.2727272727272727
0.34782608695652173
0.2
0.6666666666666666
0.125
0.3333333333333333
0.16279069767441862
0.3333333333333333
0.024390243902439025
0.1111111111111111
0.07142857142857142
0.2
0.3
0.6
0.2727272727272727
0.4666666666666667
0.6
0.3333333333333333
0.6
0.2222222222222222
0.5
0.25
0.43478260869565216
0.391304347826087
1.0
0.6666666666666666
0.6
0.6666666666666666
0.4
0.11538461538461539
0.16666666666666666
0.25
0.42857142857142855
0.1
0.5
0.3333333333333333
0.2857142857142857
0.20689655172413793
0.15
0.05084745762711865
0.7777777777777778
0.8
0.8571428571428571
0.2857142857142857
0.3333333333333333
0.1
0.2727272727272727
0.16666666666666666
0.7777777777777778
0.36363636363636365
0.21052631578947367
0.05714285714285714
0.25
0.1111111111111111
0.16666666666666666
0.6666666666666666
0.3333333333333333
0.16666666666666666
0.0
0.3076923076923077
0.2857142857142857
0.5454545454545454
0.14285714285714285
0.4117647058823529
0.4444444444444444
0.3333333333333333
0.2222222222222222
0.6666666666666666
0.5555555555555556
0.625
0.8
0.4
0.35294117647058826
0.23809523809523808
0.4
0.125
0.2647058823529412
0.0625
0.0
0.2
0.0
0.5555555555555556
0.16666666666666666
0.0
0.2222222222222222
0.2777777777777778
0.1
0.1
0.25
0.5714285714285714
0.35714285714285715
0.2
0.4
0.09375
0.6
0.5
0.4
0.42857142857142855
0.36363636363636365
0.8333333333333334
0.0
0.11904761904761904
0.75
0.16666666666666666
0.4
0.2
0.15384615384615385
0.16666666666666666
0.4444444444444444
0.20689655172413793
0.4
0.1111111111111111
0.3333333333333333
0.5
0.3076923076923077
0.125
0.0
0.0
0.13793103448275862
0.25
0.5
0.08333333333333333
0.625
0.42857142857142855
0.2
0.10714285714285714
0.1
0.25
0.2727272727272727
0.09523809523809523
0.5294117647058824
0.5555555555555556
0.0
0.5
0.7
0.2857142857142857
0.25
0.625
0.11764705882352941
0.014285714285714285
0.375
0.16666666666666666
0.18181818181818182
0.23076923076923078
0.375
0.1875
0.3333333333333333
0.1
1.0
0.07692307692307693
0.2
0.6666666666666666
0.5384615384615384
1.0
0.2
0.14285714285714285
0.09722222222222222
0.5294117647058824
0.25
0.42857142857142855
0.45454545454545453
0.6
0.1875
0.26666666666666666
0.06666666666666667
0.4
0.3333333333333333
0.18181818181818182
0.26666666666666666
0.0
0.15384615384615385
0.2
0.75
0.3333333333333333
0.2857142857142857
0.3076923076923077
0.0
0.3333333333333333
0.5384615384615384
1.0
0.25
0.14285714285714285
0.3333333333333333
0.2
0.8
1.0
0.17647058823529413
0.6
0.0
0.45454545454545453
0.8333333333333334
0.5
0.2916666666666667
0.0625
0.13513513513513514
0.3
0.16129032258064516
0.25
0.0
0.08333333333333333
0.6
0.1
0.25
0.8571428571428571
0.16666666666666666
0.03333333333333333
0.23076923076923078
0.2
0.16666666666666666
0.625
0.2
0.6
0.2857142857142857
0.2
0.11428571428571428
0.36363636363636365
0.4
0.1111111111111111
0.02631578947368421
0.3333333333333333
0.6363636363636364
0.47058823529411764
0.8
0.17647058823529413
0.2
0.26666666666666666
0.5714285714285714
0.625
0.0
0.16666666666666666
0.29411764705882354
0.4
0.05263157894736842
0.4117647058823529
0.2222222222222222
0.2857142857142857
0.45454545454545453
0.18518518518518517
0.0
0.3333333333333333
0.25
0.21739130434782608
0.25
0.6666666666666666
0.15384615384615385
0.4
0.2
0.2857142857142857
0.20588235294117646
0.75
0.16129032258064516
0.47619047619047616
0.0
0.42857142857142855
0.4
0.6666666666666666
0.6363636363636364
0.2222222222222222
0.18181818181818182
0.2222222222222222
0.06521739130434782
0.26666666666666666
0.3
0.10344827586206896
0.3333333333333333
0.3
0.16666666666666666
0.0
0.4
0.25
1.0
0.16666666666666666
0.25
0.1
0.75
0.6666666666666666
0.8333333333333334
0.2
0.06451612903225806
0.2857142857142857
0.36363636363636365
0.8571428571428571
0.2
0.4117647058823529
0.09375
0.25
0.21428571428571427
0.4
0.42857142857142855
0.6
0.11538461538461539
0.6
0.2857142857142857
0.2777777777777778
0.2222222222222222
0.5
0.6
0.18181818181818182
0.0
0.8
0.3
0.375
0.16666666666666666
0.16666666666666666
0.2
0.07692307692307693
0.5
0.26666666666666666
0.16666666666666666
1.0
0.16666666666666666
0.16666666666666666
0.14285714285714285
0.4
0.5
0.4
0.75
0.75
0.0
0.5
0.8
0.25
0.7142857142857143
0.375
0.5
0.3333333333333333
0.8333333333333334
0.23076923076923078
0.75
0.07692307692307693
0.375
0.2857142857142857
0.5
0.2857142857142857
0.625
0.2857142857142857
0.7272727272727273
0.5
0.2
0.3
0.46153846153846156
0.3125
0.25
0.2
0.5
0.2
0.375
0.11475409836065574
0.5
0.14285714285714285
0.2222222222222222
0.3333333333333333
0.10101010101010101
0.0
0.21052631578947367
0.29411764705882354
0.5714285714285714
0.2727272727272727
0.18181818181818182
0.14285714285714285
0.4444444444444444
0.5
0.5
0.25
0.03571428571428571
0.5
0.36363636363636365
0.2
0.2
0.2
0.2727272727272727
0.2647058823529412
0.4666666666666667
0.7777777777777778
0.058823529411764705
0.13793103448275862
0.4
0.3333333333333333
0.2
0.1111111111111111
0.2857142857142857
0.2
0.16666666666666666
0.47619047619047616
0.18181818181818182
0.42857142857142855
0.125
0.1956521739130435
0.25
0.7272727272727273
0.09090909090909091
0.42857142857142855
0.3333333333333333
0.5
0.6
0.2857142857142857
0.0
0.37037037037037035
1.0
0.375
0.13333333333333333
0.6666666666666666
0.8
0.25
0.23076923076923078
0.7142857142857143
0.21428571428571427
0.11764705882352941
0.6
0.42857142857142855
0.5555555555555556
0.6
0.2
0.75
0.2
0.6
0.26666666666666666
0.8
0.3333333333333333
0.6
0.75
0.2
0.1111111111111111
0.8
0.14035087719298245
0.1111111111111111
0.5
0.4444444444444444
0.08333333333333333
0.08571428571428572
0.25
0.16666666666666666
0.36363636363636365
0.3333333333333333
0.2
0.5555555555555556
0.6666666666666666
0.12903225806451613
0.3333333333333333
0.4
0.09375
0.0
0.18181818181818182
0.2
0.23529411764705882
0.2
0.42857142857142855
0.2857142857142857
0.25
0.6666666666666666
0.1
0.4
0.1875
0.8333333333333334
1.0
0.0
0.6
0.4
0.16666666666666666
0.16666666666666666
0.5555555555555556
0.5714285714285714
0.25
0.23809523809523808
0.2222222222222222
0.5
0.25806451612903225
0.2
0.42857142857142855
0.25
