0.375
0.1
0.0
0.16666666666666666
0.1111111111111111
0.6666666666666666
0.26666666666666666
0.4444444444444444
0.6666666666666666
0.4
0.3508771929824561
0.16666666666666666
0.26666666666666666
0.625
0.6666666666666666
0.0
0.6666666666666666
0.5
0.16666666666666666
0.07692307692307693
0.16666666666666666
0.5714285714285714
0.125
0.375
0.8
0.4
0.6
0.75
0.0
0.2222222222222222
0.21951219512195122
0.6
0.5714285714285714
0.25
0.3333333333333333
0.8
0.42857142857142855
0.6666666666666666
0.20833333333333334
0.26666666666666666
0.3333333333333333
0.5
0.4
0.7142857142857143
0.07692307692307693
0.25
0.75
0.8888888888888888
0.0
0.6363636363636364
0.3333333333333333
0.25
0.375
0.4
0.125
0.5
0.75
0.12
1.0
0.1
1.0
0.022222222222222223
0.4
0.16666666666666666
0.2857142857142857
0.25
0.2
0.38461538461538464
0.14285714285714285
0.3
0.42857142857142855
0.0
0.3333333333333333
0.8
0.2857142857142857
0.25
0.2
0.0
0.7272727272727273
0.3333333333333333
0.18032786885245902
0.4
0.4444444444444444
0.2
0.0
0.125
0.3333333333333333
0.5
0.4666666666666667
0.2857142857142857
0.6
1.0
0.11764705882352941
0.2
0.2222222222222222
0.21739130434782608
0.2
0.23076923076923078
0.8
0.14285714285714285
0.2
0.2
0.2
0.6
0.4
0.15384615384615385
0.18181818181818182
0.4444444444444444
0.4
0.8333333333333334
0.4444444444444444
0.42857142857142855
0.2727272727272727
0.5294117647058824
0.0
0.18181818181818182
0.18181818181818182
0.11538461538461539
0.5555555555555556
0.5
0.2857142857142857
0.4
0.42857142857142855
0.08333333333333333
0.375
0.15217391304347827
0.4
0.20588235294117646
0.36363636363636365
0.15384615384615385
0.2857142857142857
0.0
0.14285714285714285
0.0
0.5
0.42857142857142855
0.2727272727272727
0.5
0.11627906976744186
0.7272727272727273
0.4
0.15789473684210525
0.14285714285714285
0.14285714285714285
1.0
0.09090909090909091
0.4
0.18181818181818182
0.8
0.14285714285714285
0.3684210526315789
0.5
0.0
1.0
0.25
0.3125
0.23809523809523808
0.4166666666666667
0.7777777777777778
0.4
0.11475409836065574
0.10526315789473684
0.2
0.5
0.4
0.27586206896551724
0.3333333333333333
0.42857142857142855
0.6666666666666666
0.9
0.4
0.3023255813953488
0.16666666666666666
1.0
0.2857142857142857
0.2
0.6666666666666666
0.2727272727272727
0.16666666666666666
0.4
0.75
1.0
0.2857142857142857
0.75
0.3225806451612903
0.5714285714285714
0.25
0.07692307692307693
0.6
0.3333333333333333
0.17721518987341772
0.42857142857142855
0.4
0.6666666666666666
0.2727272727272727
0.22988505747126436
0.18181818181818182
0.8
0.0
0.4
0.3333333333333333
0.3333333333333333
0.5
0.21428571428571427
0.625
0.19047619047619047
0.2857142857142857
0.34210526315789475
0.3684210526315789
0.2
0.5
0.25
0.5
0.3
0.38095238095238093
0.6666666666666666
0.7
0.0
0.625
0.6428571428571429
0.4117647058823529
1.0
0.5
0.4
0.21052631578947367
0.2222222222222222
0.3333333333333333
0.25
0.5714285714285714
0.34782608695652173
0.13333333333333333
0.375
0.22580645161290322
0.5714285714285714
1.0
0.4
0.65
0.5
0.5
0.5
0.5714285714285714
0.0
0.18181818181818182
0.8461538461538461
0.6363636363636364
0.7272727272727273
0.25
0.3333333333333333
0.21428571428571427
0.16666666666666666
0.25
0.4
0.46153846153846156
0.5
1.0
0.4
0.5833333333333334
0.6
1.0
0.25
0.2857142857142857
0.5
0.4
0.35294117647058826
0.1
1.0
1.0
1.0
0.6
0.3333333333333333
0.6666666666666666
0.14814814814814814
0.5384615384615384
0.3333333333333333
0.25
0.8333333333333334
0.2
0.2
0.2777777777777778
0.25
0.5
0.7142857142857143
0.8
0.5
0.8333333333333334
0.06451612903225806
0.16666666666666666
0.3333333333333333
0.5714285714285714
0.0
0.16666666666666666
0.5
0.2
0.42857142857142855
0.2727272727272727
1.0
0.3333333333333333
0.3333333333333333
0.17391304347826086
0.16666666666666666
0.1
0.38095238095238093
1.0
0.6
0.5
0.5
0.034482758620689655
0.375
0.3333333333333333
0.2857142857142857
0.1875
0.2
0.875
0.19047619047619047
0.5714285714285714
0.8
0.375
0.3333333333333333
0.14285714285714285
0.8333333333333334
0.4
0.25925925925925924
0.625
0.16666666666666666
0.25
0.0625
0.4444444444444444
0.4
0.625
0.75
1.0
0.4
0.375
0.09302325581395349
0.0
0.8
0.18421052631578946
1.0
0.6666666666666666
0.8333333333333334
0.75
0.14285714285714285
0.5
0.35714285714285715
0.0
0.25
0.6666666666666666
0.4375
0.5
0.0
0.6
1.0
0.4
1.0
0.8
0.3333333333333333
0.5
0.14285714285714285
0.6
0.25
0.1509433962264151
0.17647058823529413
0.15384615384615385
0.25
0.4166666666666667
0.30434782608695654
0.25
0.375
0.25
0.17647058823529413
0.42857142857142855
0.3333333333333333
0.4444444444444444
0.16666666666666666
0.6
0.6
0.25
0.12962962962962962
0.14285714285714285
0.42857142857142855
0.8
0.2222222222222222
0.75
0.6
0.45454545454545453
0.42857142857142855
0.6
0.4
0.42857142857142855
1.0
0.5
0.14705882352941177
0.8
0.6
0.3333333333333333
0.45454545454545453
0.5833333333333334
0.25
0.43478260869565216
0.2
0.2222222222222222
0.3333333333333333
0.5
0.058823529411764705
0.75
0.25
0.75
0.14285714285714285
0.8571428571428571
0.2857142857142857
0.4
0.7777777777777778
0.5
0.25
0.2127659574468085
0.6111111111111112
0.6666666666666666
0.34285714285714286
0.5
0.25
0.7333333333333333
0.5
0.38461538461538464
0.5
0.20833333333333334
0.16666666666666666
0.5714285714285714
0.25
0.25
0.08333333333333333
0.0
0.2
0.5454545454545454
0.4444444444444444
0.1590909090909091
0.75
0.3
0.13636363636363635
0.14285714285714285
0.5
0.5
0.07692307692307693
0.6111111111111112
0.21621621621621623
0.42857142857142855
1.0
0.8571428571428571
0.36363636363636365
0.375
0.1
0.6
0.4
0.2
0.5555555555555556
0.5454545454545454
0.4
0.07142857142857142
0.5714285714285714
0.2727272727272727
0.375
0.8181818181818182
0.8
0.3
0.3333333333333333
0.08108108108108109
0.16666666666666666
0.8
0.5
0.5
0.16
0.2
0.05555555555555555
0.6666666666666666
0.2222222222222222
1.0
0.23529411764705882
1.0
0.08333333333333333
0.5
0.15384615384615385
0.5789473684210527
0.45454545454545453
0.6
0.5
0.36363636363636365
0.4
0.2
0.3684210526315789
0.5
0.42857142857142855
0.3333333333333333
0.16666666666666666
0.3333333333333333
0.875
0.5
0.5555555555555556
0.4
0.5714285714285714
0.2727272727272727
0.8
0.3333333333333333
0.2
0.125
0.14285714285714285
0.9
0.5238095238095238
0.42857142857142855
0.2898550724637681
0.4444444444444444
0.5454545454545454
0.4
0.4666666666666667
0.6666666666666666
0.2222222222222222
0.3333333333333333
0.42857142857142855
0.3333333333333333
0.2727272727272727
0.35
0.4
0.16666666666666666
0.14285714285714285
0.0
0.09090909090909091
0.0
0.6666666666666666
0.5555555555555556
0.4
0.375
0.28
0.375
0.125
0.4
0.3
0.3333333333333333
0.05263157894736842
0.21428571428571427
0.6
0.1724137931034483
0.5
0.17307692307692307
0.75
0.2857142857142857
0.13725490196078433
0.21951219512195122
0.6363636363636364
0.16666666666666666
0.2
0.4
0.75
0.2727272727272727
0.36363636363636365
0.375
0.5714285714285714
0.36363636363636365
0.09090909090909091
0.2857142857142857
0.3684210526315789
0.8
0.375
0.8571428571428571
0.16666666666666666
0.35714285714285715
0.14285714285714285
0.09090909090909091
0.3333333333333333
0.6666666666666666
0.23529411764705882
0.5
0.7142857142857143
0.5
0.6666666666666666
0.4
0.4
0.2727272727272727
0.5
0.6923076923076923
0.2857142857142857
0.7142857142857143
0.8
0.5714285714285714
0.5217391304347826
0.6923076923076923
0.5
0.8
0.3333333333333333
0.42857142857142855
0.037037037037037035
0.3125
0.4666666666666667
0.4
0.125
0.16666666666666666
0.36363636363636365
0.07692307692307693
1.0
0.6666666666666666
0.0
0.2857142857142857
0.7
0.2857142857142857
0.2777777777777778
0.4
0.125
0.4
1.0
0.2
0.8333333333333334
0.5384615384615384
1.0
0.8333333333333334
0.4
0.6
0.6
0.0
0.375
0.5
0.3
0.6153846153846154
0.4444444444444444
0.5
0.6
0.5
0.75
0.3333333333333333
0.5555555555555556
0.6
0.7142857142857143
0.4
0.5
0.6
0.4666666666666667
0.4
0.4375
0.0
0.631578947368421
0.0
0.38461538461538464
0.15384615384615385
0.10810810810810811
0.5
0.35294117647058826
0.9230769230769231
1.0
0.35294117647058826
1.0
0.06060606060606061
0.125
0.6
0.6666666666666666
0.8
0.7142857142857143
0.5714285714285714
0.14285714285714285
0.19230769230769232
0.8
0.25
0.26666666666666666
0.6
0.18181818181818182
0.4
0.4
0.625
0.25
0.42857142857142855
0.75
0.4
0.2
0.16666666666666666
0.2608695652173913
0.08256880733944955
0.2
0.5
0.6666666666666666
0.0
1.0
0.2
0.125
0.875
0.13333333333333333
0.6
1.0
0.21428571428571427
0.5
0.4
0.2727272727272727
1.0
0.12244897959183673
0.02564102564102564
0.3333333333333333
1.0
0.2
0.125
0.42857142857142855
0.2
0.4444444444444444
0.6
0.5
0.18032786885245902
0.5555555555555556
0.5454545454545454
0.5714285714285714
0.25
0.5714285714285714
0.25
0.5
0.25
0.4
0.5
0.5
0.5714285714285714
0.6
0.4
0.21428571428571427
0.0
0.3333333333333333
0.42105263157894735
0.6
0.0
0.2857142857142857
0.5714285714285714
0.3
0.4
0.8
0.5294117647058824
0.16666666666666666
0.25
0.5
0.2857142857142857
0.8
0.5714285714285714
0.6666666666666666
0.6666666666666666
0.07692307692307693
0.42857142857142855
0.3333333333333333
0.75
0.2222222222222222
0.16666666666666666
0.0
1.0
0.5
0.10714285714285714
0.6
0.12121212121212122
0.25
0.2222222222222222
0.35714285714285715
0.25
0.15384615384615385
0.25
0.15151515151515152
0.4
0.16666666666666666
0.25
0.8181818181818182
0.3333333333333333
0.875
0.4
0.45454545454545453
1.0
0.14285714285714285
0.9
0.75
0.3548387096774194
0.6666666666666666
0.13043478260869565
0.5
0.5
0.21739130434782608
0.6666666666666666
0.06077348066298342
0.4
0.09090909090909091
0.5
0.11764705882352941
0.5
0.42857142857142855
0.1111111111111111
0.45454545454545453
0.5
0.8
0.375
0.2
0.5714285714285714
0.21875
0.25
0.16666666666666666
0.35294117647058826
0.5
0.6
0.23076923076923078
0.3
0.09090909090909091
0.39285714285714285
0.2
0.2222222222222222
0.3076923076923077
0.42857142857142855
0.2857142857142857
0.9090909090909091
0.375
0.6
0.2826086956521739
0.0
0.2857142857142857
0.5
0.8
0.2
0.2
0.38461538461538464
0.6666666666666666
0.2222222222222222
0.375
0.18181818181818182
0.6470588235294118
0.42857142857142855
0.375
0.2
0.13636363636363635
0.8333333333333334
0.3
0.2727272727272727
0.8
0.8333333333333334
0.8
0.3333333333333333
0.7692307692307693
0.5217391304347826
0.4444444444444444
0.4
0.5
0.5
0.2222222222222222
0.6666666666666666
0.2727272727272727
0.6
0.1875
0.375
0.6666666666666666
0.14
0.36363636363636365
0.08571428571428572
0.5
0.0
0.14814814814814814
0.0
0.5
0.3333333333333333
0.7142857142857143
0.5
0.7
0.25
1.0
0.05
0.42857142857142855
0.5714285714285714
0.9
0.16666666666666666
0.4
0.3333333333333333
0.5714285714285714
0.375
0.14285714285714285
1.0
0.7142857142857143
0.3333333333333333
0.16666666666666666
0.125
0.8
0.4
0.3333333333333333
0.23529411764705882
1.0
0.34375
0.875
0.5555555555555556
0.08333333333333333
0.7
0.20833333333333334
1.0
0.12173913043478261
0.75
0.5555555555555556
0.14814814814814814
0.42857142857142855
0.14285714285714285
0.5
0.75
0.4375
0.6
0.2222222222222222
0.12121212121212122
0.36363636363636365
0.75
0.21052631578947367
1.0
0.8333333333333334
0.7142857142857143
0.6
0.5
0.8
0.42857142857142855
0.16666666666666666
0.3333333333333333
0.6
0.4
0.2777777777777778
0.13793103448275862
0.7
0.5
0.45454545454545453
0.4444444444444444
0.8333333333333334
0.18421052631578946
0.8
0.4
0.3333333333333333
0.2777777777777778
0.5
0.3333333333333333
0.6
0.07142857142857142
0.8
0.5
0.8181818181818182
0.6
0.6
0.15384615384615385
0.6
0.18181818181818182
0.1568627450980392
0.3333333333333333
1.0
0.42857142857142855
0.8
0.08333333333333333
0.5833333333333334
0.5
0.5
0.23809523809523808
0.3333333333333333
0.2
0.3
0.17391304347826086
0.6666666666666666
1.0
0.75
0.4
0.5
0.6
0.2727272727272727
0.2
0.6666666666666666
0.75
0.6
0.3333333333333333
1.0
0.375
0.8
0.5714285714285714
0.8
0.4
0.375
0.5
0.5
0.9166666666666666
0.26666666666666666
0.16666666666666666
0.4
0.7142857142857143
0.8
1.0
0.5
0.4666666666666667
0.25
0.0
0.2857142857142857
0.6666666666666666
0.2
0.125
0.1875
0.05
0.0
0.0
0.6666666666666666
0.16666666666666666
0.75
0.6666666666666666
1.0
0.8181818181818182
0.36363636363636365
0.1
0.2619047619047619
0.8
0.20512820512820512
0.4
0.3333333333333333
0.09090909090909091
0.5
0.5
0.3333333333333333
0.9090909090909091
0.6
0.45454545454545453
0.5
0.25
0.125
0.6923076923076923
0.42857142857142855
0.125
0.75
1.0
0.18181818181818182
0.4
0.36
0.5
0.2608695652173913
0.15789473684210525
0.9333333333333333
0.3333333333333333
0.625
0.4
1.0
0.3333333333333333
0.6
0.2857142857142857
0.2727272727272727
0.3333333333333333
0.25
0.3333333333333333
0.8
0.14285714285714285
0.15384615384615385
0.4444444444444444
0.75
0.35294117647058826
0.8333333333333334
0.36363636363636365
0.0
0.5555555555555556
0.4444444444444444
0.2571428571428571
0.875
0.23529411764705882
0.8
0.24
0.625
0.6
0.2
0.5
0.6
0.8
0.23529411764705882
0.5
0.4
0.5
0.42857142857142855
0.8
0.5
0.8571428571428571
0.6
0.20833333333333334
0.7
0.8333333333333334
1.0
1.0
0.7142857142857143
0.42857142857142855
0.2857142857142857
0.5
0.75
0.6666666666666666
0.5
0.375
0.6
0.0
0.6666666666666666
0.6666666666666666
0.75
0.21052631578947367
0.0
0.75
0.38095238095238093
0.8
0.5
0.6
0.2916666666666667
0.2222222222222222
0.42857142857142855
0.0
0.17647058823529413
0.625
0.8
0.25
0.5
0.42105263157894735
0.6
0.6
0.36363636363636365
0.6
0.42857142857142855
0.8571428571428571
0.6
0.16666666666666666
0.3333333333333333
0.3
0.0
0.2777777777777778
0.6
0.45454545454545453
1.0
0.6
0.3333333333333333
0.375
0.5714285714285714
0.7
0.6666666666666666
0.175
0.75
0.5
0.0
0.8571428571428571
0.7142857142857143
0.8
0.42857142857142855
0.6
0.15789473684210525
0.3
0.6666666666666666
0.15384615384615385
0.14285714285714285
1.0
0.4166666666666667
0.12121212121212122
0.2222222222222222
0.6
0.5555555555555556
0.25
0.16666666666666666
0.42857142857142855
0.5714285714285714
0.5714285714285714
0.2857142857142857
0.5
0.6
0.3333333333333333
0.1
0.16666666666666666
0.5454545454545454
0.36666666666666664
0.6666666666666666
0.5
0.6
0.4
0.8333333333333334
0.14285714285714285
0.5
0.5
0.09090909090909091
0.16666666666666666
0.3333333333333333
0.6666666666666666
0.42857142857142855
0.25
0.18181818181818182
0.875
0.125
0.0
1.0
0.6
0.3333333333333333
0.4117647058823529
0.2857142857142857
0.2222222222222222
0.1
0.5
1.0
0.25
0.375
0.23076923076923078
0.8333333333333334
0.3333333333333333
0.03225806451612903
0.6
0.6
1.0
0.2
0.14285714285714285
0.15217391304347827
0.4444444444444444
0.42857142857142855
0.2727272727272727
0.8
1.0
0.10526315789473684
0.2
0.3611111111111111
0.6
0.15384615384615385
0.75
0.375
0.35714285714285715
0.5714285714285714
0.2
0.2
0.625
0.3
0.125
1.0
0.7777777777777778
0.5
0.3888888888888889
0.75
0.16666666666666666
0.6
0.4
0.5
0.0
0.14285714285714285
0.25
0.5882352941176471
0.10526315789473684
0.6666666666666666
0.8260869565217391
0.058823529411764705
0.14285714285714285
0.2
0.5714285714285714
0.11428571428571428
0.5294117647058824
0.07407407407407407
0.2857142857142857
0.6
0.5555555555555556
0.0
0.3157894736842105
0.18181818181818182
0.6
0.25
0.2857142857142857
0.18181818181818182
0.057971014492753624
0.42857142857142855
0.22727272727272727
0.6666666666666666
0.2857142857142857
0.22727272727272727
0.7142857142857143
0.16666666666666666
0.4
0.21052631578947367
0.4827586206896552
0.6
0.25
0.2
0.631578947368421
0.32608695652173914
0.6
0.6
0.25
0.0
0.5384615384615384
0.20833333333333334
0.5
0.16666666666666666
0.0
0.6428571428571429
0.9090909090909091
1.0
0.5
0.10714285714285714
0.7142857142857143
0.8
0.5
0.25
0.25
1.0
0.2692307692307692
0.25
1.0
0.6
0.4
0.5
0.8
0.3
0.26666666666666666
0.23529411764705882
0.75
0.8
0.0
0.42857142857142855
0.2
0.16666666666666666
0.0
0.8
1.0
0.2857142857142857
0.6
1.0
0.375
0.46153846153846156
0.4782608695652174
0.2
1.0
0.8571428571428571
0.16666666666666666
0.2222222222222222
1.0
0.8333333333333334
0.29545454545454547
0.6
0.7
0.3333333333333333
0.5
0.30434782608695654
0.25
0.75
0.5
0.7777777777777778
0.5333333333333333
0.2
0.46153846153846156
0.4482758620689655
0.375
0.3888888888888889
0.5
0.125
0.42857142857142855
0.3333333333333333
0.6
0.07142857142857142
0.0
0.18181818181818182
1.0
0.2857142857142857
0.25
0.8
1.0
0.13333333333333333
0.125
0.5
0.8888888888888888
0.38461538461538464
1.0
0.10526315789473684
0.23529411764705882
0.3333333333333333
0.25
0.75
0.3448275862068966
0.7142857142857143
0.5
0.0
0.16666666666666666
0.6
0.8888888888888888
0.6
0.625
0.3076923076923077
0.2
0.23529411764705882
1.0
0.36363636363636365
0.5714285714285714
1.0
0.22727272727272727
0.5
0.9
0.6666666666666666
1.0
0.3333333333333333
0.0
0.35294117647058826
0.25
0.2
0.2702702702702703
0.3333333333333333
0.6666666666666666
0.3333333333333333
0.4
0.041666666666666664
0.3333333333333333
0.6
0.5714285714285714
0.42857142857142855
0.25
0.42857142857142855
0.1
0.6
0.5
0.2857142857142857
0.2631578947368421
0.09523809523809523
0.8
0.3076923076923077
0.16666666666666666
0.5
0.4166666666666667
0.42857142857142855
0.2247191011235955
0.17391304347826086
0.5714285714285714
0.4
0.6
0.42857142857142855
0.75
0.23076923076923078
0.7777777777777778
0.3333333333333333
0.08333333333333333
0.25
0.5238095238095238
0.44
0.25
0.75
0.47058823529411764
0.2857142857142857
0.2
0.375
0.27586206896551724
1.0
0.75
0.26666666666666666
0.75
0.6666666666666666
0.3333333333333333
0.8
0.2777777777777778
0.5714285714285714
0.75
0.6666666666666666
1.0
0.8
1.0
0.3076923076923077
0.1282051282051282
0.75
0.25
0.3333333333333333
0.4
0.16666666666666666
0.2857142857142857
0.5
0.5833333333333334
0.08695652173913043
1.0
0.6923076923076923
0.4
0.7857142857142857
0.0
0.6666666666666666
0.8571428571428571
0.4
0.8888888888888888
0.6666666666666666
0.5
0.6
1.0
0.5714285714285714
1.0
0.75
0.09090909090909091
0.3157894736842105
0.15
0.42857142857142855
0.18181818181818182
0.1
0.5625
0.0625
0.5454545454545454
0.3333333333333333
0.6
0.2727272727272727
0.16666666666666666
0.6666666666666666
0.2857142857142857
0.0
0.75
0.4
0.5714285714285714
0.26666666666666666
0.38461538461538464
0.25
0.22727272727272727
0.14285714285714285
0.0
0.2857142857142857
0.2631578947368421
0.5
0.4090909090909091
0.32
0.45454545454545453
0.6428571428571429
0.75
0.4
0.2857142857142857
1.0
0.6666666666666666
0.75
0.6666666666666666
0.125
0.7
0.4
0.5333333333333333
0.75
0.25
0.23809523809523808
0.16666666666666666
0.0
0.26666666666666666
0.5
0.3
0.5
0.5714285714285714
0.4
0.21052631578947367
1.0
0.4583333333333333
0.5714285714285714
0.2
0.6666666666666666
0.8
0.3333333333333333
0.26666666666666666
0.2
0.42857142857142855
0.35
0.125
1.0
0.5
0.12195121951219512
0.375
0.6153846153846154
1.0
0.5
0.16666666666666666
0.2857142857142857
0.041666666666666664
0.8333333333333334
0.42857142857142855
0.6
0.23809523809523808
0.16666666666666666
0.18181818181818182
0.13793103448275862
0.2727272727272727
0.625
1.0
0.5
0.3
0.9
0.2857142857142857
1.0
0.0
0.25
0.1875
0.7272727272727273
0.16666666666666666
0.42857142857142855
0.6
0.5
0.875
0.4
0.4
0.6666666666666666
0.3333333333333333
0.8
0.1111111111111111
0.1794871794871795
0.5
0.34375
0.8
0.2
0.8
0.5
0.2
0.6
0.3333333333333333
0.125
0.8571428571428571
0.3333333333333333
0.8888888888888888
0.75
1.0
0.4
0.35294117647058826
0.02857142857142857
0.875
0.3333333333333333
1.0
0.36363636363636365
0.15853658536585366
1.0
0.4
1.0
0.8
0.42857142857142855
0.5384615384615384
0.4
0.17391304347826086
0.75
0.5
0.12
0.2857142857142857
0.09090909090909091
0.8
0.2
0.4
0.3333333333333333
0.35714285714285715
0.4
0.7272727272727273
0.7142857142857143
0.42857142857142855
0.3333333333333333
0.5
0.6
0.5
1.0
0.16666666666666666
1.0
0.37037037037037035
0.4
0.18181818181818182
0.3333333333333333
0.25
0.6
0.25
0.5714285714285714
0.4
0.8333333333333334
0.4
0.6
0.3333333333333333
0.22727272727272727
0.4444444444444444
0.25806451612903225
0.25
0.2857142857142857
0.3333333333333333
0.1111111111111111
0.8
0.04
0.5384615384615384
0.6
0.1956521739130435
0.47619047619047616
0.8
0.75
0.46153846153846156
0.1875
0.16666666666666666
0.6666666666666666
0.6
0.7272727272727273
0.4444444444444444
0.25
0.3333333333333333
0.25
0.8
1.0
0.6
0.4
0.16666666666666666
0.18181818181818182
0.6
0.2
0.0
0.3
0.2
0.2727272727272727
0.2727272727272727
0.20634920634920634
0.35
0.6
0.4444444444444444
0.0
0.6
0.5714285714285714
0.2222222222222222
0.8888888888888888
0.2777777777777778
0.17857142857142858
0.3181818181818182
0.16216216216216217
0.375
0.26666666666666666
0.4
0.5
0.5555555555555556
0.08333333333333333
0.25
0.25
0.11764705882352941
0.8333333333333334
0.2857142857142857
0.2857142857142857
0.2777777777777778
0.14285714285714285
1.0
0.42857142857142855
1.0
0.4166666666666667
0.5
0.18181818181818182
0.2
0.16666666666666666
1.0
0.5333333333333333
1.0
0.25
0.3
0.06666666666666667
0.5
0.4117647058823529
0.7272727272727273
0.16666666666666666
0.7727272727272727
0.375
0.4
0.625
0.3333333333333333
1.0
0.6428571428571429
0.8571428571428571
0.0967741935483871
0.8
0.5
0.25
0.5714285714285714
0.5
0.16393442622950818
0.42857142857142855
0.8
0.7142857142857143
0.5714285714285714
0.375
0.2
1.0
0.5
0.3125
0.2857142857142857
0.2857142857142857
0.5
0.3
0.3333333333333333
1.0
0.2222222222222222
0.42857142857142855
1.0
0.6
0.6
0.75
0.23076923076923078
0.375
0.13333333333333333
0.2
0.2857142857142857
0.7272727272727273
0.6
0.5882352941176471
0.05555555555555555
0.3333333333333333
0.5
0.5833333333333334
0.8333333333333334
0.5
0.42857142857142855
0.1
0.7142857142857143
1.0
0.2857142857142857
0.3333333333333333
0.14285714285714285
1.0
0.6666666666666666
0.0
0.4444444444444444
0.7142857142857143
0.3
0.6666666666666666
0.0
0.0
0.8
0.75
0.8
0.5
0.3076923076923077
0.2222222222222222
0.07692307692307693
0.45
1.0
0.1875
0.2
0.7692307692307693
0.5555555555555556
0.14285714285714285
0.8333333333333334
0.5
0.15789473684210525
0.4
0.42857142857142855
0.42857142857142855
0.38461538461538464
0.04918032786885246
0.4
0.8
0.5
0.4
0.0
0.6666666666666666
0.6
0.5714285714285714
0.36363636363636365
0.34375
0.5
0.5
0.6666666666666666
0.2857142857142857
0.6666666666666666
0.21428571428571427
0.15
0.42857142857142855
0.2857142857142857
0.09090909090909091
0.35714285714285715
0.3
0.3333333333333333
0.2857142857142857
0.75
0.4090909090909091
0.35714285714285715
0.4
0.20512820512820512
0.75
0.5
0.2962962962962963
0.5
0.125
0.4444444444444444
0.2727272727272727
0.3
0.42857142857142855
0.5714285714285714
0.5714285714285714
0.2727272727272727
0.5
0.09523809523809523
0.7
0.125
0.4
0.3333333333333333
0.17073170731707318
0.7272727272727273
0.2857142857142857
0.125
0.24
0.16666666666666666
0.0
0.18181818181818182
0.5
0.06896551724137931
0.14285714285714285
0.4
0.25
0.75
0.5
0.8333333333333334
0.6666666666666666
0.5
0.26666666666666666
0.375
0.6666666666666666
0.2857142857142857
0.3
0.3
0.13333333333333333
0.10526315789473684
0.4
0.6
0.6
0.45454545454545453
0.5
1.0
0.0
0.875
0.2857142857142857
0.5
0.3333333333333333
0.3333333333333333
0.3055555555555556
0.14285714285714285
0.8333333333333334
1.0
0.35714285714285715
0.0
0.12244897959183673
0.1875
1.0
0.4444444444444444
1.0
0.5714285714285714
0.75
0.2
0.375
0.1016949152542373
0.2857142857142857
0.3333333333333333
0.8
0.0967741935483871
0.5
0.75
0.5555555555555556
0.10526315789473684
0.2
0.16666666666666666
0.4444444444444444
0.75
0.46153846153846156
0.5
0.25
0.25
0.42857142857142855
0.13636363636363635
0.18181818181818182
0.8571428571428571
0.6
0.6666666666666666
0.375
0.4
0.375
0.3
0.5714285714285714
0.5
0.18181818181818182
0.6
0.2222222222222222
0.6875
0.16666666666666666
0.25
0.1
0.5555555555555556
0.25
0.75
0.3076923076923077
0.36363636363636365
0.2
0.5
0.5
0.4166666666666667
0.1
0.5
0.7142857142857143
0.08333333333333333
0.26666666666666666
0.18072289156626506
1.0
0.75
0.46153846153846156
0.375
0.5454545454545454
0.2916666666666667
0.1875
0.1111111111111111
0.21052631578947367
0.42857142857142855
0.75
0.4
0.0
0.375
0.75
0.14705882352941177
0.42105263157894735
0.75
0.375
0.42857142857142855
0.4
0.3333333333333333
0.13793103448275862
0.5714285714285714
0.2
0.25
0.2222222222222222
0.5
0.6
0.8333333333333334
1.0
0.6
1.0
0.6
0.4827586206896552
0.25
0.19230769230769232
0.8
0.6666666666666666
0.5
0.6666666666666666
0.16393442622950818
0.42857142857142855
0.8333333333333334
0.47368421052631576
0.20454545454545456
0.5714285714285714
0.23076923076923078
0.3333333333333333
0.26666666666666666
0.6
0.08771929824561403
1.0
0.2222222222222222
0.3333333333333333
0.6
0.75
1.0
0.8
0.18518518518518517
0.21428571428571427
0.2222222222222222
0.4
0.1
0.2727272727272727
0.2
0.4
0.3333333333333333
0.5714285714285714
0.7777777777777778
0.6666666666666666
1.0
0.3125
0.2
0.6
0.2727272727272727
0.3
0.3
0.5714285714285714
0.125
0.42857142857142855
0.4444444444444444
0.6
0.3333333333333333
0.42857142857142855
0.5
0.25
0.15384615384615385
0.2
0.2727272727272727
0.35714285714285715
0.875
0.2
0.5714285714285714
0.7647058823529411
0.8571428571428571
1.0
0.5555555555555556
0.3333333333333333
0.17647058823529413
0.75
0.125
0.5714285714285714
0.36363636363636365
0.21505376344086022
0.8125
0.14814814814814814
0.125
0.6
0.2
0.1111111111111111
0.75
1.0
0.8333333333333334
0.9
0.8888888888888888
0.6
0.4166666666666667
0.09090909090909091
0.42857142857142855
0.14285714285714285
0.5
0.0
0.6363636363636364
0.2
0.2
0.8
0.6666666666666666
0.0
0.6
0.75
0.26666666666666666
0.625
0.17647058823529413
0.6666666666666666
0.4
0.42857142857142855
0.3333333333333333
0.25
0.1
0.21739130434782608
0.5833333333333334
0.25
0.0
0.23076923076923078
1.0
0.0
0.8333333333333334
0.5
0.5833333333333334
0.5454545454545454
0.5714285714285714
0.4
0.1875
0.3125
0.45454545454545453
0.34782608695652173
0.5
0.05555555555555555
0.23076923076923078
0.2857142857142857
0.043478260869565216
1.0
0.19047619047619047
0.3333333333333333
0.125
0.2857142857142857
0.8
0.13513513513513514
0.23809523809523808
0.4
0.5
0.16
0.75
0.3333333333333333
0.375
0.0
0.2
0.4444444444444444
0.3684210526315789
0.75
0.375
0.5714285714285714
0.3
0.4444444444444444
0.9
0.75
0.2
1.0
0.6
0.26666666666666666
0.6
0.6
0.4
0.2
0.375
0.0625
0.7142857142857143
0.3333333333333333
0.6
0.6
0.35714285714285715
0.3333333333333333
0.6
0.3684210526315789
0.3333333333333333
0.375
0.7142857142857143
0.7333333333333333
0.7692307692307693
0.30434782608695654
0.9166666666666666
0.03225806451612903
0.5454545454545454
0.5
0.3888888888888889
0.24096385542168675
0.2
0.75
0.5
0.15
1.0
0.25
0.5
0.5
0.05
0.2222222222222222
0.4
0.2
0.6
0.3333333333333333
0.15384615384615385
0.3333333333333333
0.5384615384615384
0.2727272727272727
0.1
0.14285714285714285
0.2
0.375
0.36538461538461536
0.125
0.5
0.5454545454545454
0.5769230769230769
0.4
0.3076923076923077
1.0
0.13333333333333333
0.5
0.2
0.6
0.10204081632653061
0.75
0.25
0.5454545454545454
0.391304347826087
0.2727272727272727
0.5
0.8
0.16666666666666666
0.6333333333333333
0.25
0.030303030303030304
0.2857142857142857
0.5
0.625
0.06666666666666667
0.375
0.2857142857142857
0.46153846153846156
0.3333333333333333
0.3076923076923077
0.55
0.2
0.5
0.5714285714285714
0.3
1.0
0.0
0.625
0.125
0.5
0.5
0.8
0.2
0.75
0.1111111111111111
0.6071428571428571
0.25
0.2631578947368421
0.4444444444444444
0.3333333333333333
0.3333333333333333
0.4
0.5714285714285714
0.5
0.5384615384615384
1.0
0.25
0.5714285714285714
0.0
0.2222222222222222
0.7142857142857143
1.0
0.4444444444444444
0.18604651162790697
0.5
0.3333333333333333
0.14285714285714285
0.14285714285714285
0.42857142857142855
0.1111111111111111
0.2857142857142857
0.25
0.8571428571428571
0.1111111111111111
0.25
0.42857142857142855
0.16666666666666666
0.3125
0.6470588235294118
0.25
0.0967741935483871
0.0625
0.3333333333333333
0.3333333333333333
0.10714285714285714
1.0
0.3333333333333333
0.8333333333333334
0.2916666666666667
0.375
0.06557377049180328
0.8
0.17391304347826086
0.8333333333333334
0.109375
0.6666666666666666
0.4
0.5
0.2608695652173913
1.0
0.36
0.23333333333333334
0.6666666666666666
0.05555555555555555
0.16666666666666666
0.4
0.3333333333333333
0.2857142857142857
0.18181818181818182
0.391304347826087
0.375
0.6363636363636364
0.3333333333333333
0.4
0.19047619047619047
0.5
0.19047619047619047
0.875
0.3333333333333333
0.3333333333333333
0.5
0.37037037037037035
0.2222222222222222
0.3333333333333333
0.8
0.5
0.2
1.0
0.6666666666666666
0.8
0.8333333333333334
0.6923076923076923
0.32
0.75
0.16666666666666666
0.10869565217391304
0.375
0.0
0.625
0.6
0.7727272727272727
0.4166666666666667
0.125
0.3333333333333333
0.6153846153846154
0.6
0.0
0.8571428571428571
0.8333333333333334
0.5555555555555556
0.4
1.0
0.6
1.0
0.0
0.14285714285714285
0.75
1.0
0.15789473684210525
1.0
0.8
0.4
0.6923076923076923
0.7142857142857143
0.25
0.6
0.17142857142857143
0.25
1.0
0.14285714285714285
0.09090909090909091
0.25
0.5
0.17647058823529413
0.5
1.0
0.5
0.5
0.35
0.8
0.0
0.2903225806451613
0.2857142857142857
0.5
0.6666666666666666
0.6363636363636364
0.14285714285714285
0.6
0.4375
0.25
0.4166666666666667
0.16666666666666666
0.4117647058823529
0.125
0.05
0.25
0.2631578947368421
0.0
0.4166666666666667
0.6296296296296297
0.35294117647058826
0.43478260869565216
0.0
0.16666666666666666
0.6363636363636364
0.058823529411764705
0.25
0.15789473684210525
0.8333333333333334
0.6666666666666666
0.5
0.45454545454545453
0.15625
0.47368421052631576
0.3448275862068966
1.0
0.16666666666666666
1.0
0.03488372093023256
0.375
0.3333333333333333
0.3333333333333333
0.125
0.3333333333333333
0.4
0.3076923076923077
0.25
0.21428571428571427
0.3333333333333333
0.42105263157894735
0.6
0.3333333333333333
0.4117647058823529
0.3157894736842105
1.0
0.25
0.8
0.375
0.09090909090909091
0.2
0.1111111111111111
0.9285714285714286
0.4
0.21052631578947367
0.2222222222222222
0.5714285714285714
0.6
0.5
0.42857142857142855
0.7
0.75
0.5
0.4666666666666667
0.16666666666666666
0.16666666666666666
0.4444444444444444
0.3333333333333333
0.35714285714285715
0.16666666666666666
0.6666666666666666
0.42857142857142855
0.1836734693877551
0.1
0.25
0.3
0.0
0.4
0.25
0.22727272727272727
0.42857142857142855
0.2727272727272727
0.5
0.06666666666666667
0.14285714285714285
0.25
1.0
0.4
0.4444444444444444
0.42857142857142855
0.4444444444444444
0.5
0.16666666666666666
0.7333333333333333
0.6666666666666666
0.5714285714285714
0.03333333333333333
0.8
0.4
0.25
0.6
0.07692307692307693
0.375
0.8
1.0
0.13333333333333333
0.42857142857142855
0.4444444444444444
0.5714285714285714
0.625
0.2727272727272727
0.4
0.6
0.16666666666666666
0.25
0.38461538461538464
0.4
0.36363636363636365
0.25
0.5
0.3333333333333333
0.5625
0.5
0.1875
0.5909090909090909
0.5
0.0
0.6666666666666666
0.75
0.3333333333333333
0.5
0.35714285714285715
0.75
0.0
0.15384615384615385
0.5714285714285714
0.6470588235294118
0.3333333333333333
0.8333333333333334
1.0
0.8
0.4
0.2727272727272727
0.25
0.2
0.6
0.13333333333333333
0.3076923076923077
0.6
0.5
0.25
0.4
0.4
0.2
0.25
0.3333333333333333
0.4
0.1
0.9473684210526315
0.3333333333333333
0.1724137931034483
0.18421052631578946
0.16666666666666666
0.6
0.9
0.6
0.275
0.5
0.4444444444444444
0.25
0.25
0.2
0.5
0.42857142857142855
0.6666666666666666
0.6
0.2
0.5
0.0
1.0
0.14814814814814814
0.29411764705882354
0.25
0.375
0.3333333333333333
0.2727272727272727
0.2
0.4
0.42857142857142855
0.6
0.4473684210526316
1.0
0.6428571428571429
0.6
0.3225806451612903
0.4
0.7142857142857143
0.4
0.75
0.1694915254237288
0.25
0.6
1.0
0.45454545454545453
0.07142857142857142
0.35714285714285715
0.16666666666666666
0.5
0.4
0.5
0.3333333333333333
0.8888888888888888
0.8
0.6
0.5
0.0
0.20833333333333334
0.35
0.4
0.4
0.5714285714285714
1.0
0.8
0.5
0.1
0.6
0.2631578947368421
0.2631578947368421
0.75
0.2
0.5
0.6
0.5
0.4
0.5714285714285714
0.3333333333333333
0.28
0.631578947368421
0.42857142857142855
0.5
0.25
0.42857142857142855
0.18518518518518517
0.4
0.2
0.5
0.3333333333333333
0.6666666666666666
0.21428571428571427
0.46153846153846156
0.8
0.8571428571428571
0.3333333333333333
0.2727272727272727
0.6
0.40625
0.18181818181818182
0.8
0.058823529411764705
0.11764705882352941
0.5714285714285714
0.42857142857142855
0.0
0.5833333333333334
0.6666666666666666
0.4
0.4583333333333333
0.8571428571428571
0.2727272727272727
0.8333333333333334
0.7222222222222222
0.5
0.42857142857142855
0.0
0.23529411764705882
0.2571428571428571
0.5714285714285714
0.5
0.3333333333333333
1.0
0.05
0.4
0.5714285714285714
0.4
0.19607843137254902
0.5
0.18181818181818182
0.36363636363636365
0.14285714285714285
0.6
0.3333333333333333
0.2631578947368421
0.5833333333333334
0.22727272727272727
0.23809523809523808
0.25
0.30612244897959184
1.0
0.25
0.16666666666666666
1.0
0.5
0.4
0.375
0.1111111111111111
0.4444444444444444
0.08333333333333333
0.42857142857142855
0.8
0.5
0.18518518518518517
0.07246376811594203
0.16666666666666666
0.35714285714285715
0.5555555555555556
0.18181818181818182
0.6
0.10416666666666667
0.875
0.5
0.0
0.0
0.029411764705882353
0.2826086956521739
0.9
0.4
0.5714285714285714
0.5
0.15
0.3333333333333333
1.0
0.6666666666666666
0.2857142857142857
0.07692307692307693
0.625
0.42857142857142855
0.21505376344086022
0.2
0.5
0.3333333333333333
0.23076923076923078
0.5
0.08
0.15
0.6666666666666666
0.08333333333333333
0.6
0.75
0.5
0.25
0.6
0.1875
0.2857142857142857
0.6
0.5238095238095238
0.8181818181818182
0.14285714285714285
0.25
0.25
0.35294117647058826
0.3076923076923077
0.8888888888888888
0.13333333333333333
0.45454545454545453
0.75
0.7142857142857143
0.2
0.2222222222222222
0.3333333333333333
0.125
0.7142857142857143
0.5
0.08695652173913043
0.3
0.47058823529411764
0.5
0.625
0.36363636363636365
0.46153846153846156
1.0
0.8333333333333334
0.8333333333333334
0.6
0.6666666666666666
0.14285714285714285
0.36363636363636365
0.2857142857142857
0.16666666666666666
0.8333333333333334
1.0
0.15
0.4
0.46153846153846156
0.36363636363636365
0.3333333333333333
0.4
0.4
0.13333333333333333
0.19047619047619047
0.5555555555555556
0.4166666666666667
0.8
1.0
0.4
0.2857142857142857
0.5
0.3076923076923077
0.6
0.35294117647058826
0.5652173913043478
0.8333333333333334
0.30434782608695654
0.3333333333333333
0.8
0.6
0.7272727272727273
0.26666666666666666
0.3
0.15384615384615385
0.2222222222222222
0.17857142857142858
0.1111111111111111
0.5
0.6666666666666666
0.1
0.5
0.8
0.8571428571428571
1.0
1.0
0.2
1.0
0.5
0.4
0.13043478260869565
0.023809523809523808
0.5
0.44
0.25
0.2962962962962963
0.5
0.5
0.2
0.125
0.13636363636363635
0.2222222222222222
0.2857142857142857
0.2857142857142857
0.044444444444444446
0.1724137931034483
0.4
0.4
0.5
0.8888888888888888
0.5555555555555556
0.75
0.6666666666666666
0.3
0.3333333333333333
0.6
0.6
0.42857142857142855
0.15
0.2222222222222222
0.15
0.5
0.2222222222222222
0.8
0.8947368421052632
0.75
0.46153846153846156
0.42857142857142855
1.0
0.42857142857142855
0.5
0.0
0.2727272727272727
0.3333333333333333
0.16666666666666666
0.5454545454545454
0.2
0.5833333333333334
0.75
0.3333333333333333
1.0
0.25
0.2
0.25
0.7
0.5714285714285714
0.5
0.21739130434782608
0.75
0.23529411764705882
0.6666666666666666
0.15789473684210525
0.6129032258064516
0.5
0.3
0.0
0.0
0.16666666666666666
0.3333333333333333
0.0
0.8
0.16666666666666666
0.2
0.16666666666666666
0.16666666666666666
0.8
0.375
0.5
0.09090909090909091
0.0
0.7142857142857143
0.5
0.625
0.75
0.36363636363636365
0.0625
0.375
0.4
0.07407407407407407
0.1
0.5
0.25
0.6666666666666666
0.8
0.4444444444444444
0.6
0.4
0.5
0.2727272727272727
0.2916666666666667
0.3684210526315789
0.5555555555555556
0.2903225806451613
0.5
0.5454545454545454
0.8636363636363636
0.2222222222222222
0.5
0.4
0.4
0.8888888888888888
0.17647058823529413
0.5
0.4
0.8
0.14388489208633093
0.125
0.125
0.4
0.2222222222222222
0.2
0.42857142857142855
0.20833333333333334
0.4444444444444444
0.14285714285714285
0.7272727272727273
0.2222222222222222
0.5
0.4
0.8
0.08333333333333333
0.5
0.18181818181818182
0.6666666666666666
0.5
0.75
0.5833333333333334
0.8
0.24561403508771928
0.375
0.2222222222222222
0.14285714285714285
0.45454545454545453
0.28125
0.16666666666666666
0.2727272727272727
0.6666666666666666
0.2857142857142857
0.14285714285714285
0.2
0.0
0.5
0.13333333333333333
0.42857142857142855
0.2
0.7
0.16666666666666666
1.0
0.5714285714285714
0.25
0.625
0.0625
1.0
0.17857142857142858
0.25
0.42857142857142855
0.42857142857142855
0.15254237288135594
0.14285714285714285
0.6666666666666666
0.8
0.9166666666666666
0.18181818181818182
0.42857142857142855
0.25
0.375
0.75
0.6
0.8
0.11764705882352941
0.47058823529411764
0.09090909090909091
0.2
0.7142857142857143
0.3333333333333333
0.45454545454545453
0.6
0.75
0.75
0.08333333333333333
0.16666666666666666
0.2727272727272727
0.5
0.4
0.11904761904761904
0.25
0.8
0.14035087719298245
0.2
0.5555555555555556
0.4166666666666667
0.8333333333333334
0.1791044776119403
0.14285714285714285
0.18181818181818182
0.2727272727272727
0.23076923076923078
0.06521739130434782
0.03571428571428571
1.0
0.15151515151515152
1.0
0.1111111111111111
0.8333333333333334
0.09090909090909091
0.46153846153846156
0.25
0.4117647058823529
0.3
0.1388888888888889
0.75
0.7
0.8571428571428571
0.8333333333333334
0.8571428571428571
0.2727272727272727
0.5833333333333334
0.6666666666666666
0.125
0.8333333333333334
0.5
0.2
0.14285714285714285
0.46153846153846156
0.47368421052631576
0.14285714285714285
1.0
1.0
0.42857142857142855
0.5
0.5555555555555556
0.2
0.3333333333333333
0.05555555555555555
0.8333333333333334
0.5555555555555556
0.125
0.625
0.3611111111111111
1.0
0.5
0.25
0.6666666666666666
0.125
0.04
0.6666666666666666
0.5555555555555556
0.4
0.4444444444444444
0.3333333333333333
0.1111111111111111
0.3157894736842105
0.6
0.4166666666666667
0.2708333333333333
0.4
0.4090909090909091
0.4166666666666667
0.8
0.2222222222222222
0.425
0.375
0.2777777777777778
0.4
0.14285714285714285
0.5555555555555556
0.25
0.15384615384615385
0.2727272727272727
0.11538461538461539
0.2222222222222222
0.09090909090909091
0.6666666666666666
1.0
0.5
0.25
0.75
0.2857142857142857
0.16666666666666666
0.3333333333333333
0.42105263157894735
0.6666666666666666
0.75
0.3333333333333333
0.7142857142857143
0.0
0.34782608695652173
0.6666666666666666
0.6
0.42857142857142855
0.125
0.5714285714285714
0.0
0.8181818181818182
1.0
1.0
0.25
0.4
0.3
0.0
0.375
0.3333333333333333
1.0
0.11764705882352941
0.5
0.0967741935483871
0.35714285714285715
0.4
0.18867924528301888
0.8333333333333334
0.13333333333333333
0.3333333333333333
0.6
0.5714285714285714
0.225
0.5
0.6
1.0
0.13636363636363635
0.5
0.38461538461538464
0.5
0.5882352941176471
0.2857142857142857
0.125
0.125
0.0
0.25
0.75
0.15384615384615385
1.0
0.45454545454545453
0.6
0.8
0.36363636363636365
0.5
0.6
0.0
0.6
0.7
0.21428571428571427
0.6666666666666666
0.1
0.4
0.8571428571428571
0.0
1.0
0.8461538461538461
0.15384615384615385
0.75
1.0
0.5555555555555556
0.16666666666666666
0.5
0.4
0.5
0.06666666666666667
0.6
0.4
0.25
0.5
0.1111111111111111
0.25
0.38461538461538464
0.2727272727272727
0.75
0.16666666666666666
0.3333333333333333
0.25
0.14285714285714285
0.37037037037037035
0.375
0.3333333333333333
0.5714285714285714
0.2857142857142857
0.1
0.5
0.0
0.5714285714285714
1.0
0.1875
1.0
0.4
0.3333333333333333
0.2857142857142857
1.0
0.0
0.6666666666666666
0.3
0.2702702702702703
0.8
0.4444444444444444
0.16666666666666666
0.6
0.2857142857142857
0.625
0.36363636363636365
0.16666666666666666
0.8
0.16666666666666666
0.4
0.32
0.1111111111111111
0.1111111111111111
0.045454545454545456
0.6666666666666666
0.5
0.36363636363636365
0.2
1.0
0.2
0.3076923076923077
0.75
1.0
0.15384615384615385
0.4117647058823529
0.6
0.42857142857142855
0.14285714285714285
0.7272727272727273
0.8888888888888888
0.2857142857142857
0.3333333333333333
0.3333333333333333
0.6
0.7777777777777778
0.4
0.5
0.0
0.3181818181818182
0.625
0.3333333333333333
0.5714285714285714
0.2857142857142857
0.8571428571428571
0.6190476190476191
0.75
0.6
0.3333333333333333
0.3333333333333333
0.6
0.16666666666666666
0.6666666666666666
0.2222222222222222
0.0
0.0
0.3333333333333333
0.2916666666666667
0.8
0.0
0.625
0.3333333333333333
0.3333333333333333
0.4444444444444444
1.0
0.6
0.8571428571428571
0.5
0.17857142857142858
0.13513513513513514
0.23684210526315788
0.625
0.1
0.8
0.44
0.275
0.2857142857142857
0.375
0.15789473684210525
0.25
0.8333333333333334
0.0
0.3870967741935484
0.3
0.6666666666666666
0.23529411764705882
0.06666666666666667
0.1111111111111111
0.25
0.2857142857142857
0.5833333333333334
0.5384615384615384
0.3888888888888889
0.5
0.3389830508474576
0.3157894736842105
0.5
0.06451612903225806
0.875
0.75
0.7692307692307693
0.3333333333333333
1.0
0.3333333333333333
1.0
0.25
0.6
0.625
0.8
0.21739130434782608
0.22448979591836735
0.3684210526315789
0.25
0.95
0.25
0.1836734693877551
0.75
0.5384615384615384
0.75
0.3076923076923077
1.0
0.2
0.8333333333333334
0.5
0.1320754716981132
0.7
0.0
0.5
1.0
0.625
0.6
0.25
0.13636363636363635
0.8571428571428571
0.4
0.2727272727272727
0.2
0.2857142857142857
0.4
0.375
0.5
1.0
0.6666666666666666
0.16
0.6666666666666666
0.34375
0.3333333333333333
0.2857142857142857
0.2857142857142857
0.75
0.14285714285714285
0.375
0.4
0.625
0.42857142857142855
0.6666666666666666
0.42857142857142855
0.1111111111111111
0.16666666666666666
0.5
0.5
0.0
0.15789473684210525
0.14285714285714285
0.25
0.4
0.5
1.0
0.5714285714285714
0.875
0.25
0.26666666666666666
0.2857142857142857
0.5
0.18181818181818182
0.5
1.0
0.3684210526315789
1.0
0.3333333333333333
0.8571428571428571
0.5
0.3125
0.875
0.5
0.4166666666666667
0.3125
0.09090909090909091
0.12
0.1111111111111111
0.9166666666666666
0.75
0.25
0.3
0.6666666666666666
0.32
0.11666666666666667
0.8571428571428571
0.75
0.4090909090909091
0.4
0.1111111111111111
0.6666666666666666
0.17391304347826086
0.3333333333333333
0.3333333333333333
0.20833333333333334
0.7142857142857143
0.42857142857142855
0.14285714285714285
0.4
0.3
0.6666666666666666
0.4375
0.0
0.75
0.03225806451612903
0.42105263157894735
1.0
0.47058823529411764
0.5
0.20833333333333334
0.5555555555555556
0.4
0.25
0.6
0.6666666666666666
0.4
0.48
1.0
0.5
0.625
0.8
0.3125
0.4444444444444444
0.125
0.8333333333333334
0.2777777777777778
0.25806451612903225
0.375
0.4
1.0
0.6
0.14285714285714285
0.0
0.8
0.9
0.29411764705882354
0.29411764705882354
0.25
0.625
0.5714285714285714
0.11428571428571428
0.5555555555555556
0.3333333333333333
0.07017543859649122
0.625
0.3333333333333333
0.5
0.7777777777777778
0.6428571428571429
0.16666666666666666
0.125
0.4
0.8
0.5454545454545454
0.0
0.4
0.8571428571428571
0.5
0.18181818181818182
1.0
0.6875
0.3333333333333333
0.5
0.8333333333333334
0.2631578947368421
0.5
0.07142857142857142
0.8333333333333334
0.14285714285714285
0.9166666666666666
0.8
0.4
0.25
0.6
0.5
0.6666666666666666
0.6153846153846154
0.4
0.8
0.8571428571428571
0.3333333333333333
0.5
0.4166666666666667
0.4
0.2222222222222222
0.6
0.5384615384615384
1.0
0.6
1.0
0.16666666666666666
0.3181818181818182
0.2857142857142857
0.625
0.5
0.42857142857142855
0.8
0.30434782608695654
0.2222222222222222
0.6666666666666666
0.65
0.08
0.6428571428571429
0.2222222222222222
0.42857142857142855
0.6666666666666666
0.24242424242424243
0.5
0.2857142857142857
0.1375
0.42857142857142855
0.2857142857142857
0.5
0.2857142857142857
0.6
0.1044776119402985
0.6
0.42857142857142855
0.25
0.9285714285714286
0.08602150537634409
0.7142857142857143
0.3076923076923077
0.14285714285714285
0.5
0.2
0.1
0.3333333333333333
0.075
0.47058823529411764
0.35714285714285715
0.8333333333333334
0.6
1.0
0.5714285714285714
0.5
0.75
0.5454545454545454
0.42857142857142855
0.7142857142857143
0.3
0.3333333333333333
0.375
0.3333333333333333
0.7272727272727273
0.5
0.6
0.5
0.8
0.8
0.6666666666666666
0.5
0.6666666666666666
0.3793103448275862
0.6
0.5555555555555556
0.42857142857142855
0.07407407407407407
0.5833333333333334
1.0
0.5
0.5
0.14285714285714285
0.8
0.4
0.16666666666666666
0.3333333333333333
0.75
0.09090909090909091
0.047619047619047616
0.1111111111111111
0.0
1.0
0.6
0.5833333333333334
0.2
0.375
0.36363636363636365
0.3333333333333333
1.0
0.8181818181818182
0.16666666666666666
0.5
0.6666666666666666
0.2
0.6
0.5
0.6666666666666666
0.5454545454545454
0.35714285714285715
0.3333333333333333
0.23529411764705882
0.75
0.5
1.0
0.29411764705882354
0.36363636363636365
0.12121212121212122
0.45454545454545453
0.8
0.5
0.46153846153846156
0.4
0.25
0.75
0.0
0.18181818181818182
0.6666666666666666
0.4375
0.2857142857142857
0.75
0.1
1.0
0.2857142857142857
0.21052631578947367
0.4444444444444444
0.14285714285714285
0.75
0.25
0.14285714285714285
0.25
1.0
0.07692307692307693
0.8
0.2857142857142857
0.2727272727272727
0.3333333333333333
0.8
0.8
1.0
0.34615384615384615
0.3
0.12195121951219512
0.5757575757575758
0.28
0.7857142857142857
0.7272727272727273
0.6
0.6
0.2857142857142857
0.15384615384615385
1.0
0.2857142857142857
0.9
0.7777777777777778
0.08695652173913043
0.8571428571428571
0.10344827586206896
0.3333333333333333
0.25
0.25
0.3333333333333333
1.0
0.6666666666666666
0.0
0.5217391304347826
0.15384615384615385
0.2857142857142857
0.5588235294117647
0.34782608695652173
0.12903225806451613
0.36363636363636365
0.4
0.4
0.2857142857142857
0.2
0.6
0.07692307692307693
0.38461538461538464
0.47368421052631576
0.5
1.0
0.10526315789473684
0.0975609756097561
1.0
0.42857142857142855
0.39215686274509803
0.2558139534883721
0.4
0.2857142857142857
0.05084745762711865
0.2
0.375
0.1590909090909091
0.2222222222222222
0.5
0.25
0.35714285714285715
0.625
0.0
0.4857142857142857
0.03125
0.14285714285714285
0.6
0.45454545454545453
1.0
0.47058823529411764
0.5
0.5714285714285714
1.0
0.15384615384615385
0.6666666666666666
0.8333333333333334
0.13636363636363635
0.4444444444444444
0.0
0.15384615384615385
0.28
0.4166666666666667
0.4
1.0
0.5
0.8
0.5
0.0
0.5
0.4
1.0
0.5
0.22727272727272727
0.7142857142857143
0.3333333333333333
0.36363636363636365
0.14035087719298245
0.29411764705882354
1.0
0.3076923076923077
0.5
0.2857142857142857
0.25
0.0
0.16
0.36363636363636365
0.6666666666666666
0.4
0.2
0.2
0.25
1.0
0.10714285714285714
0.1875
0.3076923076923077
0.23076923076923078
0.6
0.11764705882352941
0.26666666666666666
0.4444444444444444
0.21875
0.42105263157894735
0.5714285714285714
0.0
0.3333333333333333
0.13043478260869565
1.0
0.16666666666666666
0.28125
0.5
0.2857142857142857
0.47058823529411764
0.25
0.375
0.6
0.18518518518518517
0.5714285714285714
0.5
0.6
0.2
0.3
0.4
0.5
0.5714285714285714
0.4
0.5454545454545454
0.2
0.4375
0.5714285714285714
0.5833333333333334
0.2857142857142857
0.4
0.08333333333333333
0.7692307692307693
0.17647058823529413
0.25
1.0
1.0
0.14285714285714285
0.42857142857142855
0.6
0.2857142857142857
0.7142857142857143
0.0
0.2
0.3333333333333333
0.2727272727272727
0.5714285714285714
0.3333333333333333
0.8
0.75
1.0
0.2222222222222222
0.75
0.0
0.2
0.7272727272727273
0.8571428571428571
0.375
0.75
0.8
0.42857142857142855
0.0
0.9090909090909091
0.4666666666666667
0.2
0.6428571428571429
0.5
0.7727272727272727
0.2
0.2222222222222222
0.3888888888888889
0.23728813559322035
0.7
0.2
0.6666666666666666
0.2
1.0
0.13636363636363635
0.3888888888888889
0.36363636363636365
0.2857142857142857
0.4
0.05925925925925926
0.4
0.7142857142857143
0.5714285714285714
0.13636363636363635
0.75
0.5
0.8333333333333334
0.125
0.23529411764705882
0.45454545454545453
0.875
0.8333333333333334
1.0
0.5384615384615384
0.6666666666666666
0.4
0.5384615384615384
0.6
0.11538461538461539
0.06666666666666667
0.3333333333333333
0.42857142857142855
0.6666666666666666
0.42857142857142855
0.8333333333333334
0.4166666666666667
0.2
0.3181818181818182
0.0
0.6
0.5
0.3333333333333333
0.5882352941176471
1.0
1.0
0.375
0.5
0.5454545454545454
0.3076923076923077
0.3333333333333333
0.9090909090909091
0.0
0.4
0.14285714285714285
0.375
0.5
0.45454545454545453
0.2
0.11940298507462686
0.2
0.5333333333333333
0.5
0.4444444444444444
0.25
0.2857142857142857
0.26666666666666666
0.3333333333333333
0.8333333333333334
0.3333333333333333
0.8
0.75
0.3
0.125
0.6521739130434783
0.5714285714285714
0.2916666666666667
0.46153846153846156
0.47058823529411764
0.2
0.6
0.2222222222222222
1.0
0.16363636363636364
0.375
0.2222222222222222
0.4
0.11538461538461539
0.5294117647058824
0.6363636363636364
0.8888888888888888
0.25
0.6666666666666666
0.4
0.25
0.2857142857142857
0.6
0.3076923076923077
0.3
0.6296296296296297
0.0
0.6428571428571429
0.38461538461538464
0.2222222222222222
0.375
0.7142857142857143
0.6
0.4
0.625
0.6666666666666666
0.2857142857142857
0.1282051282051282
0.5714285714285714
0.6666666666666666
0.2857142857142857
0.75
0.3333333333333333
0.4444444444444444
0.75
0.16666666666666666
0.2222222222222222
0.3333333333333333
0.16666666666666666
0.4166666666666667
0.08
0.34285714285714286
0.6428571428571429
0.1111111111111111
0.3333333333333333
0.14285714285714285
0.5714285714285714
0.47058823529411764
0.16666666666666666
0.09090909090909091
0.2
0.2857142857142857
0.6666666666666666
0.25
0.8
0.5294117647058824
0.8571428571428571
0.09433962264150944
0.38461538461538464
0.375
0.5
0.22857142857142856
0.25
0.625
0.15384615384615385
0.14285714285714285
0.14705882352941177
0.48
0.38461538461538464
0.16666666666666666
0.125
0.5
0.2857142857142857
1.0
0.5
0.2857142857142857
0.75
0.625
0.1
0.3333333333333333
0.8
0.3333333333333333
0.23076923076923078
0.8333333333333334
0.2
0.10714285714285714
0.21428571428571427
0.09090909090909091
0.5
0.5
0.14285714285714285
0.631578947368421
0.6
0.6
0.5294117647058824
0.08333333333333333
0.14285714285714285
0.25
0.2857142857142857
0.2727272727272727
0.2857142857142857
0.8
0.3142857142857143
0.375
0.4166666666666667
0.6
0.6
0.14285714285714285
0.75
0.3333333333333333
0.4
0.125
0.13793103448275862
0.25
0.75
0.3103448275862069
0.6363636363636364
0.15384615384615385
0.42857142857142855
0.2857142857142857
0.16666666666666666
0.4444444444444444
0.5
0.1125
0.5
0.6666666666666666
0.42857142857142855
0.7
0.23684210526315788
0.3
0.8571428571428571
0.2
0.2727272727272727
0.16666666666666666
0.75
0.3333333333333333
0.375
0.4444444444444444
0.3
0.14285714285714285
0.2727272727272727
0.32653061224489793
0.8
0.4
1.0
0.16666666666666666
0.2
0.8
0.0
0.1875
0.09090909090909091
1.0
0.1111111111111111
0.2857142857142857
0.5833333333333334
0.5
0.30434782608695654
0.5
0.5714285714285714
0.25
0.8571428571428571
0.5
0.4782608695652174
0.6666666666666666
0.7647058823529411
0.5714285714285714
0.0
0.3333333333333333
0.25
0.25
0.13333333333333333
0.3333333333333333
0.4
0.09090909090909091
0.45
0.1875
0.25
0.6
0.2
0.0
0.3333333333333333
1.0
0.16666666666666666
0.36363636363636365
0.4444444444444444
0.6
0.2857142857142857
0.18181818181818182
0.9166666666666666
0.46153846153846156
0.2857142857142857
0.6666666666666666
0.3333333333333333
0.051470588235294115
0.8
0.6666666666666666
0.2
0.2
1.0
0.3333333333333333
0.3
0.375
0.2857142857142857
1.0
0.75
0.5769230769230769
0.6190476190476191
0.5
0.3888888888888889
0.29411764705882354
0.22727272727272727
0.5384615384615384
0.5
0.3
0.53125
0.2857142857142857
0.6
0.8333333333333334
0.625
0.75
0.0
0.4
0.18181818181818182
0.6
0.15
0.5454545454545454
0.16
0.13333333333333333
0.25
0.07692307692307693
0.6666666666666666
0.0
0.4
0.5555555555555556
0.0
0.125
0.6666666666666666
0.13333333333333333
0.36363636363636365
0.2
1.0
0.4
0.6666666666666666
0.4
0.375
0.16666666666666666
0.4444444444444444
0.4
0.13333333333333333
0.8
1.0
0.32
0.25
0.4
0.6428571428571429
0.3333333333333333
0.1111111111111111
0.6666666666666666
0.16666666666666666
0.5714285714285714
0.2
0.5833333333333334
0.2222222222222222
0.5
0.25
0.16666666666666666
0.4117647058823529
0.5
0.1746031746031746
0.19047619047619047
0.42857142857142855
0.5555555555555556
0.21428571428571427
0.6666666666666666
0.4117647058823529
0.2
0.3333333333333333
0.125
0.3142857142857143
0.07692307692307693
0.21568627450980393
0.625
0.5
0.42857142857142855
0.13513513513513514
0.5714285714285714
0.5714285714285714
0.5
0.3076923076923077
0.25
0.28
0.06666666666666667
1.0
0.3333333333333333
0.4375
0.2
0.9230769230769231
0.16666666666666666
0.5
0.0
0.3333333333333333
0.125
1.0
0.2545454545454545
0.75
0.8
0.8571428571428571
0.6666666666666666
0.6666666666666666
0.18421052631578946
0.29411764705882354
0.3333333333333333
0.4375
0.8
0.46153846153846156
0.09090909090909091
0.75
0.3333333333333333
0.6
1.0
0.12280701754385964
0.8
0.0
0.21621621621621623
0.42857142857142855
0.5714285714285714
0.7
0.2
0.6666666666666666
0.6666666666666666
0.6
1.0
0.375
0.375
0.22535211267605634
0.25
0.5
0.6666666666666666
0.8
0.5555555555555556
0.3269230769230769
0.15384615384615385
1.0
0.4444444444444444
0.6666666666666666
0.6
0.28
0.5
0.875
0.6
0.08695652173913043
0.42857142857142855
0.35555555555555557
0.42857142857142855
0.38461538461538464
0.6666666666666666
0.42857142857142855
0.2857142857142857
0.21052631578947367
0.8
0.1724137931034483
0.5714285714285714
0.7
0.4
0.8
0.3333333333333333
0.18181818181818182
0.3076923076923077
0.42857142857142855
0.5384615384615384
0.16666666666666666
0.2
0.0
0.7142857142857143
0.7777777777777778
0.5
0.6
1.0
0.2
0.6
0.3076923076923077
1.0
0.1111111111111111
0.5
0.07692307692307693
0.4
0.06451612903225806
0.5
0.5
0.14285714285714285
0.06666666666666667
0.2857142857142857
0.875
0.5
0.3333333333333333
0.35294117647058826
0.5
0.75
0.5714285714285714
0.6
0.23529411764705882
0.25
0.8
0.3181818181818182
0.5714285714285714
0.21428571428571427
0.5
0.8
0.24096385542168675
0.375
0.7142857142857143
0.4
0.0
0.2
0.42857142857142855
0.3
0.08333333333333333
0.5
0.25
0.2222222222222222
0.42857142857142855
0.24
0.5833333333333334
0.23529411764705882
0.16
0.5
0.2962962962962963
0.0
0.2
0.29411764705882354
0.7
0.8333333333333334
0.42857142857142855
1.0
0.2857142857142857
1.0
0.8
0.6785714285714286
0.0
0.6
0.375
0.3333333333333333
0.5
0.1
0.2564102564102564
0.375
0.75
1.0
0.41935483870967744
0.5
0.75
0.0
0.3333333333333333
0.42857142857142855
0.4444444444444444
0.3793103448275862
0.07692307692307693
0.0
0.3
1.0
0.18181818181818182
0.5
0.75
0.4
0.5
0.14285714285714285
0.7
0.36363636363636365
0.4
0.2
0.25
0.5
0.09375
0.75
0.2
0.3
0.4375
0.3333333333333333
0.21052631578947367
0.18181818181818182
0.041666666666666664
0.14285714285714285
0.2857142857142857
0.14285714285714285
0.5
0.2857142857142857
0.17307692307692307
0.09836065573770492
0.75
0.5
0.875
1.0
0.8888888888888888
0.6
0.1
0.1346153846153846
0.0
1.0
1.0
0.21428571428571427
0.4
0.17073170731707318
0.3333333333333333
0.5
0.8
0.25
0.6666666666666666
0.6
0.375
0.4090909090909091
0.75
0.3333333333333333
0.6363636363636364
0.9230769230769231
0.5
0.5384615384615384
0.14285714285714285
0.625
0.36363636363636365
0.3333333333333333
0.8
0.2
0.16666666666666666
0.8333333333333334
0.1111111111111111
0.8
0.15384615384615385
0.4444444444444444
0.2
0.38235294117647056
0.36363636363636365
0.38461538461538464
0.6666666666666666
0.4
0.8888888888888888
0.125
0.5714285714285714
0.17857142857142858
0.42857142857142855
0.75
0.14285714285714285
0.125
0.3333333333333333
0.16666666666666666
0.3333333333333333
0.5
0.2
0.8
0.4444444444444444
0.23076923076923078
0.16666666666666666
0.6
0.26666666666666666
0.6086956521739131
0.2857142857142857
0.42857142857142855
0.2631578947368421
1.0
0.2857142857142857
0.0
0.2
0.6666666666666666
0.19047619047619047
0.4
0.6666666666666666
0.7
0.6
0.3157894736842105
0.8
1.0
0.6
0.047619047619047616
0.7142857142857143
0.3333333333333333
0.25
0.8181818181818182
0.42857142857142855
1.0
0.5454545454545454
0.15151515151515152
0.11764705882352941
0.13043478260869565
0.24
0.4444444444444444
0.6
0.35294117647058826
0.16666666666666666
0.2222222222222222
0.625
0.6
0.3333333333333333
0.9090909090909091
0.8
0.3333333333333333
0.15384615384615385
0.0
0.3076923076923077
0.07142857142857142
0.3333333333333333
0.2857142857142857
0.3076923076923077
0.75
1.0
0.2857142857142857
0.25
0.42857142857142855
0.3333333333333333
0.06422018348623854
0.6
0.5
0.5
0.14285714285714285
0.46153846153846156
0.5714285714285714
0.14285714285714285
0.5555555555555556
0.5714285714285714
0.2857142857142857
1.0
0.21052631578947367
0.2857142857142857
0.375
0.2857142857142857
0.3333333333333333
0.2222222222222222
0.375
0.625
0.4666666666666667
0.18604651162790697
0.04054054054054054
0.8333333333333334
0.36363636363636365
0.2857142857142857
0.625
0.6
0.2222222222222222
0.19047619047619047
0.5555555555555556
0.6
1.0
0.6666666666666666
0.3333333333333333
0.5714285714285714
0.3333333333333333
0.3333333333333333
0.8
0.13636363636363635
0.125
0.2
0.36363636363636365
0.1
0.5714285714285714
0.8
0.5
0.5714285714285714
0.0625
0.5
0.4444444444444444
0.5
0.18181818181818182
0.75
0.3076923076923077
0.6666666666666666
0.08536585365853659
0.4375
0.8333333333333334
0.5625
0.2
0.0
0.4117647058823529
0.75
0.125
1.0
0.7777777777777778
1.0
0.6206896551724138
0.36363636363636365
0.6
0.3333333333333333
0.125
1.0
0.375
0.4166666666666667
0.125
0.25
0.45
0.19230769230769232
0.5
0.5
0.2
0.125
0.125
0.45454545454545453
0.16
0.2857142857142857
0.6
0.7142857142857143
0.05263157894736842
0.8333333333333334
0.32
0.6
0.5
0.6
0.75
0.6666666666666666
0.2857142857142857
0.2
0.75
0.0
0.2
0.16666666666666666
0.8571428571428571
0.18181818181818182
0.6
0.0
0.3
0.5
0.8333333333333334
0.24444444444444444
0.4117647058823529
0.6
0.4
0.0
0.2
0.3333333333333333
0.46153846153846156
0.0
0.1590909090909091
0.8
0.4
0.75
0.8571428571428571
0.875
0.3684210526315789
0.75
0.16666666666666666
1.0
0.3333333333333333
0.1
0.23809523809523808
0.3333333333333333
0.4
0.3125
0.17391304347826086
0.8888888888888888
0.5
0.375
0.7777777777777778
0.2
0.3333333333333333
0.3333333333333333
0.4
0.2222222222222222
0.16666666666666666
0.75
0.6666666666666666
0.2727272727272727
0.11538461538461539
1.0
0.8333333333333334
0.25
0.3333333333333333
0.45454545454545453
0.0847457627118644
0.5
0.6666666666666666
0.3333333333333333
0.6
0.6
0.42857142857142855
1.0
0.17073170731707318
0.17647058823529413
0.5
0.5555555555555556
0.6
0.4
0.5454545454545454
0.4166666666666667
0.47058823529411764
0.14285714285714285
0.7692307692307693
0.2857142857142857
0.75
0.3333333333333333
0.3076923076923077
0.0
0.2
0.20689655172413793
0.6666666666666666
0.75
0.8
0.45454545454545453
0.4782608695652174
0.4
0.6666666666666666
0.1875
0.3333333333333333
0.32558139534883723
0.6666666666666666
0.024390243902439025
0.1111111111111111
0.07142857142857142
0.3
0.5
0.6
0.2727272727272727
0.6
0.6
0.4444444444444444
0.8
0.2222222222222222
0.8333333333333334
0.5
0.782608695652174
0.6956521739130435
1.0
0.6666666666666666
0.6
0.6666666666666666
0.4
0.11538461538461539
0.16666666666666666
0.3333333333333333
0.5714285714285714
0.1
0.5
0.3333333333333333
0.42857142857142855
0.4482758620689655
0.2
0.13559322033898305
0.8888888888888888
1.0
1.0
0.42857142857142855
0.3333333333333333
0.1
0.36363636363636365
0.25
0.7777777777777778
0.36363636363636365
0.23684210526315788
0.08571428571428572
0.25
0.3333333333333333
0.2222222222222222
0.8333333333333334
0.5
0.16666666666666666
0.18181818181818182
0.46153846153846156
0.42857142857142855
0.7272727272727273
0.14285714285714285
0.5294117647058824
0.5555555555555556
0.5
0.4444444444444444
0.6666666666666666
0.5555555555555556
0.75
0.8
0.4
0.5294117647058824
0.2857142857142857
0.6
0.125
0.4411764705882353
0.0625
0.09090909090909091
0.8
0.2
0.8888888888888888
0.3333333333333333
0.0
0.2222222222222222
0.3333333333333333
0.14
0.1
0.25
0.7142857142857143
0.5
0.2
0.4
0.1875
0.8
0.6666666666666666
0.4
0.5714285714285714
0.36363636363636365
1.0
0.1111111111111111
0.19047619047619047
1.0
0.16666666666666666
0.6
0.2
0.3076923076923077
0.16666666666666666
0.5555555555555556
0.2413793103448276
0.4
0.1111111111111111
0.5
0.5
0.5384615384615384
0.25
0.0
0.0
0.13793103448275862
0.5
0.5
0.1388888888888889
0.625
0.5714285714285714
0.4
0.14285714285714285
0.2
0.375
0.36363636363636365
0.09523809523809523
0.5294117647058824
0.7777777777777778
0.0
0.5
0.8
0.3333333333333333
0.25
0.8125
0.23529411764705882
0.08571428571428572
0.375
0.25
0.18181818181818182
0.23076923076923078
0.625
0.25
0.3333333333333333
0.1
1.0
0.07692307692307693
0.4
0.6666666666666666
0.8461538461538461
1.0
0.4
0.14285714285714285
0.125
0.7647058823529411
0.375
0.5714285714285714
0.7727272727272727
0.6
0.3125
0.4
0.06666666666666667
0.4
0.5
0.18181818181818182
0.4
0.0
0.38461538461538464
0.2
1.0
0.5555555555555556
0.35714285714285715
0.5384615384615384
0.0
0.4444444444444444
0.8461538461538461
1.0
0.375
0.14285714285714285
0.3333333333333333
0.6
1.0
1.0
0.29411764705882354
0.6
0.16666666666666666
0.5454545454545454
1.0
0.625
0.2916666666666667
0.0625
0.16216216216216217
0.4
0.2903225806451613
0.25
0.0
0.16666666666666666
0.6
0.1
0.25
0.8571428571428571
0.3333333333333333
0.1
0.38461538461538464
0.2
0.16666666666666666
0.75
0.6
0.8
0.2857142857142857
0.2
0.14285714285714285
0.45454545454545453
0.5
0.2222222222222222
0.05263157894736842
0.3333333333333333
0.8181818181818182
0.5294117647058824
0.8
0.23529411764705882
0.2
0.26666666666666666
0.5714285714285714
0.875
0.16666666666666666
0.2777777777777778
0.5588235294117647
0.8
0.05263157894736842
0.5882352941176471
0.2222222222222222
0.5714285714285714
0.6363636363636364
0.18518518518518517
0.16666666666666666
0.3333333333333333
0.25
0.30434782608695654
0.25
0.6666666666666666
0.23076923076923078
0.5
0.3
0.35714285714285715
0.35294117647058826
1.0
0.22580645161290322
0.9523809523809523
0.0
0.5714285714285714
0.6
0.7777777777777778
0.8181818181818182
0.2222222222222222
0.2727272727272727
0.2777777777777778
0.10869565217391304
0.4666666666666667
0.4
0.13793103448275862
0.3333333333333333
0.5
0.16666666666666666
0.0
0.6
0.375
1.0
0.3333333333333333
0.25
0.2
0.75
0.8333333333333334
0.8333333333333334
0.2
0.16129032258064516
0.7142857142857143
0.5454545454545454
0.8571428571428571
0.2
0.5294117647058824
0.125
0.25
0.35714285714285715
0.4
0.5714285714285714
0.6
0.19230769230769232
0.8
0.2857142857142857
0.2777777777777778
0.2222222222222222
0.5
0.9
0.2727272727272727
0.14285714285714285
1.0
0.35
0.375
0.3333333333333333
0.16666666666666666
0.4
0.07692307692307693
0.6666666666666666
0.4
0.3333333333333333
1.0
0.3333333333333333
0.16666666666666666
0.21428571428571427
0.6
0.6
0.4
1.0
0.75
0.0
0.5
0.8
0.375
0.9285714285714286
0.375
0.5
0.4444444444444444
0.8333333333333334
0.3076923076923077
0.8333333333333334
0.07692307692307693
0.375
0.42857142857142855
0.5
0.2857142857142857
0.875
0.42857142857142855
0.8181818181818182
0.625
0.4
0.65
0.5384615384615384
0.4375
0.5
0.2
0.5
0.25
0.5
0.18032786885245902
0.5
0.14285714285714285
0.2222222222222222
0.4166666666666667
0.20202020202020202
0.0
0.3157894736842105
0.38235294117647056
0.7142857142857143
0.3181818181818182
0.2727272727272727
0.14285714285714285
0.6666666666666666
0.75
0.5
0.35
0.03571428571428571
0.5
0.45454545454545453
0.4
0.2
0.2
0.2727272727272727
0.3235294117647059
0.4666666666666667
1.0
0.058823529411764705
0.1724137931034483
0.6
0.6666666666666666
0.2
0.1111111111111111
0.2857142857142857
0.35
0.25
0.9047619047619048
0.18181818181818182
0.5714285714285714
0.125
0.391304347826087
0.25
0.8181818181818182
0.09090909090909091
0.5714285714285714
0.8
0.5
0.8
0.2857142857142857
0.0
0.6666666666666666
1.0
0.4375
0.2
0.8333333333333334
0.8
0.375
0.23076923076923078
0.7142857142857143
0.21428571428571427
0.23529411764705882
0.8
0.42857142857142855
0.6666666666666666
0.6
0.26666666666666666
0.75
0.2
0.7
0.26666666666666666
0.8
0.3333333333333333
0.6
1.0
0.2
0.1111111111111111
0.8
0.17543859649122806
0.16666666666666666
0.625
0.4444444444444444
0.16666666666666666
0.14285714285714285
0.25
0.25
0.36363636363636365
0.3333333333333333
0.4
0.5555555555555556
0.8333333333333334
0.1935483870967742
0.3333333333333333
0.4
0.125
0.0
0.18181818181818182
0.2
0.23529411764705882
0.4
0.5714285714285714
0.42857142857142855
0.25
0.7777777777777778
0.2
0.6
0.1875
0.8333333333333334
1.0
0.0
0.8
0.6
0.6666666666666666
0.16666666666666666
0.8888888888888888
0.7142857142857143
0.25
0.2857142857142857
0.3333333333333333
0.5
0.5483870967741935
0.2
0.5
0.375
