0.25
0.0
0.0
0.16666666666666666
0.1111111111111111
0.3333333333333333
0.06666666666666667
0.3333333333333333
0.5
0.2
0.08771929824561403
0.16666666666666666
0.13333333333333333
0.25
0.5
0.0
0.3333333333333333
0.25
0.16666666666666666
0.0
0.16666666666666666
0.42857142857142855
0.125
0.125
0.4
0.2
0.4
0.5
0.0
0.2222222222222222
0.12195121951219512
0.3333333333333333
0.2857142857142857
0.16666666666666666
0.2222222222222222
0.6
0.14285714285714285
0.3333333333333333
0.041666666666666664
0.06666666666666667
0.26666666666666666
0.2
0.4
0.2857142857142857
0.07692307692307693
0.25
0.75
0.5555555555555556
0.0
0.45454545454545453
0.3333333333333333
0.125
0.25
0.4
0.0
0.3
0.75
0.0
0.6
0.1
0.75
0.022222222222222223
0.2
0.0
0.14285714285714285
0.125
0.2
0.23076923076923078
0.07142857142857142
0.2
0.2857142857142857
0.0
0.2222222222222222
0.6
0.14285714285714285
0.25
0.2
0.0
0.18181818181818182
0.16666666666666666
0.03278688524590164
0.4
0.3333333333333333
0.2
0.0
0.125
0.16666666666666666
0.3333333333333333
0.3333333333333333
0.2857142857142857
0.4
0.8
0.058823529411764705
0.0
0.2222222222222222
0.08695652173913043
0.0
0.07692307692307693
0.4
0.14285714285714285
0.0
0.13333333333333333
0.07272727272727272
0.0
0.4
0.07692307692307693
0.06818181818181818
0.2222222222222222
0.2
0.6666666666666666
0.3333333333333333
0.42857142857142855
0.09090909090909091
0.11764705882352941
0.0
0.045454545454545456
0.09090909090909091
0.0
0.2222222222222222
0.25
0.19047619047619047
0.2
0.42857142857142855
0.0
0.0
0.043478260869565216
0.4
0.14705882352941177
0.09090909090909091
0.0
0.14285714285714285
0.0
0.14285714285714285
0.0
0.25
0.2857142857142857
0.09090909090909091
0.16666666666666666
0.06976744186046512
0.2727272727272727
0.3
0.15789473684210525
0.14285714285714285
0.14285714285714285
0.6
0.09090909090909091
0.2
0.09090909090909091
0.4
0.14285714285714285
0.10526315789473684
0.3333333333333333
0.0
0.4166666666666667
0.125
0.0625
0.09523809523809523
0.3333333333333333
0.4444444444444444
0.2
0.03278688524590164
0.10526315789473684
0.2
0.5
0.2
0.10344827586206896
0.2222222222222222
0.2857142857142857
0.25
0.5
0.4
0.11627906976744186
0.16666666666666666
1.0
0.14285714285714285
0.0
0.3333333333333333
0.18181818181818182
0.1111111111111111
0.26666666666666666
0.25
0.5714285714285714
0.0
0.375
0.06451612903225806
0.42857142857142855
0.125
0.0
0.4
0.14285714285714285
0.05063291139240506
0.21428571428571427
0.2
0.5
0.09090909090909091
0.05747126436781609
0.18181818181818182
0.8
0.0
0.2
0.1111111111111111
0.16666666666666666
0.1
0.07142857142857142
0.5
0.14285714285714285
0.14285714285714285
0.13157894736842105
0.10526315789473684
0.06666666666666667
0.16666666666666666
0.125
0.5
0.3
0.14285714285714285
0.5
0.4
0.0
0.25
0.2857142857142857
0.17647058823529413
0.4
0.375
0.2
0.05263157894736842
0.027777777777777776
0.3333333333333333
0.25
0.21428571428571427
0.17391304347826086
0.06666666666666667
0.25
0.0967741935483871
0.42857142857142855
0.6666666666666666
0.4
0.25
0.1875
0.125
0.2
0.5714285714285714
0.0
0.09090909090909091
0.38461538461538464
0.2727272727272727
0.36363636363636365
0.25
0.3333333333333333
0.21428571428571427
0.16666666666666666
0.08333333333333333
0.4
0.23076923076923078
0.3
0.45454545454545453
0.4
0.3333333333333333
0.2
0.6
0.125
0.2857142857142857
0.5
0.4
0.11764705882352941
0.06666666666666667
0.5
0.6
0.8333333333333334
0.6
0.16666666666666666
0.6666666666666666
0.037037037037037035
0.3076923076923077
0.0
0.16666666666666666
0.6666666666666666
0.0
0.0
0.05555555555555555
0.0
0.3
0.17857142857142858
0.6
0.3333333333333333
0.5
0.06451612903225806
0.08333333333333333
0.13333333333333333
0.5714285714285714
0.0
0.16666666666666666
0.3333333333333333
0.2
0.2857142857142857
0.18181818181818182
0.8333333333333334
0.16666666666666666
0.16666666666666666
0.0
0.16666666666666666
0.03333333333333333
0.14285714285714285
0.5
0.6
0.16666666666666666
0.25
0.0
0.375
0.16666666666666666
0.2857142857142857
0.125
0.2
0.375
0.14285714285714285
0.2857142857142857
0.6
0.25
0.3333333333333333
0.14285714285714285
0.6666666666666666
0.4
0.14814814814814814
0.25
0.16666666666666666
0.125
0.0
0.3333333333333333
0.2
0.375
0.75
0.4166666666666667
0.4
0.375
0.023255813953488372
0.0
0.6
0.05263157894736842
1.0
0.5
0.4166666666666667
0.5
0.047619047619047616
0.5
0.21428571428571427
0.0
0.25
0.5
0.1875
0.2
0.0
0.4
0.75
0.2
0.5
0.5
0.2222222222222222
0.5
0.14285714285714285
0.6
0.25
0.03773584905660377
0.058823529411764705
0.07692307692307693
0.125
0.16666666666666666
0.08695652173913043
0.0
0.375
0.25
0.058823529411764705
0.14285714285714285
0.2222222222222222
0.2222222222222222
0.16666666666666666
0.4
0.4
0.25
0.037037037037037035
0.14285714285714285
0.14285714285714285
0.6
0.1111111111111111
0.75
0.6
0.2727272727272727
0.14285714285714285
0.6
0.1
0.2857142857142857
0.3333333333333333
0.5
0.058823529411764705
0.6
0.4
0.3333333333333333
0.18181818181818182
0.16666666666666666
0.25
0.17391304347826086
0.2
0.2222222222222222
0.2
0.16666666666666666
0.029411764705882353
0.5
0.125
0.5
0.14285714285714285
0.2857142857142857
0.14285714285714285
0.2
0.2222222222222222
0.21428571428571427
0.25
0.0851063829787234
0.2222222222222222
0.16666666666666666
0.14285714285714285
0.3333333333333333
0.16666666666666666
0.3333333333333333
0.5
0.15384615384615385
0.5
0.08333333333333333
0.1111111111111111
0.42857142857142855
0.125
0.0
0.08333333333333333
0.0
0.2
0.36363636363636365
0.3333333333333333
0.045454545454545456
0.5
0.2
0.0
0.07142857142857142
0.5
0.25
0.0
0.1111111111111111
0.05405405405405406
0.2857142857142857
0.5
0.2857142857142857
0.13636363636363635
0.0
0.1
0.4
0.2
0.2
0.4444444444444444
0.09090909090909091
0.4
0.07142857142857142
0.42857142857142855
0.18181818181818182
0.25
0.45454545454545453
0.4
0.2
0.16666666666666666
0.0
0.0
0.6
0.3333333333333333
0.25
0.0
0.13333333333333333
0.037037037037037035
0.6666666666666666
0.1111111111111111
0.6
0.11764705882352941
0.5
0.03333333333333333
0.3333333333333333
0.15384615384615385
0.21052631578947367
0.09090909090909091
0.4
0.25
0.18181818181818182
0.4
0.1
0.10526315789473684
0.3333333333333333
0.07142857142857142
0.3333333333333333
0.16666666666666666
0.3333333333333333
0.625
0.5
0.2222222222222222
0.2
0.2857142857142857
0.2727272727272727
0.6
0.1111111111111111
0.2
0.0
0.14285714285714285
0.4
0.19047619047619047
0.14285714285714285
0.07246376811594203
0.3333333333333333
0.36363636363636365
0.0
0.13333333333333333
0.3333333333333333
0.1111111111111111
0.3333333333333333
0.2857142857142857
0.16666666666666666
0.18181818181818182
0.25
0.4
0.16666666666666666
0.14285714285714285
0.0
0.09090909090909091
0.0
0.25
0.4444444444444444
0.4
0.16666666666666666
0.12
0.25
0.125
0.4
0.1
0.16666666666666666
0.05263157894736842
0.14285714285714285
0.6
0.10344827586206896
0.5
0.07692307692307693
0.25
0.14285714285714285
0.0392156862745098
0.07317073170731707
0.36363636363636365
0.0
0.2
0.2
0.5
0.2727272727272727
0.2727272727272727
0.25
0.2857142857142857
0.18181818181818182
0.06060606060606061
0.14285714285714285
0.15789473684210525
0.4
0.125
0.14285714285714285
0.0
0.07142857142857142
0.0
0.06060606060606061
0.26666666666666666
0.6666666666666666
0.11764705882352941
0.2857142857142857
0.2857142857142857
0.375
0.13333333333333333
0.13333333333333333
0.4
0.18181818181818182
0.16666666666666666
0.38461538461538464
0.14285714285714285
0.2857142857142857
0.6
0.2857142857142857
0.17391304347826086
0.23076923076923078
0.3333333333333333
0.6
0.1111111111111111
0.42857142857142855
0.0
0.1875
0.2
0.4
0.125
0.05555555555555555
0.18181818181818182
0.07692307692307693
0.75
0.3333333333333333
0.0
0.2857142857142857
0.4
0.2857142857142857
0.16666666666666666
0.4
0.125
0.13333333333333333
0.6
0.2
0.5
0.3076923076923077
0.75
0.4166666666666667
0.4
0.4
0.6
0.0
0.125
0.5
0.2
0.3076923076923077
0.3333333333333333
0.3
0.6
0.5
0.3333333333333333
0.2222222222222222
0.3333333333333333
0.4
0.2857142857142857
0.4
0.2222222222222222
0.6
0.26666666666666666
0.1
0.25
0.0
0.2631578947368421
0.0
0.3076923076923077
0.07692307692307693
0.05405405405405406
0.25
0.23529411764705882
0.38461538461538464
0.5714285714285714
0.11764705882352941
0.75
0.0
0.125
0.2
0.5
0.4
0.14285714285714285
0.2857142857142857
0.0
0.11538461538461539
0.2
0.15
0.1
0.4
0.18181818181818182
0.0
0.1
0.375
0.16666666666666666
0.2857142857142857
0.75
0.2
0.0
0.08333333333333333
0.08695652173913043
0.03669724770642202
0.2
0.25
0.6666666666666666
0.0
0.8
0.2
0.125
0.375
0.06666666666666667
0.25
0.5
0.21428571428571427
0.3125
0.4
0.09090909090909091
0.625
0.08163265306122448
0.02564102564102564
0.3333333333333333
0.7142857142857143
0.2
0.0625
0.42857142857142855
0.125
0.2222222222222222
0.4
0.3333333333333333
0.06557377049180328
0.16666666666666666
0.36363636363636365
0.2857142857142857
0.25
0.14285714285714285
0.25
0.25
0.125
0.4
0.2
0.1
0.5714285714285714
0.6
0.3
0.07142857142857142
0.0
0.2222222222222222
0.21052631578947367
0.4
0.0
0.14285714285714285
0.2857142857142857
0.15
0.4
0.6
0.23529411764705882
0.1111111111111111
0.125
0.25
0.14285714285714285
0.4
0.14285714285714285
0.3333333333333333
0.5
0.038461538461538464
0.14285714285714285
0.16666666666666666
0.75
0.2222222222222222
0.16666666666666666
0.0
0.6
0.16666666666666666
0.07142857142857142
0.6
0.06060606060606061
0.125
0.2222222222222222
0.07142857142857142
0.1
0.0641025641025641
0.125
0.06060606060606061
0.4
0.16666666666666666
0.25
0.45454545454545453
0.2222222222222222
0.5
0.4
0.18181818181818182
0.75
0.14285714285714285
0.4
0.5
0.16129032258064516
0.5
0.08695652173913043
0.5
0.1111111111111111
0.13043478260869565
0.5
0.022099447513812154
0.1
0.09090909090909091
0.5
0.058823529411764705
0.25
0.0
0.037037037037037035
0.2727272727272727
0.3333333333333333
0.6
0.25
0.2
0.21428571428571427
0.09375
0.16666666666666666
0.1111111111111111
0.11764705882352941
0.4166666666666667
0.2
0.07692307692307693
0.2
0.0
0.14285714285714285
0.1
0.1111111111111111
0.15384615384615385
0.2857142857142857
0.09523809523809523
0.22727272727272727
0.25
0.2
0.06521739130434782
0.0
0.14285714285714285
0.5
0.4
0.1
0.1
0.23076923076923078
0.3333333333333333
0.0
0.375
0.09090909090909091
0.23529411764705882
0.2857142857142857
0.375
0.2
0.09090909090909091
0.6666666666666666
0.1
0.13636363636363635
0.4
0.5
0.6
0.13333333333333333
0.38461538461538464
0.21739130434782608
0.2222222222222222
0.1
0.25
0.4166666666666667
0.1111111111111111
0.3333333333333333
0.13636363636363635
0.6
0.03125
0.25
0.5
0.04
0.18181818181818182
0.05714285714285714
0.5
0.0
0.037037037037037035
0.0
0.5
0.2222222222222222
0.42857142857142855
0.3333333333333333
0.4
0.25
0.75
0.05
0.2857142857142857
0.42857142857142855
0.5
0.16666666666666666
0.2
0.08333333333333333
0.42857142857142855
0.25
0.14285714285714285
0.8
0.42857142857142855
0.16666666666666666
0.0
0.125
0.6
0.2
0.2222222222222222
0.11764705882352941
0.75
0.125
0.625
0.3333333333333333
0.0
0.4
0.16666666666666666
0.3333333333333333
0.017391304347826087
0.5
0.2222222222222222
0.037037037037037035
0.2857142857142857
0.14285714285714285
0.5
0.5
0.25
0.4
0.1111111111111111
0.06060606060606061
0.18181818181818182
0.5
0.15789473684210525
0.5714285714285714
0.6666666666666666
0.42857142857142855
0.6
0.5
0.6
0.07142857142857142
0.16666666666666666
0.16666666666666666
0.4
0.2
0.1111111111111111
0.034482758620689655
0.25
0.25
0.36363636363636365
0.2222222222222222
0.6666666666666666
0.02631578947368421
0.4
0.2
0.0
0.1111111111111111
0.16666666666666666
0.3333333333333333
0.4
0.07142857142857142
0.4
0.25
0.45454545454545453
0.4
0.6
0.07692307692307693
0.4
0.09090909090909091
0.09803921568627451
0.16666666666666666
0.7142857142857143
0.2857142857142857
0.2
0.08333333333333333
0.4166666666666667
0.375
0.5
0.09523809523809523
0.0
0.06666666666666667
0.075
0.0
0.4444444444444444
0.2857142857142857
0.375
0.4
0.3125
0.4
0.18181818181818182
0.2
0.2222222222222222
0.375
0.6
0.2222222222222222
1.0
0.25
0.6
0.42857142857142855
0.2
0.2
0.375
0.3
0.3333333333333333
0.4166666666666667
0.26666666666666666
0.0
0.4
0.2857142857142857
0.8
0.6
0.3333333333333333
0.13333333333333333
0.125
0.0
0.14285714285714285
0.5
0.2
0.0625
0.09375
0.05
0.0
0.0
0.5
0.0
0.25
0.2222222222222222
0.5
0.36363636363636365
0.2727272727272727
0.1
0.09523809523809523
0.6
0.02564102564102564
0.0
0.16666666666666666
0.09090909090909091
0.25
0.3333333333333333
0.16666666666666666
0.36363636363636365
0.6
0.2727272727272727
0.1875
0.25
0.125
0.38461538461538464
0.14285714285714285
0.041666666666666664
0.625
0.8
0.09090909090909091
0.08571428571428572
0.2
0.4
0.13043478260869565
0.15789473684210525
0.13333333333333333
0.16666666666666666
0.375
0.4
0.5
0.3333333333333333
0.4
0.21428571428571427
0.18181818181818182
0.0
0.125
0.1111111111111111
0.6
0.0
0.07692307692307693
0.2222222222222222
0.75
0.23529411764705882
0.6666666666666666
0.09090909090909091
0.0
0.3333333333333333
0.2222222222222222
0.08571428571428572
0.5
0.058823529411764705
0.8
0.08
0.625
0.2
0.2
0.3
0.6
0.4
0.08823529411764706
0.3333333333333333
0.2
0.3125
0.14285714285714285
0.3
0.25
0.42857142857142855
0.3
0.041666666666666664
0.5
0.6666666666666666
0.5
0.5
0.14285714285714285
0.42857142857142855
0.2857142857142857
0.4
0.75
0.16666666666666666
0.375
0.125
0.4
0.0
0.16666666666666666
0.5
0.375
0.05263157894736842
0.0
0.5
0.09523809523809523
0.6
0.3333333333333333
0.4
0.20833333333333334
0.2222222222222222
0.21428571428571427
0.0
0.08823529411764706
0.5
0.2
0.25
0.18181818181818182
0.21052631578947367
0.4
0.0
0.18181818181818182
0.4
0.2857142857142857
0.5714285714285714
0.6
0.16666666666666666
0.3333333333333333
0.3
0.0
0.07407407407407407
0.4
0.2727272727272727
1.0
0.4
0.16666666666666666
0.125
0.14285714285714285
0.3
0.5
0.0
0.75
0.08333333333333333
0.0
0.42857142857142855
0.42857142857142855
0.4
0.2857142857142857
0.2
0.10526315789473684
0.2
0.3333333333333333
0.15384615384615385
0.14285714285714285
0.75
0.20833333333333334
0.09090909090909091
0.1111111111111111
0.6
0.2222222222222222
0.25
0.16666666666666666
0.2857142857142857
0.42857142857142855
0.42857142857142855
0.2857142857142857
0.5
0.6
0.3333333333333333
0.1
0.0
0.2727272727272727
0.16666666666666666
0.3333333333333333
0.25
0.4
0.4
0.25
0.0
0.5
0.25
0.09090909090909091
0.16666666666666666
0.0
0.16666666666666666
0.21428571428571427
0.0625
0.18181818181818182
0.5
0.125
0.0
1.0
0.3333333333333333
0.16666666666666666
0.11764705882352941
0.14285714285714285
0.2222222222222222
0.06666666666666667
0.2222222222222222
0.5
0.16666666666666666
0.25
0.11538461538461539
0.5
0.07407407407407407
0.0
0.2
0.4
0.5
0.2
0.14285714285714285
0.06521739130434782
0.2222222222222222
0.2857142857142857
0.2727272727272727
0.6
1.0
0.07894736842105263
0.2
0.08333333333333333
0.6
0.0
0.375
0.25
0.2857142857142857
0.42857142857142855
0.2
0.06666666666666667
0.375
0.1
0.0
0.8
0.4444444444444444
0.16666666666666666
0.16666666666666666
0.5
0.08333333333333333
0.2
0.2
0.3333333333333333
0.0
0.14285714285714285
0.25
0.14705882352941177
0.07894736842105263
0.3333333333333333
0.21739130434782608
0.029411764705882353
0.03571428571428571
0.2
0.14285714285714285
0.05714285714285714
0.17647058823529413
0.0
0.14285714285714285
0.4
0.3333333333333333
0.0
0.15789473684210525
0.09090909090909091
0.4
0.125
0.05714285714285714
0.18181818181818182
0.028985507246376812
0.21428571428571427
0.030303030303030304
0.3333333333333333
0.2857142857142857
0.11363636363636363
0.42857142857142855
0.05555555555555555
0.0
0.10526315789473684
0.1724137931034483
0.4
0.25
0.2
0.15789473684210525
0.10869565217391304
0.6
0.4
0.25
0.0
0.38461538461538464
0.041666666666666664
0.25
0.05555555555555555
0.0
0.35714285714285715
0.36363636363636365
0.25
0.25
0.03571428571428571
0.35714285714285715
0.6
0.5
0.25
0.25
0.625
0.19230769230769232
0.25
0.6666666666666666
0.4
0.2
0.25
0.4
0.1
0.06666666666666667
0.17647058823529413
0.25
0.3
0.0
0.42857142857142855
0.2
0.16666666666666666
0.0
0.2
0.8333333333333334
0.14285714285714285
0.6
0.75
0.125
0.3076923076923077
0.21739130434782608
0.2
0.8
0.42857142857142855
0.16666666666666666
0.1111111111111111
0.75
0.6666666666666666
0.09090909090909091
0.4
0.4
0.26666666666666666
0.3333333333333333
0.13043478260869565
0.125
0.5
0.3333333333333333
0.3333333333333333
0.3333333333333333
0.2
0.23076923076923078
0.1724137931034483
0.25
0.2222222222222222
0.0
0.125
0.2857142857142857
0.16666666666666666
0.6
0.07142857142857142
0.0
0.18181818181818182
0.5
0.2857142857142857
0.25
0.4
0.5
0.13333333333333333
0.0
0.16666666666666666
0.3333333333333333
0.07692307692307693
0.8
0.10526315789473684
0.11764705882352941
0.16666666666666666
0.125
0.5
0.1724137931034483
0.2857142857142857
0.125
0.0
0.05555555555555555
0.0
0.5555555555555556
0.3333333333333333
0.25
0.15384615384615385
0.15
0.058823529411764705
0.8
0.18181818181818182
0.42857142857142855
0.625
0.13636363636363635
0.3333333333333333
0.5
0.4166666666666667
0.6
0.1111111111111111
0.0
0.29411764705882354
0.125
0.2
0.05405405405405406
0.1111111111111111
0.2222222222222222
0.16666666666666666
0.4
0.041666666666666664
0.16666666666666666
0.6
0.2857142857142857
0.2857142857142857
0.25
0.2857142857142857
0.1
0.2
0.35714285714285715
0.2857142857142857
0.07017543859649122
0.047619047619047616
0.5
0.07692307692307693
0.08333333333333333
0.3333333333333333
0.25
0.2857142857142857
0.056179775280898875
0.08695652173913043
0.2857142857142857
0.16666666666666666
0.2
0.2857142857142857
0.75
0.15384615384615385
0.4444444444444444
0.16666666666666666
0.08333333333333333
0.125
0.19047619047619047
0.16
0.16666666666666666
0.25
0.29411764705882354
0.14285714285714285
0.2
0.125
0.10344827586206896
0.8
0.5
0.06666666666666667
0.5
0.16666666666666666
0.3333333333333333
0.4
0.1111111111111111
0.42857142857142855
0.75
0.5555555555555556
0.45454545454545453
0.2
0.5
0.15384615384615385
0.05128205128205128
0.75
0.25
0.3333333333333333
0.4
0.08333333333333333
0.14285714285714285
0.3333333333333333
0.3333333333333333
0.043478260869565216
0.8
0.3076923076923077
0.4
0.35714285714285715
0.0
0.5
0.5714285714285714
0.3
0.5555555555555556
0.3333333333333333
0.5
0.6
0.2857142857142857
0.21428571428571427
0.6666666666666666
0.75
0.06060606060606061
0.21052631578947367
0.05
0.14285714285714285
0.13636363636363635
0.1
0.1875
0.0625
0.2727272727272727
0.2
0.4
0.18181818181818182
0.16666666666666666
0.13333333333333333
0.14285714285714285
0.0
0.25
0.4
0.2857142857142857
0.2
0.23076923076923078
0.08333333333333333
0.09090909090909091
0.07142857142857142
0.0
0.2857142857142857
0.10526315789473684
0.3333333333333333
0.13636363636363635
0.12
0.18181818181818182
0.35714285714285715
0.5
0.4
0.21428571428571427
0.8
0.3333333333333333
0.25
0.5
0.125
0.3
0.4
0.26666666666666666
0.75
0.08333333333333333
0.047619047619047616
0.16666666666666666
0.0
0.06666666666666667
0.5
0.3
0.25
0.2857142857142857
0.13333333333333333
0.10526315789473684
0.5
0.16666666666666666
0.0
0.13333333333333333
0.6666666666666666
0.6
0.0
0.13333333333333333
0.1
0.2857142857142857
0.25
0.0
0.5
0.1
0.07317073170731707
0.125
0.38461538461538464
0.6
0.1111111111111111
0.08333333333333333
0.2857142857142857
0.041666666666666664
0.6666666666666666
0.2857142857142857
0.6
0.14285714285714285
0.05555555555555555
0.09090909090909091
0.06896551724137931
0.09090909090909091
0.375
0.75
0.375
0.2
0.4
0.0
0.4166666666666667
0.0
0.08333333333333333
0.09375
0.2727272727272727
0.16666666666666666
0.14285714285714285
0.6
0.5
0.625
0.4
0.3
0.3333333333333333
0.2222222222222222
0.6
0.037037037037037035
0.07692307692307693
0.16666666666666666
0.125
0.8
0.1
0.6
0.25
0.0
0.2
0.13333333333333333
0.125
0.5714285714285714
0.3333333333333333
0.5555555555555556
0.5
0.7142857142857143
0.26666666666666666
0.17647058823529413
0.0
0.5
0.13333333333333333
0.6
0.18181818181818182
0.06097560975609756
0.3125
0.4
0.75
0.6
0.14285714285714285
0.15384615384615385
0.4
0.043478260869565216
0.25
0.0
0.04
0.2857142857142857
0.045454545454545456
0.6
0.08
0.13333333333333333
0.1111111111111111
0.35714285714285715
0.2
0.36363636363636365
0.42857142857142855
0.21428571428571427
0.16666666666666666
0.5
0.4
0.3333333333333333
0.4166666666666667
0.08333333333333333
0.5
0.1111111111111111
0.4
0.13636363636363635
0.25
0.16666666666666666
0.2
0.125
0.42857142857142855
0.4
0.5
0.2
0.2
0.16666666666666666
0.09090909090909091
0.2222222222222222
0.12903225806451613
0.25
0.2857142857142857
0.25
0.05555555555555555
0.4
0.0
0.23076923076923078
0.2
0.08695652173913043
0.14285714285714285
0.8
0.125
0.23076923076923078
0.0625
0.08333333333333333
0.4444444444444444
0.25
0.45454545454545453
0.3333333333333333
0.125
0.06666666666666667
0.125
0.6
0.4444444444444444
0.3
0.2
0.0
0.18181818181818182
0.6
0.2
0.0
0.2
0.2
0.09090909090909091
0.18181818181818182
0.031746031746031744
0.25
0.6
0.2222222222222222
0.0
0.4
0.14285714285714285
0.1111111111111111
0.5555555555555556
0.1111111111111111
0.07142857142857142
0.13636363636363635
0.05405405405405406
0.125
0.13333333333333333
0.2
0.5
0.2222222222222222
0.05555555555555555
0.10714285714285714
0.0625
0.058823529411764705
0.5
0.07142857142857142
0.14285714285714285
0.05555555555555555
0.047619047619047616
0.6
0.2857142857142857
0.6
0.16666666666666666
0.25
0.06060606060606061
0.0
0.0
0.4
0.26666666666666666
0.75
0.15
0.06666666666666667
0.06666666666666667
0.16666666666666666
0.17647058823529413
0.45454545454545453
0.08333333333333333
0.22727272727272727
0.125
0.4
0.3125
0.2222222222222222
0.4
0.2857142857142857
0.5714285714285714
0.0
0.6
0.16666666666666666
0.125
0.42857142857142855
0.4
0.06557377049180328
0.14285714285714285
0.6
0.42857142857142855
0.23809523809523808
0.125
0.2
0.6
0.3333333333333333
0.125
0.09523809523809523
0.14285714285714285
0.3333333333333333
0.2
0.16666666666666666
0.6
0.2222222222222222
0.14285714285714285
0.6
0.6
0.4
0.5
0.15384615384615385
0.25
0.0
0.2
0.14285714285714285
0.45454545454545453
0.2
0.29411764705882354
0.027777777777777776
0.16666666666666666
0.25
0.3333333333333333
0.5
0.5
0.2857142857142857
0.0
0.2857142857142857
1.0
0.2857142857142857
0.3333333333333333
0.14285714285714285
1.0
0.3333333333333333
0.0
0.1111111111111111
0.7142857142857143
0.0
0.5
0.0
0.0
0.6
0.75
0.6
0.18181818181818182
0.23076923076923078
0.1111111111111111
0.07692307692307693
0.15
0.42857142857142855
0.09375
0.2
0.3076923076923077
0.3333333333333333
0.07142857142857142
0.6666666666666666
0.5
0.07894736842105263
0.0
0.2857142857142857
0.2857142857142857
0.23076923076923078
0.01639344262295082
0.2
0.6
0.3333333333333333
0.3
0.0
0.5
0.4
0.14285714285714285
0.2727272727272727
0.15625
0.05555555555555555
0.5
0.2
0.21428571428571427
0.3333333333333333
0.07142857142857142
0.05
0.19047619047619047
0.14285714285714285
0.09090909090909091
0.07142857142857142
0.2
0.1111111111111111
0.2857142857142857
0.5
0.18181818181818182
0.14285714285714285
0.2
0.05128205128205128
0.5
0.25
0.037037037037037035
0.0
0.0
0.2222222222222222
0.09090909090909091
0.2
0.14285714285714285
0.5714285714285714
0.2857142857142857
0.18181818181818182
0.2857142857142857
0.047619047619047616
0.5
0.125
0.2
0.0
0.07317073170731707
0.45454545454545453
0.21428571428571427
0.0
0.08
0.16666666666666666
0.0
0.09090909090909091
0.3333333333333333
0.0
0.0
0.4
0.125
0.5
0.25
0.8333333333333334
0.6666666666666666
0.25
0.13333333333333333
0.25
0.3333333333333333
0.0
0.1
0.0
0.06666666666666667
0.05263157894736842
0.2
0.4
0.5
0.2727272727272727
0.16666666666666666
0.3125
0.0
0.5
0.14285714285714285
0.3333333333333333
0.16666666666666666
0.16666666666666666
0.08333333333333333
0.14285714285714285
0.6666666666666666
1.0
0.21428571428571427
0.0
0.061224489795918366
0.09375
0.5
0.2222222222222222
0.4
0.2857142857142857
0.5
0.1
0.25
0.05084745762711865
0.14285714285714285
0.16666666666666666
0.6
0.06451612903225806
0.4
0.5
0.4444444444444444
0.03508771929824561
0.0
0.16666666666666666
0.2222222222222222
0.5
0.15384615384615385
0.3333333333333333
0.25
0.0625
0.42857142857142855
0.045454545454545456
0.09090909090909091
0.42857142857142855
0.4
0.16666666666666666
0.125
0.2
0.375
0.1
0.35714285714285715
0.16666666666666666
0.09090909090909091
0.4
0.07407407407407407
0.3125
0.16666666666666666
0.25
0.1
0.2222222222222222
0.25
0.5
0.07692307692307693
0.09090909090909091
0.2
0.16666666666666666
0.25
0.08333333333333333
0.05
0.16666666666666666
0.2857142857142857
0.041666666666666664
0.06666666666666667
0.060240963855421686
0.38461538461538464
0.5
0.3076923076923077
0.125
0.36363636363636365
0.125
0.0625
0.1111111111111111
0.10526315789473684
0.2857142857142857
0.25
0.1
0.0
0.25
0.75
0.058823529411764705
0.21052631578947367
0.75
0.25
0.2857142857142857
0.3
0.3333333333333333
0.10344827586206896
0.21428571428571427
0.15
0.25
0.1111111111111111
0.5
0.4
0.6666666666666666
0.8333333333333334
0.3
0.45454545454545453
0.4
0.1724137931034483
0.25
0.07692307692307693
0.5
0.16666666666666666
0.16666666666666666
0.6666666666666666
0.04918032786885246
0.14285714285714285
0.5
0.10526315789473684
0.06818181818181818
0.2857142857142857
0.15384615384615385
0.3333333333333333
0.06666666666666667
0.4
0.05263157894736842
0.8333333333333334
0.1111111111111111
0.2222222222222222
0.4
0.75
1.0
0.4
0.037037037037037035
0.07142857142857142
0.1111111111111111
0.4
0.0
0.09090909090909091
0.1111111111111111
0.2
0.3333333333333333
0.5714285714285714
0.2222222222222222
0.3333333333333333
0.5
0.0625
0.2
0.4
0.2727272727272727
0.2
0.3
0.2857142857142857
0.125
0.2857142857142857
0.2222222222222222
0.6
0.3333333333333333
0.2857142857142857
0.25
0.25
0.15384615384615385
0.0
0.09090909090909091
0.21428571428571427
0.625
0.0
0.2857142857142857
0.17647058823529413
0.42857142857142855
0.75
0.4444444444444444
0.16666666666666666
0.058823529411764705
0.25
0.125
0.5714285714285714
0.09090909090909091
0.053763440860215055
0.25
0.037037037037037035
0.046875
0.4
0.2
0.037037037037037035
0.16666666666666666
0.5
0.8333333333333334
0.5
0.4444444444444444
0.4
0.08333333333333333
0.09090909090909091
0.2857142857142857
0.14285714285714285
0.5
0.0
0.18181818181818182
0.05
0.0
0.6
0.1111111111111111
0.0
0.2
0.5
0.2
0.125
0.11764705882352941
0.5
0.2
0.14285714285714285
0.16666666666666666
0.25
0.1
0.08695652173913043
0.16666666666666666
0.125
0.0
0.15384615384615385
0.8
0.0
0.3333333333333333
0.5
0.25
0.15151515151515152
0.5714285714285714
0.4
0.10416666666666667
0.1875
0.18181818181818182
0.08695652173913043
0.16666666666666666
0.05555555555555555
0.07692307692307693
0.14285714285714285
0.043478260869565216
0.29411764705882354
0.09523809523809523
0.3333333333333333
0.125
0.14285714285714285
0.8
0.04054054054054054
0.07142857142857142
0.0
0.3
0.12
0.5
0.3333333333333333
0.125
0.0
0.2
0.3333333333333333
0.15789473684210525
0.5
0.0625
0.2857142857142857
0.2
0.1111111111111111
0.5
0.5
0.06666666666666667
0.5
0.4
0.06666666666666667
0.4
0.26666666666666666
0.4
0.1
0.25
0.020833333333333332
0.2857142857142857
0.13333333333333333
0.6
0.4
0.21428571428571427
0.3333333333333333
0.3
0.13157894736842105
0.3333333333333333
0.25
0.2857142857142857
0.3333333333333333
0.19230769230769232
0.13043478260869565
0.4166666666666667
0.0
0.36363636363636365
0.0
0.2777777777777778
0.060240963855421686
0.2
0.5
0.25
0.1
0.45454545454545453
0.0625
0.5
0.4
0.0
0.1111111111111111
0.4
0.1
0.2
0.1111111111111111
0.07692307692307693
0.05555555555555555
0.3076923076923077
0.18181818181818182
0.1
0.09523809523809523
0.2
0.08333333333333333
0.09615384615384616
0.125
0.22727272727272727
0.2727272727272727
0.19230769230769232
0.2
0.15384615384615385
0.6666666666666666
0.13333333333333333
0.2777777777777778
0.13333333333333333
0.4
0.04081632653061224
0.75
0.0
0.09090909090909091
0.21739130434782608
0.2727272727272727
0.375
0.6
0.047619047619047616
0.16666666666666666
0.15
0.0
0.14285714285714285
0.25
0.125
0.06666666666666667
0.25
0.2857142857142857
0.15384615384615385
0.16666666666666666
0.15384615384615385
0.2
0.0
0.3333333333333333
0.2857142857142857
0.2
0.5
0.0
0.5
0.0625
0.25
0.25
0.2
0.1
0.75
0.0
0.17857142857142858
0.0
0.13157894736842105
0.1111111111111111
0.26666666666666666
0.2222222222222222
0.4
0.42857142857142855
0.2
0.3076923076923077
0.5
0.0
0.2857142857142857
0.0
0.1111111111111111
0.7142857142857143
0.5
0.2222222222222222
0.09302325581395349
0.3333333333333333
0.3333333333333333
0.14285714285714285
0.14285714285714285
0.14285714285714285
0.1111111111111111
0.0
0.25
0.42857142857142855
0.1111111111111111
0.125
0.0
0.0
0.25
0.29411764705882354
0.125
0.03225806451612903
0.020833333333333332
0.2222222222222222
0.2222222222222222
0.03571428571428571
0.3333333333333333
0.16666666666666666
0.6666666666666666
0.08333333333333333
0.25
0.01639344262295082
0.4
0.0
0.16666666666666666
0.03125
0.5555555555555556
0.4
0.5
0.17391304347826086
0.0
0.16
0.13333333333333333
0.25
0.05555555555555555
0.0
0.4
0.13333333333333333
0.14285714285714285
0.06818181818181818
0.17391304347826086
0.25
0.2727272727272727
0.16666666666666666
0.2
0.09523809523809523
0.375
0.09523809523809523
0.5
0.25
0.25
0.1
0.14814814814814814
0.1388888888888889
0.16666666666666666
0.6
0.25
0.2
0.7142857142857143
0.1111111111111111
0.4
0.16666666666666666
0.38461538461538464
0.12
0.75
0.16666666666666666
0.0
0.25
0.0
0.25
0.4
0.22727272727272727
0.16666666666666666
0.0
0.16666666666666666
0.3076923076923077
0.4
0.0
0.42857142857142855
0.5
0.2222222222222222
0.4
0.6
0.4
0.6
0.0
0.14285714285714285
0.75
0.8
0.05263157894736842
0.8
0.2
0.2
0.3076923076923077
0.2857142857142857
0.08333333333333333
0.6
0.08571428571428572
0.25
0.8
0.07142857142857142
0.045454545454545456
0.25
0.16666666666666666
0.11764705882352941
0.16666666666666666
1.0
0.25
0.25
0.15
0.6
0.0
0.06451612903225806
0.0
0.1875
0.16666666666666666
0.36363636363636365
0.07142857142857142
0.4
0.125
0.25
0.25
0.16666666666666666
0.11764705882352941
0.0
0.05
0.25
0.05263157894736842
0.0
0.16666666666666666
0.18518518518518517
0.11764705882352941
0.17391304347826086
0.0
0.16666666666666666
0.45454545454545453
0.058823529411764705
0.16666666666666666
0.07894736842105263
0.3333333333333333
0.3333333333333333
0.5
0.2727272727272727
0.09375
0.21052631578947367
0.10344827586206896
0.6
0.16666666666666666
0.8
0.03488372093023256
0.375
0.25
0.3333333333333333
0.0
0.2222222222222222
0.2
0.23076923076923078
0.25
0.05357142857142857
0.26666666666666666
0.2631578947368421
0.6
0.16666666666666666
0.23529411764705882
0.0
0.75
0.0
0.6
0.125
0.09090909090909091
0.2
0.05555555555555555
0.35714285714285715
0.1
0.15789473684210525
0.2222222222222222
0.2857142857142857
0.6
0.1
0.2857142857142857
0.4
0.25
0.3333333333333333
0.26666666666666666
0.08333333333333333
0.16666666666666666
0.2222222222222222
0.16666666666666666
0.14285714285714285
0.08333333333333333
0.5
0.42857142857142855
0.10204081632653061
0.1
0.25
0.06666666666666667
0.0
0.1
0.25
0.13636363636363635
0.2857142857142857
0.2727272727272727
0.3333333333333333
0.03333333333333333
0.14285714285714285
0.125
0.625
0.4
0.3333333333333333
0.14285714285714285
0.16666666666666666
0.5
0.09523809523809523
0.3333333333333333
0.3333333333333333
0.2857142857142857
0.03333333333333333
0.6
0.0
0.25
0.4
0.07692307692307693
0.25
0.8
0.8
0.06666666666666667
0.2857142857142857
0.1111111111111111
0.14285714285714285
0.5
0.18181818181818182
0.4
0.6
0.16666666666666666
0.0625
0.19230769230769232
0.4
0.2727272727272727
0.16666666666666666
0.0
0.16666666666666666
0.125
0.3125
0.125
0.22727272727272727
0.375
0.0
0.3333333333333333
0.3333333333333333
0.25
0.375
0.21428571428571427
0.3333333333333333
0.0
0.0
0.42857142857142855
0.29411764705882354
0.3333333333333333
0.6666666666666666
0.7142857142857143
0.6
0.2
0.18181818181818182
0.07142857142857142
0.2
0.6
0.06666666666666667
0.07692307692307693
0.6
0.16666666666666666
0.25
0.2
0.2
0.2
0.125
0.2222222222222222
0.2
0.0
0.2631578947368421
0.16666666666666666
0.10344827586206896
0.05263157894736842
0.08333333333333333
0.6
0.2
0.2
0.1
0.3
0.3333333333333333
0.2
0.0
0.2
0.25
0.2857142857142857
0.6666666666666666
0.4
0.1
0.3333333333333333
0.0
0.6
0.07407407407407407
0.17647058823529413
0.125
0.125
0.2222222222222222
0.2727272727272727
0.2
0.4
0.2857142857142857
0.2
0.13157894736842105
0.6
0.35714285714285715
0.4
0.0967741935483871
0.4
0.35714285714285715
0.0
0.75
0.0423728813559322
0.25
0.6
0.7142857142857143
0.2727272727272727
0.0
0.07142857142857142
0.16666666666666666
0.5
0.4
0.25
0.2222222222222222
0.4444444444444444
0.6
0.4
0.3
0.0
0.125
0.2
0.26666666666666666
0.2
0.42857142857142855
0.625
0.4
0.375
0.1
0.2
0.10526315789473684
0.10526315789473684
0.25
0.2
0.25
0.4
0.5
0.2
0.42857142857142855
0.16666666666666666
0.08
0.15789473684210525
0.42857142857142855
0.16666666666666666
0.25
0.42857142857142855
0.07407407407407407
0.4
0.2
0.5
0.16666666666666666
0.3333333333333333
0.14285714285714285
0.15384615384615385
0.6
0.2857142857142857
0.2222222222222222
0.0
0.4
0.125
0.045454545454545456
0.6
0.058823529411764705
0.058823529411764705
0.2857142857142857
0.2857142857142857
0.0
0.3333333333333333
0.5
0.2
0.16666666666666666
0.2857142857142857
0.09090909090909091
0.5
0.2222222222222222
0.2
0.2857142857142857
0.0
0.11764705882352941
0.05714285714285714
0.5714285714285714
0.3333333333333333
0.25
0.5
0.0
0.4
0.14285714285714285
0.2
0.0784313725490196
0.5
0.09090909090909091
0.13636363636363635
0.0
0.6
0.13333333333333333
0.10526315789473684
0.3333333333333333
0.0
0.09523809523809523
0.1
0.08163265306122448
0.8
0.15
0.1111111111111111
0.45454545454545453
0.3333333333333333
0.2
0.125
0.027777777777777776
0.4444444444444444
0.08333333333333333
0.42857142857142855
0.8
0.16666666666666666
0.1111111111111111
0.057971014492753624
0.0625
0.21428571428571427
0.2222222222222222
0.09090909090909091
0.4
0.0625
0.5
0.16666666666666666
0.0
0.0
0.029411764705882353
0.10869565217391304
0.5
0.2
0.14285714285714285
0.375
0.05
0.2777777777777778
0.8
0.5
0.2857142857142857
0.07692307692307693
0.25
0.2857142857142857
0.053763440860215055
0.06666666666666667
0.16666666666666666
0.16666666666666666
0.0
0.25
0.08
0.05
0.3333333333333333
0.027777777777777776
0.2
0.5
0.5
0.25
0.4
0.0625
0.2857142857142857
0.2
0.23809523809523808
0.22727272727272727
0.14285714285714285
0.25
0.0
0.11764705882352941
0.23076923076923078
0.5555555555555556
0.06666666666666667
0.36363636363636365
0.75
0.42857142857142855
0.2
0.16666666666666666
0.047619047619047616
0.0
0.42857142857142855
0.5
0.08695652173913043
0.075
0.23529411764705882
0.3333333333333333
0.5
0.09090909090909091
0.3076923076923077
0.8
0.6666666666666666
0.6666666666666666
0.4
0.6666666666666666
0.14285714285714285
0.2727272727272727
0.2857142857142857
0.16666666666666666
0.6666666666666666
0.6666666666666666
0.1
0.4
0.15384615384615385
0.2727272727272727
0.3333333333333333
0.2
0.4
0.13333333333333333
0.09523809523809523
0.3333333333333333
0.08333333333333333
0.1
0.5714285714285714
0.2
0.0
0.3333333333333333
0.19230769230769232
0.6
0.17647058823529413
0.17391304347826086
0.8333333333333334
0.13043478260869565
0.2222222222222222
0.8
0.4
0.36363636363636365
0.2
0.2
0.07692307692307693
0.1111111111111111
0.044642857142857144
0.1111111111111111
0.3333333333333333
0.3333333333333333
0.1
0.3333333333333333
0.6
0.7142857142857143
0.75
0.6666666666666666
0.2
0.75
0.16666666666666666
0.2
0.08695652173913043
0.023809523809523808
0.5
0.2
0.1
0.07407407407407407
0.25
0.5
0.2
0.125
0.09090909090909091
0.1111111111111111
0.14285714285714285
0.2857142857142857
0.022222222222222223
0.10344827586206896
0.4
0.2
0.3333333333333333
0.2222222222222222
0.2222222222222222
0.5
0.16666666666666666
0.3
0.16666666666666666
0.4
0.4
0.2857142857142857
0.05
0.2222222222222222
0.1
0.25
0.1111111111111111
0.6
0.2631578947368421
0.375
0.15384615384615385
0.14285714285714285
0.4166666666666667
0.14285714285714285
0.25
0.0
0.18181818181818182
0.3333333333333333
0.16666666666666666
0.2727272727272727
0.2
0.16666666666666666
0.5
0.16666666666666666
0.75
0.16666666666666666
0.1
0.1875
0.4
0.42857142857142855
0.5
0.13043478260869565
0.5
0.17647058823529413
0.0
0.0
0.16129032258064516
0.25
0.1
0.0
0.0
0.16666666666666666
0.3333333333333333
0.0
0.8
0.16666666666666666
0.06666666666666667
0.0
0.16666666666666666
0.4
0.25
0.16666666666666666
0.09090909090909091
0.0
0.2857142857142857
0.2857142857142857
0.3125
0.25
0.18181818181818182
0.015625
0.25
0.4
0.07407407407407407
0.1
0.3333333333333333
0.25
0.6666666666666666
0.4
0.3333333333333333
0.6
0.4
0.3333333333333333
0.09090909090909091
0.08333333333333333
0.10526315789473684
0.4444444444444444
0.0967741935483871
0.3333333333333333
0.2727272727272727
0.18181818181818182
0.1111111111111111
0.25
0.2
0.4
0.4444444444444444
0.11764705882352941
0.25
0.2
0.6
0.03597122302158273
0.125
0.125
0.2
0.1111111111111111
0.2
0.14285714285714285
0.125
0.3333333333333333
0.14285714285714285
0.45454545454545453
0.16666666666666666
0.3333333333333333
0.2
0.4
0.08333333333333333
0.25
0.09090909090909091
0.5
0.5
0.75
0.25
0.8
0.08771929824561403
0.25
0.2222222222222222
0.14285714285714285
0.18181818181818182
0.0625
0.08333333333333333
0.09090909090909091
0.3333333333333333
0.2857142857142857
0.0
0.2
0.0
0.125
0.022222222222222223
0.14285714285714285
0.2
0.4
0.16666666666666666
1.0
0.2857142857142857
0.125
0.375
0.0625
0.75
0.10714285714285714
0.08333333333333333
0.42857142857142855
0.14285714285714285
0.0847457627118644
0.07142857142857142
0.1111111111111111
0.6
0.4166666666666667
0.18181818181818182
0.2857142857142857
0.25
0.125
0.25
0.2
0.6
0.058823529411764705
0.17647058823529413
0.09090909090909091
0.0
0.2857142857142857
0.3333333333333333
0.18181818181818182
0.4
0.5
0.5
0.08333333333333333
0.16666666666666666
0.11363636363636363
0.125
0.3
0.07142857142857142
0.25
0.4
0.05263157894736842
0.0
0.4444444444444444
0.16666666666666666
0.5
0.07462686567164178
0.14285714285714285
0.09090909090909091
0.09090909090909091
0.15384615384615385
0.021739130434782608
0.03571428571428571
0.75
0.09090909090909091
0.7142857142857143
0.0
0.6666666666666666
0.09090909090909091
0.23076923076923078
0.25
0.23529411764705882
0.2
0.034722222222222224
0.08333333333333333
0.4
0.42857142857142855
0.5
0.5714285714285714
0.09090909090909091
0.16666666666666666
0.3333333333333333
0.08333333333333333
0.6666666666666666
0.1
0.05
0.14285714285714285
0.23076923076923078
0.13157894736842105
0.14285714285714285
0.75
0.8
0.2857142857142857
0.5
0.3333333333333333
0.1
0.3333333333333333
0.0
0.3333333333333333
0.4444444444444444
0.125
0.375
0.08333333333333333
0.5
0.3125
0.0
0.3333333333333333
0.017857142857142856
0.04
0.6666666666666666
0.16666666666666666
0.2
0.1111111111111111
0.08333333333333333
0.05555555555555555
0.10526315789473684
0.4
0.25
0.10416666666666667
0.2
0.13636363636363635
0.16666666666666666
0.6
0.1111111111111111
0.125
0.25
0.05555555555555555
0.3333333333333333
0.03571428571428571
0.2222222222222222
0.125
0.07692307692307693
0.09090909090909091
0.038461538461538464
0.1111111111111111
0.09090909090909091
0.3333333333333333
0.35714285714285715
0.5
0.125
0.125
0.14285714285714285
0.041666666666666664
0.0
0.10526315789473684
0.16666666666666666
0.5
0.2222222222222222
0.35714285714285715
0.0
0.13043478260869565
0.4444444444444444
0.6
0.2857142857142857
0.125
0.21428571428571427
0.0
0.45454545454545453
0.6
0.5555555555555556
0.1875
0.2
0.1
0.0
0.125
0.3333333333333333
0.6
0.11764705882352941
0.3333333333333333
0.06451612903225806
0.2857142857142857
0.4
0.05660377358490566
0.16666666666666666
0.13333333333333333
0.16666666666666666
0.4
0.14285714285714285
0.05
0.16666666666666666
0.4
0.6
0.045454545454545456
0.375
0.15384615384615385
0.3333333333333333
0.29411764705882354
0.2857142857142857
0.125
0.125
0.0
0.16666666666666666
0.375
0.15384615384615385
1.0
0.2727272727272727
0.4
0.4
0.36363636363636365
0.25
0.6
0.0
0.4
0.4
0.0
0.4444444444444444
0.1
0.4
0.5714285714285714
0.0
0.6
0.38461538461538464
0.0
0.5
0.625
0.18518518518518517
0.08333333333333333
0.25
0.2
0.5
0.06666666666666667
0.2
0.4
0.06818181818181818
0.16666666666666666
0.1111111111111111
0.125
0.15384615384615385
0.09090909090909091
0.375
0.16666666666666666
0.13333333333333333
0.125
0.0
0.14814814814814814
0.125
0.16666666666666666
0.42857142857142855
0.14285714285714285
0.0
0.16666666666666666
0.0
0.2857142857142857
0.8333333333333334
0.1875
0.3333333333333333
0.2
0.16666666666666666
0.14285714285714285
0.8
0.0
0.2222222222222222
0.2
0.06756756756756757
0.4
0.4444444444444444
0.16666666666666666
0.4
0.14285714285714285
0.5
0.12121212121212122
0.0
0.6
0.16666666666666666
0.2
0.12
0.0
0.0
0.045454545454545456
0.5
0.16666666666666666
0.18181818181818182
0.2
0.7142857142857143
0.0
0.15384615384615385
0.5
0.6
0.07692307692307693
0.17647058823529413
0.3333333333333333
0.14285714285714285
0.08571428571428572
0.36363636363636365
0.4444444444444444
0.14285714285714285
0.3333333333333333
0.3333333333333333
0.2
0.3333333333333333
0.2
0.16666666666666666
0.0
0.18181818181818182
0.375
0.3333333333333333
0.2857142857142857
0.14285714285714285
0.7142857142857143
0.23809523809523808
0.625
0.4
0.16666666666666666
0.2222222222222222
0.4
0.16666666666666666
0.3333333333333333
0.1111111111111111
0.0
0.0
0.3333333333333333
0.041666666666666664
0.6
0.0
0.25
0.16666666666666666
0.3333333333333333
0.0
0.4444444444444444
0.6
0.5714285714285714
0.0
0.03571428571428571
0.05405405405405406
0.05263157894736842
0.375
0.1
0.4
0.2
0.1
0.14285714285714285
0.25
0.0
0.25
0.4166666666666667
0.0
0.12903225806451613
0.0
0.6666666666666666
0.14705882352941177
0.06666666666666667
0.037037037037037035
0.1875
0.14285714285714285
0.20833333333333334
0.3076923076923077
0.2222222222222222
0.5
0.0847457627118644
0.2631578947368421
0.25
0.03225806451612903
0.25
0.75
0.19230769230769232
0.1111111111111111
0.8
0.1111111111111111
0.5
0.125
0.2
0.5
0.5
0.08695652173913043
0.061224489795918366
0.15789473684210525
0.125
0.25
0.25
0.02040816326530612
0.75
0.15384615384615385
0.20833333333333334
0.15384615384615385
0.8
0.2
0.6666666666666666
0.25
0.05660377358490566
0.4
0.0
0.3333333333333333
0.14285714285714285
0.5
0.2
0.0625
0.13636363636363635
0.5714285714285714
0.2
0.18181818181818182
0.0
0.14285714285714285
0.4
0.0
0.125
0.625
0.5
0.08
0.5
0.125
0.16666666666666666
0.14285714285714285
0.2857142857142857
0.75
0.0
0.25
0.4
0.3125
0.19047619047619047
0.3333333333333333
0.2857142857142857
0.0
0.05555555555555555
0.25
0.25
0.0
0.05263157894736842
0.14285714285714285
0.05
0.4
0.375
0.625
0.2857142857142857
0.375
0.0
0.06666666666666667
0.0
0.375
0.18181818181818182
0.3333333333333333
0.6666666666666666
0.21052631578947367
0.4
0.16666666666666666
0.14285714285714285
0.3333333333333333
0.1875
0.5
0.25
0.16666666666666666
0.125
0.09090909090909091
0.08
0.1111111111111111
0.4166666666666667
0.75
0.25
0.1
0.3333333333333333
0.12
0.03333333333333333
0.5714285714285714
0.75
0.18181818181818182
0.4
0.0
0.6666666666666666
0.043478260869565216
0.3333333333333333
0.1111111111111111
0.125
0.35714285714285715
0.42857142857142855
0.14285714285714285
0.4
0.2
0.3333333333333333
0.15625
0.0
0.75
0.03225806451612903
0.21052631578947367
0.625
0.14705882352941177
0.5
0.08333333333333333
0.3333333333333333
0.13333333333333333
0.25
0.4
0.5
0.3
0.2
0.45454545454545453
0.3125
0.25
0.6
0.1875
0.16666666666666666
0.125
0.5
0.16666666666666666
0.0967741935483871
0.125
0.4
0.5714285714285714
0.4
0.0
0.0
0.4
0.4
0.11764705882352941
0.11764705882352941
0.25
0.5
0.2857142857142857
0.04285714285714286
0.2222222222222222
0.16666666666666666
0.05263157894736842
0.375
0.3333333333333333
0.16666666666666666
0.4444444444444444
0.21428571428571427
0.0
0.041666666666666664
0.2
0.5
0.2727272727272727
0.0
0.2
0.5714285714285714
0.25
0.09090909090909091
0.625
0.3125
0.1111111111111111
0.125
0.5
0.15789473684210525
0.5
0.07142857142857142
0.5
0.07142857142857142
0.4166666666666667
0.6
0.0
0.25
0.4
0.3333333333333333
0.6666666666666666
0.3076923076923077
0.4
0.4
0.2857142857142857
0.16666666666666666
0.16666666666666666
0.25
0.2
0.1111111111111111
0.2
0.3076923076923077
1.0
0.4
0.45454545454545453
0.16666666666666666
0.13636363636363635
0.19047619047619047
0.5
0.3333333333333333
0.14285714285714285
0.6
0.043478260869565216
0.1111111111111111
0.5
0.25
0.08
0.35714285714285715
0.1111111111111111
0.19047619047619047
0.3333333333333333
0.12121212121212122
0.3333333333333333
0.21428571428571427
0.05
0.2857142857142857
0.14285714285714285
0.3333333333333333
0.14285714285714285
0.4
0.07462686567164178
0.4
0.2857142857142857
0.125
0.2857142857142857
0.053763440860215055
0.2857142857142857
0.3076923076923077
0.14285714285714285
0.25
0.13333333333333333
0.1
0.2
0.0
0.29411764705882354
0.14285714285714285
0.3333333333333333
0.6
0.4166666666666667
0.2857142857142857
0.25
0.3333333333333333
0.36363636363636365
0.14285714285714285
0.5714285714285714
0.1
0.16666666666666666
0.25
0.16666666666666666
0.2727272727272727
0.5
0.6
0.3333333333333333
0.2
0.6
0.6666666666666666
0.3
0.5555555555555556
0.13793103448275862
0.2
0.3333333333333333
0.21428571428571427
0.0
0.3333333333333333
1.0
0.5
0.3333333333333333
0.14285714285714285
0.6
0.0
0.1111111111111111
0.06666666666666667
0.25
0.045454545454545456
0.047619047619047616
0.07407407407407407
0.0
0.6
0.4
0.4166666666666667
0.2
0.125
0.2727272727272727
0.16666666666666666
0.6
0.45454545454545453
0.0
0.25
0.4444444444444444
0.1
0.4
0.5
0.4166666666666667
0.18181818181818182
0.21428571428571427
0.16666666666666666
0.11764705882352941
0.5
0.3333333333333333
0.8333333333333334
0.17647058823529413
0.18181818181818182
0.030303030303030304
0.18181818181818182
0.4
0.375
0.15384615384615385
0.4
0.16666666666666666
0.75
0.0
0.09090909090909091
0.16666666666666666
0.25
0.14285714285714285
0.375
0.05
0.8
0.2857142857142857
0.05263157894736842
0.2222222222222222
0.0
0.75
0.25
0.14285714285714285
0.07142857142857142
0.75
0.07692307692307693
0.6
0.14285714285714285
0.09090909090909091
0.3333333333333333
0.6
0.6
0.6
0.07692307692307693
0.1
0.036585365853658534
0.12121212121212122
0.12
0.2857142857142857
0.45454545454545453
0.6
0.4
0.14285714285714285
0.15384615384615385
0.75
0.2857142857142857
0.5
0.5555555555555556
0.043478260869565216
0.42857142857142855
0.034482758620689655
0.16666666666666666
0.25
0.25
0.19047619047619047
0.6
0.5
0.0
0.17391304347826086
0.15384615384615385
0.0
0.14705882352941177
0.13043478260869565
0.0967741935483871
0.2727272727272727
0.0
0.2
0.14285714285714285
0.2
0.6
0.07692307692307693
0.15384615384615385
0.21052631578947367
0.25
0.42857142857142855
0.05263157894736842
0.04878048780487805
0.5
0.0
0.09803921568627451
0.09302325581395349
0.4
0.21428571428571427
0.01694915254237288
0.2
0.25
0.06818181818181818
0.16666666666666666
0.5
0.25
0.14285714285714285
0.375
0.0
0.14285714285714285
0.03125
0.14285714285714285
0.6
0.18181818181818182
0.8
0.17647058823529413
0.3333333333333333
0.14285714285714285
0.6
0.07692307692307693
0.3333333333333333
0.6666666666666666
0.06818181818181818
0.2222222222222222
0.0
0.05128205128205128
0.12
0.16666666666666666
0.4
0.5
0.5
0.4
0.375
0.0
0.5
0.4
0.5
0.1
0.045454545454545456
0.42857142857142855
0.3333333333333333
0.18181818181818182
0.05263157894736842
0.17647058823529413
0.6
0.15384615384615385
0.3125
0.07142857142857142
0.16666666666666666
0.0
0.12
0.18181818181818182
0.2222222222222222
0.2
0.1
0.2
0.25
0.45454545454545453
0.0
0.0625
0.07692307692307693
0.07692307692307693
0.4
0.11764705882352941
0.06666666666666667
0.1111111111111111
0.0625
0.10526315789473684
0.5714285714285714
0.0
0.06666666666666667
0.043478260869565216
0.8
0.16666666666666666
0.0625
0.25
0.07142857142857142
0.17647058823529413
0.125
0.125
0.4
0.1111111111111111
0.42857142857142855
0.4
0.4
0.1
0.3
0.2
0.5
0.14285714285714285
0.4
0.36363636363636365
0.2
0.25
0.42857142857142855
0.3333333333333333
0.09523809523809523
0.4
0.0
0.15384615384615385
0.058823529411764705
0.25
1.0
0.6666666666666666
0.14285714285714285
0.14285714285714285
0.3
0.14285714285714285
0.35714285714285715
0.0
0.2
0.25
0.13636363636363635
0.42857142857142855
0.3333333333333333
0.4
0.3125
0.8
0.1111111111111111
0.4166666666666667
0.0
0.2
0.36363636363636365
0.2857142857142857
0.25
0.5
0.4
0.21428571428571427
0.0
0.22727272727272727
0.26666666666666666
0.2
0.2857142857142857
0.3333333333333333
0.18181818181818182
0.0
0.2222222222222222
0.1111111111111111
0.06779661016949153
0.5
0.0
0.3333333333333333
0.06666666666666667
0.8
0.045454545454545456
0.2222222222222222
0.18181818181818182
0.2857142857142857
0.1
0.022222222222222223
0.4
0.42857142857142855
0.42857142857142855
0.09090909090909091
0.5
0.5
0.5
0.0
0.058823529411764705
0.2727272727272727
0.375
0.16666666666666666
1.0
0.3076923076923077
0.6666666666666666
0.0
0.23076923076923078
0.4
0.07692307692307693
0.06666666666666667
0.2222222222222222
0.35714285714285715
0.3333333333333333
0.2857142857142857
0.4166666666666667
0.25
0.0
0.18181818181818182
0.0
0.6
0.25
0.3333333333333333
0.11764705882352941
1.0
0.6666666666666666
0.25
0.25
0.09090909090909091
0.23076923076923078
0.16666666666666666
0.36363636363636365
0.0
0.4
0.14285714285714285
0.1875
0.5
0.18181818181818182
0.2
0.014925373134328358
0.1
0.3333333333333333
0.3333333333333333
0.2222222222222222
0.25
0.14285714285714285
0.13333333333333333
0.2222222222222222
0.4166666666666667
0.16666666666666666
0.6
0.25
0.1
0.0
0.13043478260869565
0.2857142857142857
0.08333333333333333
0.15384615384615385
0.23529411764705882
0.13333333333333333
0.6
0.1111111111111111
0.5
0.07272727272727272
0.125
0.2222222222222222
0.2
0.038461538461538464
0.17647058823529413
0.2727272727272727
0.5555555555555556
0.10714285714285714
0.16666666666666666
0.2
0.25
0.14285714285714285
0.4
0.23076923076923078
0.1
0.18518518518518517
0.0
0.35714285714285715
0.23076923076923078
0.1111111111111111
0.25
0.42857142857142855
0.3
0.1
0.625
0.6666666666666666
0.2857142857142857
0.02564102564102564
0.14285714285714285
0.5555555555555556
0.2857142857142857
0.75
0.3333333333333333
0.1111111111111111
0.25
0.16666666666666666
0.0
0.3333333333333333
0.16666666666666666
0.3333333333333333
0.0
0.11428571428571428
0.35714285714285715
0.1111111111111111
0.25
0.14285714285714285
0.2857142857142857
0.23529411764705882
0.16666666666666666
0.09090909090909091
0.0
0.2857142857142857
0.3333333333333333
0.125
0.2
0.17647058823529413
0.14285714285714285
0.05660377358490566
0.23076923076923078
0.25
0.375
0.11428571428571428
0.0
0.5
0.15384615384615385
0.14285714285714285
0.058823529411764705
0.12
0.1282051282051282
0.05555555555555555
0.125
0.3
0.21428571428571427
0.75
0.5
0.14285714285714285
0.4166666666666667
0.25
0.1
0.3333333333333333
0.2
0.16666666666666666
0.15384615384615385
0.3333333333333333
0.2
0.07142857142857142
0.07142857142857142
0.03636363636363636
0.5
0.5
0.14285714285714285
0.21052631578947367
0.2
0.4
0.29411764705882354
0.08333333333333333
0.0
0.125
0.2857142857142857
0.09090909090909091
0.2857142857142857
0.4
0.11428571428571428
0.25
0.3333333333333333
0.2
0.4
0.03571428571428571
0.5
0.16666666666666666
0.2
0.0
0.06896551724137931
0.0
0.375
0.06896551724137931
0.36363636363636365
0.07692307692307693
0.14285714285714285
0.14285714285714285
0.0
0.3333333333333333
0.5
0.0375
0.0
0.6666666666666666
0.2857142857142857
0.3
0.10526315789473684
0.1
0.5714285714285714
0.0
0.0
0.16666666666666666
0.75
0.1111111111111111
0.25
0.1111111111111111
0.1
0.14285714285714285
0.2727272727272727
0.08163265306122448
0.4
0.2
0.4
0.16666666666666666
0.08
0.4
0.0
0.0625
0.09090909090909091
0.25
0.05555555555555555
0.2857142857142857
0.20833333333333334
0.2
0.17391304347826086
0.5
0.21428571428571427
0.08333333333333333
0.23809523809523808
0.25
0.17391304347826086
0.1111111111111111
0.17647058823529413
0.5714285714285714
0.0
0.3333333333333333
0.125
0.125
0.06666666666666667
0.3333333333333333
0.4
0.09090909090909091
0.2
0.125
0.25
0.3
0.13333333333333333
0.0
0.16666666666666666
1.0
0.16666666666666666
0.2727272727272727
0.1111111111111111
0.6
0.0
0.13636363636363635
0.3333333333333333
0.07692307692307693
0.14285714285714285
0.4166666666666667
0.3333333333333333
0.014705882352941176
0.6
0.3333333333333333
0.2
0.2
0.5
0.1111111111111111
0.2
0.125
0.2857142857142857
0.4
0.5
0.15384615384615385
0.23809523809523808
0.3333333333333333
0.05555555555555555
0.17647058823529413
0.09090909090909091
0.38461538461538464
0.25
0.2
0.125
0.2857142857142857
0.4
0.6666666666666666
0.375
0.25
0.0
0.2
0.09090909090909091
0.6
0.0
0.36363636363636365
0.12
0.06666666666666667
0.125
0.07692307692307693
0.3333333333333333
0.0
0.13333333333333333
0.3333333333333333
0.0
0.125
0.5
0.06666666666666667
0.2727272727272727
0.0
0.6
0.4
0.3333333333333333
0.2
0.125
0.16666666666666666
0.2222222222222222
0.15
0.13333333333333333
0.6
1.0
0.16
0.25
0.3333333333333333
0.35714285714285715
0.16666666666666666
0.1111111111111111
0.5
0.16666666666666666
0.2857142857142857
0.1
0.25
0.2222222222222222
0.25
0.0
0.0
0.11764705882352941
0.5
0.06349206349206349
0.14285714285714285
0.2857142857142857
0.3333333333333333
0.10714285714285714
0.3333333333333333
0.17647058823529413
0.2
0.3333333333333333
0.125
0.08571428571428572
0.038461538461538464
0.0784313725490196
0.15625
0.0
0.14285714285714285
0.05405405405405406
0.2857142857142857
0.2857142857142857
0.25
0.23076923076923078
0.25
0.08
0.06666666666666667
1.0
0.1111111111111111
0.1875
0.0
0.38461538461538464
0.0
0.125
0.0
0.09090909090909091
0.0
0.5555555555555556
0.07272727272727272
0.75
0.4
0.5714285714285714
0.5
0.3333333333333333
0.10526315789473684
0.058823529411764705
0.3333333333333333
0.125
0.8
0.15384615384615385
0.0
0.5
0.2222222222222222
0.4
0.8
0.017543859649122806
0.8
0.0
0.10810810810810811
0.2857142857142857
0.0
0.4
0.2
0.3333333333333333
0.3333333333333333
0.4
0.8
0.1875
0.125
0.07042253521126761
0.25
0.25
0.26666666666666666
0.4
0.3333333333333333
0.07692307692307693
0.05128205128205128
0.75
0.1111111111111111
0.5
0.2
0.08
0.3333333333333333
0.5
0.4
0.028985507246376812
0.42857142857142855
0.1111111111111111
0.42857142857142855
0.11538461538461539
0.4166666666666667
0.21428571428571427
0.21428571428571427
0.05263157894736842
0.6
0.034482758620689655
0.0
0.4
0.4
0.4
0.3333333333333333
0.18181818181818182
0.15384615384615385
0.2857142857142857
0.15384615384615385
0.16666666666666666
0.05714285714285714
0.0
0.42857142857142855
0.5555555555555556
0.25
0.2
0.4166666666666667
0.05714285714285714
0.6
0.23076923076923078
0.45454545454545453
0.1111111111111111
0.3333333333333333
0.07692307692307693
0.4
0.03225806451612903
0.125
0.25
0.14285714285714285
0.06666666666666667
0.14285714285714285
0.5
0.25
0.16666666666666666
0.11764705882352941
0.5
0.3125
0.2857142857142857
0.4
0.11764705882352941
0.25
0.8
0.18181818181818182
0.2857142857142857
0.21428571428571427
0.25
0.6
0.060240963855421686
0.125
0.42857142857142855
0.4
0.0
0.2
0.2857142857142857
0.1
0.08333333333333333
0.25
0.0
0.1111111111111111
0.42857142857142855
0.16
0.20833333333333334
0.11764705882352941
0.06
0.5
0.14814814814814814
0.0
0.2
0.23529411764705882
0.4
0.8333333333333334
0.19047619047619047
0.8
0.2857142857142857
0.29411764705882354
0.4
0.17857142857142858
0.0
0.4
0.125
0.2222222222222222
0.5
0.1
0.07692307692307693
0.375
0.375
0.35714285714285715
0.0967741935483871
0.0
0.25
0.0
0.16666666666666666
0.14285714285714285
0.1111111111111111
0.1724137931034483
0.038461538461538464
0.0
0.1
0.8
0.09090909090909091
0.5
0.25
0.4
0.375
0.14285714285714285
0.4
0.09090909090909091
0.4
0.2
0.25
0.25
0.0625
0.5
0.0
0.3
0.125
0.3333333333333333
0.10526315789473684
0.09090909090909091
0.041666666666666664
0.14285714285714285
0.2857142857142857
0.14285714285714285
0.25
0.14285714285714285
0.057692307692307696
0.04918032786885246
0.75
0.2
0.5
1.0
0.2222222222222222
0.6
0.1
0.07692307692307693
0.0
0.6666666666666666
1.0
0.14285714285714285
0.4
0.07317073170731707
0.1111111111111111
0.21428571428571427
0.8
0.25
0.5
0.13333333333333333
0.125
0.13636363636363635
0.75
0.16666666666666666
0.18181818181818182
0.15384615384615385
0.5
0.15384615384615385
0.14285714285714285
0.3125
0.2727272727272727
0.3333333333333333
0.6
0.0
0.16666666666666666
0.5
0.1111111111111111
0.8
0.15384615384615385
0.2222222222222222
0.2
0.11764705882352941
0.18181818181818182
0.15384615384615385
0.3333333333333333
0.1
0.5555555555555556
0.125
0.2857142857142857
0.07142857142857142
0.2857142857142857
0.5
0.07142857142857142
0.125
0.0
0.0
0.3333333333333333
0.5
0.2
0.6
0.3333333333333333
0.23076923076923078
0.16666666666666666
0.2
0.2
0.21739130434782608
0.2857142857142857
0.42857142857142855
0.05263157894736842
0.5
0.2857142857142857
0.0
0.06666666666666667
0.4166666666666667
0.09523809523809523
0.3
0.16666666666666666
0.3
0.2
0.21052631578947367
0.4
0.4
0.4
0.0
0.42857142857142855
0.2222222222222222
0.25
0.45454545454545453
0.42857142857142855
0.75
0.18181818181818182
0.09090909090909091
0.058823529411764705
0.08695652173913043
0.16
0.16666666666666666
0.6
0.29411764705882354
0.0
0.1111111111111111
0.25
0.2
0.16666666666666666
0.45454545454545453
0.4
0.3333333333333333
0.07692307692307693
0.0
0.07692307692307693
0.07142857142857142
0.16666666666666666
0.14285714285714285
0.23076923076923078
0.75
1.0
0.0
0.0
0.14285714285714285
0.16666666666666666
0.01834862385321101
0.25
0.25
0.125
0.14285714285714285
0.23076923076923078
0.23809523809523808
0.14285714285714285
0.2222222222222222
0.42857142857142855
0.14285714285714285
0.4
0.10526315789473684
0.14285714285714285
0.25
0.2857142857142857
0.16666666666666666
0.2222222222222222
0.125
0.625
0.2
0.06976744186046512
0.013513513513513514
0.3333333333333333
0.2727272727272727
0.2857142857142857
0.375
0.6
0.16666666666666666
0.09523809523809523
0.4444444444444444
0.4
0.75
0.5555555555555556
0.3333333333333333
0.2857142857142857
0.2222222222222222
0.16666666666666666
0.4
0.09090909090909091
0.125
0.2
0.09090909090909091
0.0
0.2857142857142857
0.4
0.3333333333333333
0.42857142857142855
0.0625
0.3333333333333333
0.3333333333333333
0.5
0.0
0.75
0.15384615384615385
0.16666666666666666
0.024390243902439025
0.25
0.5
0.1875
0.1
0.0
0.058823529411764705
0.5
0.03125
0.5714285714285714
0.5555555555555556
0.75
0.1724137931034483
0.36363636363636365
0.6
0.3333333333333333
0.125
0.6
0.125
0.16666666666666666
0.08333333333333333
0.25
0.15
0.07692307692307693
0.3333333333333333
0.5
0.2
0.125
0.0625
0.2727272727272727
0.12
0.21428571428571427
0.6
0.5714285714285714
0.0
0.3333333333333333
0.16
0.4
0.3333333333333333
0.4
0.25
0.6666666666666666
0.2857142857142857
0.1
0.625
0.0
0.0
0.16666666666666666
0.35714285714285715
0.09090909090909091
0.6
0.0
0.2
0.25
0.6666666666666666
0.1111111111111111
0.23529411764705882
0.2
0.2
0.0
0.06666666666666667
0.16666666666666666
0.23076923076923078
0.0
0.09090909090909091
0.4
0.2
0.5
0.42857142857142855
0.375
0.05263157894736842
0.375
0.08333333333333333
0.75
0.3333333333333333
0.1
0.14285714285714285
0.2222222222222222
0.0
0.1875
0.08695652173913043
0.4444444444444444
0.3333333333333333
0.125
0.4444444444444444
0.2
0.2222222222222222
0.1111111111111111
0.2
0.1111111111111111
0.16666666666666666
0.5
0.16666666666666666
0.09090909090909091
0.038461538461538464
0.5
0.2777777777777778
0.25
0.3333333333333333
0.2727272727272727
0.03389830508474576
0.25
0.5
0.08333333333333333
0.26666666666666666
0.4
0.14285714285714285
0.45454545454545453
0.0975609756097561
0.058823529411764705
0.16666666666666666
0.4444444444444444
0.4
0.4
0.18181818181818182
0.16666666666666666
0.29411764705882354
0.14285714285714285
0.3076923076923077
0.0
0.5
0.3333333333333333
0.07692307692307693
0.0
0.2
0.034482758620689655
0.3333333333333333
0.75
0.6
0.2727272727272727
0.17391304347826086
0.13333333333333333
0.4444444444444444
0.125
0.16666666666666666
0.06976744186046512
0.25
0.024390243902439025
0.0
0.07142857142857142
0.1
0.2
0.6
0.2727272727272727
0.26666666666666666
0.6
0.3333333333333333
0.6
0.2222222222222222
0.5
0.25
0.21739130434782608
0.21739130434782608
0.75
0.6666666666666666
0.6
0.6666666666666666
0.4
0.038461538461538464
0.16666666666666666
0.20833333333333334
0.2857142857142857
0.1
0.5
0.3333333333333333
0.14285714285714285
0.10344827586206896
0.1
0.01694915254237288
0.5555555555555556
0.8
0.7142857142857143
0.2857142857142857
0.3333333333333333
0.1
0.18181818181818182
0.08333333333333333
0.5555555555555556
0.2727272727272727
0.10526315789473684
0.02857142857142857
0.25
0.1111111111111111
0.05555555555555555
0.5
0.3333333333333333
0.16666666666666666
0.0
0.23076923076923078
0.14285714285714285
0.36363636363636365
0.14285714285714285
0.23529411764705882
0.4444444444444444
0.16666666666666666
0.2222222222222222
0.6666666666666666
0.2222222222222222
0.5
0.6
0.2
0.29411764705882354
0.14285714285714285
0.4
0.125
0.14705882352941177
0.0625
0.0
0.2
0.0
0.3333333333333333
0.16666666666666666
0.0
0.2222222222222222
0.2222222222222222
0.06
0.1
0.25
0.2857142857142857
0.21428571428571427
0.2
0.4
0.03125
0.3
0.3333333333333333
0.4
0.2857142857142857
0.2727272727272727
0.6666666666666666
0.0
0.047619047619047616
0.5
0.16666666666666666
0.2
0.1
0.15384615384615385
0.16666666666666666
0.4444444444444444
0.06896551724137931
0.4
0.1111111111111111
0.3333333333333333
0.25
0.0
0.08333333333333333
0.0
0.0
0.13793103448275862
0.25
0.5
0.027777777777777776
0.25
0.42857142857142855
0.2
0.03571428571428571
0.1
0.25
0.2727272727272727
0.09523809523809523
0.29411764705882354
0.3333333333333333
0.0
0.4
0.4
0.14285714285714285
0.0
0.3125
0.11764705882352941
0.014285714285714285
0.125
0.125
0.09090909090909091
0.23076923076923078
0.375
0.125
0.3333333333333333
0.1
0.8
0.07692307692307693
0.2
0.6666666666666666
0.15384615384615385
1.0
0.0
0.14285714285714285
0.05555555555555555
0.23529411764705882
0.25
0.42857142857142855
0.22727272727272727
0.6
0.125
0.26666666666666666
0.06666666666666667
0.4
0.16666666666666666
0.09090909090909091
0.2
0.0
0.0
0.2
0.75
0.2222222222222222
0.2857142857142857
0.15384615384615385
0.0
0.1111111111111111
0.3076923076923077
0.625
0.125
0.0
0.3333333333333333
0.0
0.4
1.0
0.17647058823529413
0.2
0.0
0.36363636363636365
0.6666666666666666
0.5
0.16666666666666666
0.0625
0.10810810810810811
0.2
0.0967741935483871
0.25
0.0
0.08333333333333333
0.4
0.1
0.125
0.7142857142857143
0.05555555555555555
0.03333333333333333
0.07692307692307693
0.2
0.16666666666666666
0.375
0.2
0.6
0.14285714285714285
0.2
0.05714285714285714
0.18181818181818182
0.3
0.1111111111111111
0.02631578947368421
0.3333333333333333
0.45454545454545453
0.23529411764705882
0.8
0.11764705882352941
0.2
0.2
0.42857142857142855
0.375
0.0
0.1111111111111111
0.14705882352941177
0.2
0.05263157894736842
0.23529411764705882
0.2222222222222222
0.14285714285714285
0.2727272727272727
0.1111111111111111
0.0
0.16666666666666666
0.0
0.13043478260869565
0.25
0.3333333333333333
0.07692307692307693
0.4
0.1
0.14285714285714285
0.11764705882352941
0.75
0.0967741935483871
0.23809523809523808
0.0
0.42857142857142855
0.4
0.4444444444444444
0.36363636363636365
0.2222222222222222
0.09090909090909091
0.1111111111111111
0.043478260869565216
0.2
0.3
0.06896551724137931
0.16666666666666666
0.2
0.0
0.0
0.3
0.0625
1.0
0.16666666666666666
0.25
0.1
0.75
0.5
0.5
0.12
0.06451612903225806
0.2857142857142857
0.2727272727272727
0.5714285714285714
0.0
0.29411764705882354
0.09375
0.0
0.14285714285714285
0.4
0.2857142857142857
0.6
0.038461538461538464
0.6
0.2857142857142857
0.16666666666666666
0.16666666666666666
0.5
0.2
0.18181818181818182
0.0
0.6
0.25
0.25
0.16666666666666666
0.16666666666666666
0.0
0.07692307692307693
0.3333333333333333
0.13333333333333333
0.16666666666666666
0.75
0.16666666666666666
0.0
0.07142857142857142
0.4
0.25
0.2
0.75
0.75
0.0
0.5
0.6
0.25
0.35714285714285715
0.375
0.375
0.3333333333333333
0.5
0.11538461538461539
0.4166666666666667
0.07692307692307693
0.125
0.14285714285714285
0.5
0.14285714285714285
0.625
0.14285714285714285
0.45454545454545453
0.25
0.2
0.1
0.3076923076923077
0.1875
0.25
0.2
0.5
0.1
0.375
0.06557377049180328
0.3333333333333333
0.14285714285714285
0.2222222222222222
0.25
0.050505050505050504
0.0
0.10526315789473684
0.14705882352941177
0.5714285714285714
0.18181818181818182
0.18181818181818182
0.0
0.3333333333333333
0.375
0.5
0.15
0.03571428571428571
0.3333333333333333
0.09090909090909091
0.0
0.2
0.2
0.18181818181818182
0.14705882352941177
0.3333333333333333
0.3333333333333333
0.058823529411764705
0.10344827586206896
0.4
0.3333333333333333
0.2
0.1111111111111111
0.2857142857142857
0.15
0.08333333333333333
0.23809523809523808
0.18181818181818182
0.2857142857142857
0.125
0.08695652173913043
0.25
0.36363636363636365
0.09090909090909091
0.42857142857142855
0.13333333333333333
0.16666666666666666
0.6
0.14285714285714285
0.0
0.18518518518518517
1.0
0.3125
0.08888888888888889
0.5
0.5
0.125
0.15384615384615385
0.5714285714285714
0.14285714285714285
0.058823529411764705
0.2
0.2857142857142857
0.2222222222222222
0.6
0.2
0.5
0.2
0.4
0.13333333333333333
0.6
0.16666666666666666
0.4
0.75
0.0
0.0
0.8
0.07017543859649122
0.05555555555555555
0.25
0.2222222222222222
0.08333333333333333
0.05714285714285714
0.25
0.16666666666666666
0.2727272727272727
0.16666666666666666
0.2
0.3333333333333333
0.5
0.06451612903225806
0.1111111111111111
0.4
0.046875
0.0
0.09090909090909091
0.2
0.17647058823529413
0.2
0.2857142857142857
0.2857142857142857
0.25
0.5555555555555556
0.1
0.4
0.1875
0.6666666666666666
1.0
0.0
0.4
0.4
0.0
0.16666666666666666
0.3333333333333333
0.42857142857142855
0.0
0.14285714285714285
0.2222222222222222
0.375
0.0967741935483871
0.2
0.2857142857142857
0.25
