1	0.05263157894736842	1.0
2	0.05263157894736842	0.5
3	0.05263157894736842	0.3333333333333333
4	0.05263157894736842	0.25
5	0.05263157894736842	0.2
6	0.10526315789473684	0.3333333333333333
7	0.10526315789473684	0.2857142857142857
8	0.15789473684210525	0.375
9	0.21052631578947367	0.4444444444444444
10	0.2631578947368421	0.5
11	0.2631578947368421	0.45454545454545453
12	0.2631578947368421	0.4166666666666667
13	0.2631578947368421	0.38461538461538464
14	0.3157894736842105	0.42857142857142855
15	0.3157894736842105	0.4
16	0.3157894736842105	0.375
17	0.3157894736842105	0.35294117647058826
18	0.3157894736842105	0.3333333333333333
19	0.3684210526315789	0.3684210526315789
20	0.3684210526315789	0.35
21	0.3684210526315789	0.3333333333333333
22	0.42105263157894735	0.36363636363636365
23	0.42105263157894735	0.34782608695652173
24	0.42105263157894735	0.3333333333333333
25	0.42105263157894735	0.32
