1	0.0	0.0
2	0.0	0.0
3	0.0	0.0
4	0.0	0.0
5	0.0	0.0
6	0.0	0.0
7	0.0	0.0
8	0.0	0.0
9	0.0	0.0
10	0.022727272727272728	0.1
11	0.022727272727272728	0.09090909090909091
12	0.022727272727272728	0.08333333333333333
13	0.045454545454545456	0.15384615384615385
14	0.06818181818181818	0.21428571428571427
15	0.06818181818181818	0.2
16	0.06818181818181818	0.1875
17	0.06818181818181818	0.17647058823529413
18	0.06818181818181818	0.16666666666666666
19	0.09090909090909091	0.21052631578947367
20	0.11363636363636363	0.25
21	0.11363636363636363	0.23809523809523808
22	0.11363636363636363	0.22727272727272727
23	0.11363636363636363	0.21739130434782608
24	0.11363636363636363	0.20833333333333334
25	0.11363636363636363	0.2
