1	0.0	0.0
2	0.0	0.0
3	0.0	0.0
4	0.0	0.0
5	0.0	0.0
6	0.0	0.0
7	0.0	0.0
8	0.0	0.0
9	0.0	0.0
10	0.0	0.0
11	0.06666666666666667	0.09090909090909091
12	0.06666666666666667	0.08333333333333333
13	0.06666666666666667	0.07692307692307693
14	0.06666666666666667	0.07142857142857142
15	0.06666666666666667	0.06666666666666667
16	0.06666666666666667	0.0625
17	0.06666666666666667	0.058823529411764705
18	0.13333333333333333	0.1111111111111111
19	0.13333333333333333	0.10526315789473684
20	0.13333333333333333	0.1
21	0.13333333333333333	0.09523809523809523
22	0.2	0.13636363636363635
23	0.26666666666666666	0.17391304347826086
24	0.26666666666666666	0.16666666666666666
25	0.26666666666666666	0.16
