1	0.08333333333333333	1.0
2	0.08333333333333333	0.5
3	0.08333333333333333	0.3333333333333333
4	0.08333333333333333	0.25
5	0.08333333333333333	0.2
6	0.08333333333333333	0.16666666666666666
7	0.08333333333333333	0.14285714285714285
8	0.16666666666666666	0.25
9	0.16666666666666666	0.2222222222222222
10	0.25	0.3
11	0.25	0.2727272727272727
12	0.25	0.25
13	0.3333333333333333	0.3076923076923077
14	0.4166666666666667	0.35714285714285715
15	0.4166666666666667	0.3333333333333333
16	0.5	0.375
17	0.5	0.35294117647058826
18	0.5	0.3333333333333333
19	0.5	0.3157894736842105
20	0.5	0.3
21	0.5833333333333334	0.3333333333333333
22	0.6666666666666666	0.36363636363636365
23	0.75	0.391304347826087
24	0.8333333333333334	0.4166666666666667
25	0.8333333333333334	0.4
