1	0.08333333333333333	1.0
2	0.08333333333333333	0.5
3	0.08333333333333333	0.3333333333333333
4	0.16666666666666666	0.5
5	0.16666666666666666	0.4
6	0.16666666666666666	0.3333333333333333
7	0.25	0.42857142857142855
8	0.3333333333333333	0.5
9	0.4166666666666667	0.5555555555555556
10	0.5	0.6
11	0.5	0.5454545454545454
12	0.5833333333333334	0.5833333333333334
13	0.5833333333333334	0.5384615384615384
14	0.5833333333333334	0.5
15	0.5833333333333334	0.4666666666666667
16	0.6666666666666666	0.5
17	0.6666666666666666	0.47058823529411764
18	0.6666666666666666	0.4444444444444444
19	0.75	0.47368421052631576
20	0.75	0.45
21	0.8333333333333334	0.47619047619047616
22	0.9166666666666666	0.5
23	0.9166666666666666	0.4782608695652174
24	0.9166666666666666	0.4583333333333333
25	1.0	0.48
