1	0.03333333333333333	1.0
2	0.03333333333333333	0.5
3	0.03333333333333333	0.3333333333333333
4	0.03333333333333333	0.25
5	0.03333333333333333	0.2
6	0.06666666666666667	0.3333333333333333
7	0.06666666666666667	0.2857142857142857
8	0.06666666666666667	0.25
9	0.1	0.3333333333333333
10	0.1	0.3
11	0.13333333333333333	0.36363636363636365
12	0.16666666666666666	0.4166666666666667
13	0.16666666666666666	0.38461538461538464
14	0.16666666666666666	0.35714285714285715
15	0.2	0.4
16	0.2	0.375
17	0.2	0.35294117647058826
18	0.23333333333333334	0.3888888888888889
19	0.23333333333333334	0.3684210526315789
20	0.26666666666666666	0.4
21	0.26666666666666666	0.38095238095238093
22	0.26666666666666666	0.36363636363636365
23	0.26666666666666666	0.34782608695652173
24	0.3	0.375
25	0.3	0.36
