1	0.03333333333333333	1.0
2	0.06666666666666667	1.0
3	0.1	1.0
4	0.13333333333333333	1.0
5	0.16666666666666666	1.0
6	0.16666666666666666	0.8333333333333334
7	0.16666666666666666	0.7142857142857143
8	0.2	0.75
9	0.2	0.6666666666666666
10	0.2	0.6
11	0.23333333333333334	0.6363636363636364
12	0.26666666666666666	0.6666666666666666
13	0.26666666666666666	0.6153846153846154
14	0.3	0.6428571428571429
15	0.3	0.6
16	0.3	0.5625
17	0.3	0.5294117647058824
18	0.3	0.5
19	0.3333333333333333	0.5263157894736842
20	0.36666666666666664	0.55
21	0.36666666666666664	0.5238095238095238
22	0.4	0.5454545454545454
23	0.43333333333333335	0.5652173913043478
24	0.4666666666666667	0.5833333333333334
25	0.4666666666666667	0.56
