1	0.25	1.0
2	0.25	0.5
3	0.25	0.3333333333333333
4	0.5	0.5
5	0.75	0.6
6	0.75	0.5
7	0.75	0.42857142857142855
8	0.75	0.375
9	0.75	0.3333333333333333
10	0.75	0.3
11	0.75	0.2727272727272727
12	0.75	0.25
13	0.75	0.23076923076923078
14	0.75	0.21428571428571427
15	1.0	0.26666666666666666
16	1.0	0.25
17	1.0	0.23529411764705882
18	1.0	0.2222222222222222
19	1.0	0.21052631578947367
20	1.0	0.2
21	1.0	0.19047619047619047
22	1.0	0.18181818181818182
23	1.0	0.17391304347826086
24	1.0	0.16666666666666666
25	1.0	0.16
