1	0.09090909090909091	1.0
2	0.09090909090909091	0.5
3	0.18181818181818182	0.6666666666666666
4	0.2727272727272727	0.75
5	0.36363636363636365	0.8
6	0.36363636363636365	0.6666666666666666
7	0.36363636363636365	0.5714285714285714
8	0.45454545454545453	0.625
9	0.5454545454545454	0.6666666666666666
10	0.5454545454545454	0.6
11	0.5454545454545454	0.5454545454545454
12	0.6363636363636364	0.5833333333333334
13	0.6363636363636364	0.5384615384615384
14	0.7272727272727273	0.5714285714285714
15	0.7272727272727273	0.5333333333333333
16	0.8181818181818182	0.5625
17	0.8181818181818182	0.5294117647058824
18	0.8181818181818182	0.5
19	0.8181818181818182	0.47368421052631576
20	0.8181818181818182	0.45
21	0.8181818181818182	0.42857142857142855
22	0.8181818181818182	0.4090909090909091
23	0.8181818181818182	0.391304347826087
24	0.8181818181818182	0.375
25	0.8181818181818182	0.36
