1	0.0	0.0
2	0.0	0.0
3	0.03571428571428571	0.3333333333333333
4	0.03571428571428571	0.25
5	0.03571428571428571	0.2
6	0.03571428571428571	0.16666666666666666
7	0.03571428571428571	0.14285714285714285
8	0.03571428571428571	0.125
9	0.03571428571428571	0.1111111111111111
10	0.07142857142857142	0.2
11	0.07142857142857142	0.18181818181818182
12	0.10714285714285714	0.25
13	0.10714285714285714	0.23076923076923078
14	0.10714285714285714	0.21428571428571427
15	0.10714285714285714	0.2
16	0.14285714285714285	0.25
17	0.17857142857142858	0.29411764705882354
18	0.17857142857142858	0.2777777777777778
19	0.17857142857142858	0.2631578947368421
20	0.17857142857142858	0.25
21	0.21428571428571427	0.2857142857142857
22	0.25	0.3181818181818182
23	0.25	0.30434782608695654
24	0.25	0.2916666666666667
25	0.25	0.28
