1	0.0	0.0
2	0.030303030303030304	0.5
3	0.06060606060606061	0.6666666666666666
4	0.06060606060606061	0.5
5	0.06060606060606061	0.4
6	0.06060606060606061	0.3333333333333333
7	0.06060606060606061	0.2857142857142857
8	0.06060606060606061	0.25
9	0.09090909090909091	0.3333333333333333
10	0.12121212121212122	0.4
11	0.15151515151515152	0.45454545454545453
12	0.15151515151515152	0.4166666666666667
13	0.15151515151515152	0.38461538461538464
14	0.15151515151515152	0.35714285714285715
15	0.15151515151515152	0.3333333333333333
16	0.18181818181818182	0.375
17	0.18181818181818182	0.35294117647058826
18	0.21212121212121213	0.3888888888888889
19	0.21212121212121213	0.3684210526315789
20	0.24242424242424243	0.4
21	0.2727272727272727	0.42857142857142855
22	0.2727272727272727	0.4090909090909091
23	0.2727272727272727	0.391304347826087
24	0.2727272727272727	0.375
25	0.30303030303030304	0.4
