1	0.0	0.0
2	0.0	0.0
3	0.02857142857142857	0.3333333333333333
4	0.02857142857142857	0.25
5	0.05714285714285714	0.4
6	0.05714285714285714	0.3333333333333333
7	0.05714285714285714	0.2857142857142857
8	0.05714285714285714	0.25
9	0.05714285714285714	0.2222222222222222
10	0.08571428571428572	0.3
11	0.11428571428571428	0.36363636363636365
12	0.14285714285714285	0.4166666666666667
13	0.14285714285714285	0.38461538461538464
14	0.17142857142857143	0.42857142857142855
15	0.17142857142857143	0.4
16	0.17142857142857143	0.375
17	0.17142857142857143	0.35294117647058826
18	0.2	0.3888888888888889
19	0.22857142857142856	0.42105263157894735
20	0.2571428571428571	0.45
21	0.2571428571428571	0.42857142857142855
22	0.2857142857142857	0.45454545454545453
23	0.3142857142857143	0.4782608695652174
24	0.3142857142857143	0.4583333333333333
25	0.3142857142857143	0.44
