1	0.08333333333333333	1.0
2	0.08333333333333333	0.5
3	0.08333333333333333	0.3333333333333333
4	0.16666666666666666	0.5
5	0.16666666666666666	0.4
6	0.16666666666666666	0.3333333333333333
7	0.25	0.42857142857142855
8	0.3333333333333333	0.5
9	0.4166666666666667	0.5555555555555556
10	0.5	0.6
11	0.5	0.5454545454545454
12	0.5	0.5
13	0.5833333333333334	0.5384615384615384
14	0.6666666666666666	0.5714285714285714
15	0.6666666666666666	0.5333333333333333
16	0.75	0.5625
17	0.75	0.5294117647058824
18	0.75	0.5
19	0.8333333333333334	0.5263157894736842
20	0.8333333333333334	0.5
21	0.9166666666666666	0.5238095238095238
22	0.9166666666666666	0.5
23	1.0	0.5217391304347826
24	1.0	0.5
25	1.0	0.48
