1	0.0	0.0
2	0.1111111111111111	0.5
3	0.2222222222222222	0.6666666666666666
4	0.3333333333333333	0.75
5	0.4444444444444444	0.8
6	0.5555555555555556	0.8333333333333334
7	0.5555555555555556	0.7142857142857143
8	0.6666666666666666	0.75
9	0.7777777777777778	0.7777777777777778
10	0.7777777777777778	0.7
11	0.7777777777777778	0.6363636363636364
12	0.7777777777777778	0.5833333333333334
13	0.8888888888888888	0.6153846153846154
14	0.8888888888888888	0.5714285714285714
15	0.8888888888888888	0.5333333333333333
16	0.8888888888888888	0.5
17	0.8888888888888888	0.47058823529411764
18	0.8888888888888888	0.4444444444444444
19	1.0	0.47368421052631576
20	1.0	0.45
21	1.0	0.42857142857142855
22	1.0	0.4090909090909091
23	1.0	0.391304347826087
24	1.0	0.375
25	1.0	0.36
