1	0.023809523809523808	1.0
2	0.023809523809523808	0.5
3	0.023809523809523808	0.3333333333333333
4	0.023809523809523808	0.25
5	0.047619047619047616	0.4
6	0.047619047619047616	0.3333333333333333
7	0.047619047619047616	0.2857142857142857
8	0.047619047619047616	0.25
9	0.047619047619047616	0.2222222222222222
10	0.07142857142857142	0.3
11	0.09523809523809523	0.36363636363636365
12	0.09523809523809523	0.3333333333333333
13	0.11904761904761904	0.38461538461538464
14	0.11904761904761904	0.35714285714285715
15	0.11904761904761904	0.3333333333333333
16	0.11904761904761904	0.3125
17	0.11904761904761904	0.29411764705882354
18	0.11904761904761904	0.2777777777777778
19	0.11904761904761904	0.2631578947368421
20	0.11904761904761904	0.25
21	0.11904761904761904	0.23809523809523808
22	0.14285714285714285	0.2727272727272727
23	0.16666666666666666	0.30434782608695654
24	0.16666666666666666	0.2916666666666667
25	0.19047619047619047	0.32
