1	0.0	0.0
2	0.07142857142857142	0.5
3	0.14285714285714285	0.6666666666666666
4	0.14285714285714285	0.5
5	0.14285714285714285	0.4
6	0.14285714285714285	0.3333333333333333
7	0.14285714285714285	0.2857142857142857
8	0.14285714285714285	0.25
9	0.14285714285714285	0.2222222222222222
10	0.14285714285714285	0.2
11	0.14285714285714285	0.18181818181818182
12	0.14285714285714285	0.16666666666666666
13	0.14285714285714285	0.15384615384615385
14	0.21428571428571427	0.21428571428571427
15	0.21428571428571427	0.2
16	0.21428571428571427	0.1875
17	0.2857142857142857	0.23529411764705882
18	0.35714285714285715	0.2777777777777778
19	0.35714285714285715	0.2631578947368421
20	0.42857142857142855	0.3
21	0.5	0.3333333333333333
22	0.5714285714285714	0.36363636363636365
23	0.5714285714285714	0.34782608695652173
24	0.5714285714285714	0.3333333333333333
25	0.5714285714285714	0.32
