1	0.02040816326530612	1.0
2	0.02040816326530612	0.5
3	0.04081632653061224	0.6666666666666666
4	0.04081632653061224	0.5
5	0.04081632653061224	0.4
6	0.061224489795918366	0.5
7	0.061224489795918366	0.42857142857142855
8	0.061224489795918366	0.375
9	0.061224489795918366	0.3333333333333333
10	0.08163265306122448	0.4
11	0.08163265306122448	0.36363636363636365
12	0.08163265306122448	0.3333333333333333
13	0.08163265306122448	0.3076923076923077
14	0.08163265306122448	0.2857142857142857
15	0.08163265306122448	0.26666666666666666
16	0.10204081632653061	0.3125
17	0.12244897959183673	0.35294117647058826
18	0.12244897959183673	0.3333333333333333
19	0.14285714285714285	0.3684210526315789
20	0.16326530612244897	0.4
21	0.16326530612244897	0.38095238095238093
22	0.16326530612244897	0.36363636363636365
23	0.16326530612244897	0.34782608695652173
24	0.16326530612244897	0.3333333333333333
25	0.16326530612244897	0.32
