1	0.045454545454545456	1.0
2	0.045454545454545456	0.5
3	0.045454545454545456	0.3333333333333333
4	0.09090909090909091	0.5
5	0.09090909090909091	0.4
6	0.09090909090909091	0.3333333333333333
7	0.09090909090909091	0.2857142857142857
8	0.09090909090909091	0.25
9	0.09090909090909091	0.2222222222222222
10	0.13636363636363635	0.3
11	0.13636363636363635	0.2727272727272727
12	0.13636363636363635	0.25
13	0.13636363636363635	0.23076923076923078
14	0.13636363636363635	0.21428571428571427
15	0.18181818181818182	0.26666666666666666
16	0.18181818181818182	0.25
17	0.18181818181818182	0.23529411764705882
18	0.18181818181818182	0.2222222222222222
19	0.22727272727272727	0.2631578947368421
20	0.22727272727272727	0.25
21	0.22727272727272727	0.23809523809523808
22	0.2727272727272727	0.2727272727272727
23	0.2727272727272727	0.2608695652173913
24	0.2727272727272727	0.25
25	0.2727272727272727	0.24
