1	0.0625	1.0
2	0.0625	0.5
3	0.0625	0.3333333333333333
4	0.0625	0.25
5	0.125	0.4
6	0.1875	0.5
7	0.1875	0.42857142857142855
8	0.1875	0.375
9	0.1875	0.3333333333333333
10	0.25	0.4
11	0.3125	0.45454545454545453
12	0.3125	0.4166666666666667
13	0.3125	0.38461538461538464
14	0.3125	0.35714285714285715
15	0.375	0.4
16	0.375	0.375
17	0.4375	0.4117647058823529
18	0.4375	0.3888888888888889
19	0.4375	0.3684210526315789
20	0.4375	0.35
21	0.4375	0.3333333333333333
22	0.5	0.36363636363636365
23	0.5	0.34782608695652173
24	0.5625	0.375
25	0.5625	0.36
