1	0.09090909090909091	1.0
2	0.09090909090909091	0.5
3	0.09090909090909091	0.3333333333333333
4	0.18181818181818182	0.5
5	0.2727272727272727	0.6
6	0.36363636363636365	0.6666666666666666
7	0.45454545454545453	0.7142857142857143
8	0.5454545454545454	0.75
9	0.5454545454545454	0.6666666666666666
10	0.6363636363636364	0.7
11	0.6363636363636364	0.6363636363636364
12	0.6363636363636364	0.5833333333333334
13	0.6363636363636364	0.5384615384615384
14	0.6363636363636364	0.5
15	0.7272727272727273	0.5333333333333333
16	0.7272727272727273	0.5
17	0.7272727272727273	0.47058823529411764
18	0.7272727272727273	0.4444444444444444
19	0.7272727272727273	0.42105263157894735
20	0.7272727272727273	0.4
21	0.8181818181818182	0.42857142857142855
22	0.8181818181818182	0.4090909090909091
23	0.8181818181818182	0.391304347826087
24	0.8181818181818182	0.375
25	0.8181818181818182	0.36
