1	0.0	0.0
2	0.0	0.0
3	0.0	0.0
4	0.0	0.0
5	0.0	0.0
6	0.0	0.0
7	0.0	0.0
8	0.0	0.0
9	0.0	0.0
10	0.0	0.0
11	0.0	0.0
12	0.0	0.0
13	0.0	0.0
14	0.0	0.0
15	0.0	0.0
16	0.0	0.0
17	0.07142857142857142	0.058823529411764705
18	0.07142857142857142	0.05555555555555555
19	0.14285714285714285	0.10526315789473684
20	0.14285714285714285	0.1
21	0.21428571428571427	0.14285714285714285
22	0.21428571428571427	0.13636363636363635
23	0.21428571428571427	0.13043478260869565
24	0.21428571428571427	0.125
25	0.21428571428571427	0.12
