1	0.09090909090909091	1.0
2	0.09090909090909091	0.5
3	0.18181818181818182	0.6666666666666666
4	0.2727272727272727	0.75
5	0.2727272727272727	0.6
6	0.36363636363636365	0.6666666666666666
7	0.36363636363636365	0.5714285714285714
8	0.36363636363636365	0.5
9	0.45454545454545453	0.5555555555555556
10	0.45454545454545453	0.5
11	0.45454545454545453	0.45454545454545453
12	0.45454545454545453	0.4166666666666667
13	0.45454545454545453	0.38461538461538464
14	0.45454545454545453	0.35714285714285715
15	0.45454545454545453	0.3333333333333333
16	0.45454545454545453	0.3125
17	0.5454545454545454	0.35294117647058826
18	0.6363636363636364	0.3888888888888889
19	0.6363636363636364	0.3684210526315789
20	0.6363636363636364	0.35
21	0.6363636363636364	0.3333333333333333
22	0.6363636363636364	0.3181818181818182
23	0.6363636363636364	0.30434782608695654
24	0.6363636363636364	0.2916666666666667
25	0.6363636363636364	0.28
