1	0.0	0.0
2	0.08333333333333333	0.5
3	0.08333333333333333	0.3333333333333333
4	0.16666666666666666	0.5
5	0.25	0.6
6	0.3333333333333333	0.6666666666666666
7	0.4166666666666667	0.7142857142857143
8	0.5	0.75
9	0.5	0.6666666666666666
10	0.5	0.6
11	0.5	0.5454545454545454
12	0.5833333333333334	0.5833333333333334
13	0.5833333333333334	0.5384615384615384
14	0.5833333333333334	0.5
15	0.5833333333333334	0.4666666666666667
16	0.5833333333333334	0.4375
17	0.5833333333333334	0.4117647058823529
18	0.5833333333333334	0.3888888888888889
19	0.5833333333333334	0.3684210526315789
20	0.5833333333333334	0.35
21	0.5833333333333334	0.3333333333333333
22	0.5833333333333334	0.3181818181818182
23	0.5833333333333334	0.30434782608695654
24	0.5833333333333334	0.2916666666666667
25	0.5833333333333334	0.28
