1	0.0	0.0
2	0.0	0.0
3	0.0	0.0
4	0.0	0.0
5	0.0196078431372549	0.2
6	0.0196078431372549	0.16666666666666666
7	0.0392156862745098	0.2857142857142857
8	0.0392156862745098	0.25
9	0.0392156862745098	0.2222222222222222
10	0.0392156862745098	0.2
11	0.0392156862745098	0.18181818181818182
12	0.0392156862745098	0.16666666666666666
13	0.0392156862745098	0.15384615384615385
14	0.058823529411764705	0.21428571428571427
15	0.0784313725490196	0.26666666666666666
16	0.0784313725490196	0.25
17	0.09803921568627451	0.29411764705882354
18	0.09803921568627451	0.2777777777777778
19	0.11764705882352941	0.3157894736842105
20	0.13725490196078433	0.35
21	0.13725490196078433	0.3333333333333333
22	0.13725490196078433	0.3181818181818182
23	0.13725490196078433	0.30434782608695654
24	0.1568627450980392	0.3333333333333333
25	0.17647058823529413	0.36
