1	0.05263157894736842	1.0
2	0.10526315789473684	1.0
3	0.15789473684210525	1.0
4	0.15789473684210525	0.75
5	0.21052631578947367	0.8
6	0.21052631578947367	0.6666666666666666
7	0.2631578947368421	0.7142857142857143
8	0.3157894736842105	0.75
9	0.3157894736842105	0.6666666666666666
10	0.3684210526315789	0.7
11	0.42105263157894735	0.7272727272727273
12	0.42105263157894735	0.6666666666666666
13	0.42105263157894735	0.6153846153846154
14	0.47368421052631576	0.6428571428571429
15	0.47368421052631576	0.6
16	0.47368421052631576	0.5625
17	0.5263157894736842	0.5882352941176471
18	0.5263157894736842	0.5555555555555556
19	0.5263157894736842	0.5263157894736842
20	0.5789473684210527	0.55
21	0.5789473684210527	0.5238095238095238
22	0.631578947368421	0.5454545454545454
23	0.6842105263157895	0.5652173913043478
24	0.6842105263157895	0.5416666666666666
25	0.6842105263157895	0.52
