1	0.0625	1.0
2	0.125	1.0
3	0.125	0.6666666666666666
4	0.125	0.5
5	0.1875	0.6
6	0.25	0.6666666666666666
7	0.25	0.5714285714285714
8	0.25	0.5
9	0.25	0.4444444444444444
10	0.3125	0.5
11	0.3125	0.45454545454545453
12	0.375	0.5
13	0.375	0.46153846153846156
14	0.4375	0.5
15	0.4375	0.4666666666666667
16	0.4375	0.4375
17	0.5	0.47058823529411764
18	0.5625	0.5
19	0.5625	0.47368421052631576
20	0.5625	0.45
21	0.5625	0.42857142857142855
22	0.5625	0.4090909090909091
23	0.5625	0.391304347826087
24	0.625	0.4166666666666667
25	0.625	0.4
