1	0.058823529411764705	1.0
2	0.11764705882352941	1.0
3	0.11764705882352941	0.6666666666666666
4	0.11764705882352941	0.5
5	0.11764705882352941	0.4
6	0.11764705882352941	0.3333333333333333
7	0.11764705882352941	0.2857142857142857
8	0.17647058823529413	0.375
9	0.17647058823529413	0.3333333333333333
10	0.23529411764705882	0.4
11	0.23529411764705882	0.36363636363636365
12	0.29411764705882354	0.4166666666666667
13	0.29411764705882354	0.38461538461538464
14	0.29411764705882354	0.35714285714285715
15	0.35294117647058826	0.4
16	0.35294117647058826	0.375
17	0.35294117647058826	0.35294117647058826
18	0.4117647058823529	0.3888888888888889
19	0.4117647058823529	0.3684210526315789
20	0.47058823529411764	0.4
21	0.5294117647058824	0.42857142857142855
22	0.5294117647058824	0.4090909090909091
23	0.5882352941176471	0.43478260869565216
24	0.5882352941176471	0.4166666666666667
25	0.6470588235294118	0.44
