1	0.0	0.0
2	0.0	0.0
3	0.0	0.0
4	0.043478260869565216	0.25
5	0.043478260869565216	0.2
6	0.043478260869565216	0.16666666666666666
7	0.08695652173913043	0.2857142857142857
8	0.13043478260869565	0.375
9	0.13043478260869565	0.3333333333333333
10	0.13043478260869565	0.3
11	0.17391304347826086	0.36363636363636365
12	0.17391304347826086	0.3333333333333333
13	0.21739130434782608	0.38461538461538464
14	0.2608695652173913	0.42857142857142855
15	0.30434782608695654	0.4666666666666667
16	0.30434782608695654	0.4375
17	0.30434782608695654	0.4117647058823529
18	0.30434782608695654	0.3888888888888889
19	0.30434782608695654	0.3684210526315789
20	0.30434782608695654	0.35
21	0.30434782608695654	0.3333333333333333
22	0.30434782608695654	0.3181818181818182
23	0.34782608695652173	0.34782608695652173
24	0.34782608695652173	0.3333333333333333
25	0.34782608695652173	0.32
