1	0.11764705882352941
2	0.2222222222222222
3	0.3157894736842105
4	0.4
5	0.38095238095238093
6	0.36363636363636365
7	0.43478260869565216
8	0.4166666666666667
9	0.39999999999999997
10	0.4615384615384615
11	0.4444444444444444
12	0.42857142857142855
13	0.41379310344827586
14	0.4666666666666667
15	0.45161290322580644
16	0.4375
17	0.42424242424242425
18	0.411764705882353
19	0.45714285714285713
20	0.4444444444444445
21	0.4324324324324324
22	0.4210526315789474
23	0.41025641025641024
24	0.4
25	0.39024390243902435
