1	0.10526315789473684
2	0.19999999999999998
3	0.1904761904761905
4	0.1818181818181818
5	0.1739130434782609
6	0.16666666666666666
7	0.24
8	0.30769230769230765
9	0.2962962962962963
10	0.2857142857142857
11	0.3448275862068966
12	0.33333333333333337
13	0.3225806451612903
14	0.375
15	0.3636363636363636
16	0.411764705882353
17	0.39999999999999997
18	0.3888888888888889
19	0.37837837837837834
20	0.36842105263157887
21	0.358974358974359
22	0.35000000000000003
23	0.34146341463414637
24	0.380952380952381
25	0.37209302325581395
