1	0.14285714285714288
2	0.13333333333333336
3	0.25
4	0.23529411764705882
5	0.33333333333333337
6	0.3157894736842105
7	0.3
8	0.380952380952381
9	0.3636363636363637
10	0.34782608695652173
11	0.41666666666666663
12	0.4
13	0.46153846153846156
14	0.4444444444444445
15	0.42857142857142855
16	0.41379310344827586
17	0.4000000000000001
18	0.3870967741935484
19	0.37499999999999994
20	0.3636363636363637
21	0.35294117647058826
22	0.3428571428571428
23	0.33333333333333337
24	0.32432432432432434
25	0.3157894736842105
