1	0.19999999999999998
2	0.1818181818181818
3	0.3333333333333333
4	0.30769230769230765
5	0.42857142857142855
6	0.5333333333333333
7	0.6250000000000001
8	0.5882352941176471
9	0.5555555555555556
10	0.5263157894736842
11	0.5
12	0.5714285714285715
13	0.5454545454545455
14	0.5217391304347826
15	0.5
16	0.4800000000000001
17	0.46153846153846156
18	0.4444444444444444
19	0.5
20	0.48275862068965514
21	0.4666666666666666
22	0.45161290322580644
23	0.43750000000000006
24	0.42424242424242425
25	0.4117647058823529
