1	0.052631578947368425
2	0.05128205128205129
3	0.05
4	0.04878048780487805
5	0.047619047619047616
6	0.046511627906976744
7	0.045454545454545456
8	0.044444444444444446
9	0.043478260869565216
10	0.0425531914893617
11	0.04166666666666667
12	0.04081632653061225
13	0.04
14	0.0392156862745098
15	0.07692307692307693
16	0.07547169811320754
17	0.07407407407407408
18	0.07272727272727272
19	0.07142857142857144
20	0.07017543859649122
21	0.06896551724137931
22	0.06779661016949154
23	0.06666666666666667
24	0.06557377049180328
25	0.06451612903225806
