1	0.028169014084507043
2	0.02777777777777778
3	0.0547945205479452
4	0.05405405405405405
5	0.05333333333333333
6	0.07894736842105264
7	0.10389610389610389
8	0.10256410256410256
9	0.10126582278481011
10	0.09999999999999999
11	0.09876543209876543
12	0.09756097560975609
13	0.09638554216867469
14	0.11904761904761904
15	0.11764705882352941
16	0.11627906976744186
17	0.11494252873563217
18	0.13636363636363638
19	0.1348314606741573
20	0.13333333333333333
21	0.13186813186813184
22	0.13043478260869562
23	0.12903225806451615
24	0.1276595744680851
25	0.1473684210526316
