1	0.14285714285714288
2	0.13333333333333336
3	0.125
4	0.23529411764705882
5	0.33333333333333337
6	0.3157894736842105
7	0.4
8	0.380952380952381
9	0.3636363636363637
10	0.4347826086956522
11	0.41666666666666663
12	0.48000000000000004
13	0.5384615384615384
14	0.5185185185185186
15	0.5714285714285715
16	0.6206896551724138
17	0.5999999999999999
18	0.5806451612903226
19	0.5625
20	0.6060606060606061
21	0.6470588235294118
22	0.6285714285714286
23	0.6111111111111112
24	0.6486486486486487
25	0.631578947368421
