1	0.13333333333333333
2	0.125
3	0.11764705882352941
4	0.22222222222222224
5	0.21052631578947364
6	0.2
7	0.19047619047619047
8	0.2727272727272727
9	0.34782608695652173
10	0.41666666666666663
11	0.4
12	0.4615384615384615
13	0.4444444444444445
14	0.42857142857142855
15	0.4137931034482759
16	0.4666666666666667
17	0.5161290322580646
18	0.5625000000000001
19	0.5454545454545454
20	0.588235294117647
21	0.5714285714285714
22	0.6111111111111112
23	0.6486486486486486
24	0.6842105263157894
25	0.6666666666666666
