1	0.07999999999999999
2	0.15384615384615385
3	0.14814814814814814
4	0.14285714285714285
5	0.13793103448275862
6	0.13333333333333333
7	0.12903225806451613
8	0.1875
9	0.18181818181818182
10	0.17647058823529413
11	0.17142857142857143
12	0.16666666666666666
13	0.16216216216216217
14	0.15789473684210525
15	0.2051282051282051
16	0.25
17	0.24390243902439027
18	0.2380952380952381
19	0.23255813953488372
20	0.2727272727272727
21	0.26666666666666666
22	0.2608695652173913
23	0.2553191489361702
24	0.25
25	0.24489795918367346
