1	0.11764705882352941
2	0.1111111111111111
3	0.10526315789473684
4	0.2
5	0.19047619047619047
6	0.18181818181818182
7	0.17391304347826086
8	0.16666666666666666
9	0.24000000000000005
10	0.23076923076923075
11	0.2222222222222222
12	0.28571428571428575
13	0.3448275862068966
14	0.3333333333333333
15	0.3225806451612903
16	0.375
17	0.3636363636363636
18	0.35294117647058826
19	0.34285714285714286
20	0.38888888888888884
21	0.37837837837837834
22	0.3684210526315789
23	0.358974358974359
24	0.4
25	0.39024390243902435
