1	0.09523809523809523
2	0.18181818181818182
3	0.1739130434782609
4	0.16666666666666669
5	0.24
6	0.23076923076923075
7	0.2222222222222222
8	0.28571428571428575
9	0.2758620689655173
10	0.26666666666666666
11	0.25806451612903225
12	0.25
13	0.24242424242424246
14	0.23529411764705882
15	0.2285714285714286
16	0.22222222222222224
17	0.2162162162162162
18	0.2105263157894737
19	0.20512820512820512
20	0.20000000000000004
21	0.1951219512195122
22	0.1904761904761905
23	0.18604651162790697
24	0.1818181818181818
25	0.17777777777777778
