1	0.0
2	0.0
3	0.14285714285714288
4	0.13333333333333333
5	0.25000000000000006
6	0.23529411764705885
7	0.2222222222222222
8	0.2105263157894737
9	0.19999999999999998
10	0.1904761904761905
11	0.18181818181818182
12	0.17391304347826086
13	0.16666666666666669
14	0.16
15	0.15384615384615383
16	0.14814814814814814
17	0.14285714285714285
18	0.20689655172413793
19	0.19999999999999998
20	0.19354838709677416
21	0.18749999999999997
22	0.1818181818181818
23	0.1764705882352941
24	0.17142857142857143
25	0.16666666666666666
