0.06451612903225806
0.6
0.7272727272727272
0.12500000000000003
0.20000000000000004
0.13333333333333333
0.16000000000000003
0.22222222222222224
0.15384615384615385
0.21052631578947364
0.1111111111111111
0.23529411764705882
0.3636363636363636
0.4615384615384615
0.5
0.2608695652173913
0.028985507246376812
0.12500000000000003
0.6
0.16666666666666666
0.1739130434782609
0.17647058823529413
0.4000000000000001
0.08000000000000002
0.23076923076923073
0.6
0.0
0.6666666666666665
0.11764705882352941
0.26666666666666666
0.2608695652173913
0.1111111111111111
0.20000000000000004
0.1818181818181818
0.4444444444444445
0.1818181818181818
0.2222222222222222
0.6666666666666665
0.2222222222222222
0.6666666666666665
0.3076923076923077
0.13333333333333333
0.3333333333333333
0.3636363636363636
0.15384615384615385
0.23529411764705882
0.0
0.12500000000000003
0.42857142857142855
0.6
0.26666666666666666
0.7272727272727272
0.18181818181818182
0.15384615384615385
0.22222222222222224
0.3076923076923077
0.25000000000000006
0.1818181818181818
0.4000000000000001
0.33333333333333337
0.0
0.1818181818181818
0.5555555555555556
0.4000000000000001
0.4444444444444445
0.3636363636363636
0.42857142857142855
0.3636363636363636
0.3636363636363636
0.6666666666666665
0.19047619047619047
0.19047619047619047
0.3076923076923077
0.1818181818181818
0.20000000000000004
0.5454545454545454
0.3333333333333333
0.20000000000000004
0.1818181818181818
0.0
0.33333333333333337
0.20000000000000004
0.6153846153846154
0.3636363636363636
0.6153846153846154
0.4
0.14285714285714285
0.0
0.4444444444444445
0.2608695652173913
0.3636363636363636
0.2222222222222222
0.16666666666666666
0.11764705882352941
0.13333333333333333
0.3333333333333333
0.23529411764705882
0.26666666666666666
0.1
0.20000000000000004
0.23529411764705882
0.13333333333333333
0.15384615384615385
0.13333333333333333
0.15384615384615385
0.22222222222222224
0.16666666666666666
0.4444444444444444
0.11764705882352941
0.7272727272727272
0.4444444444444445
0.4
0.0
0.6
0.10810810810810811
0.0
0.4444444444444445
0.7142857142857143
0.6
0.10256410256410256
0.06896551724137931
0.3636363636363636
0.3333333333333333
0.6
0.6666666666666665
0.6
0.6
0.0
0.6666666666666665
0.3478260869565218
0.22222222222222224
0.23529411764705882
0.4000000000000001
0.12500000000000003
0.08695652173913045
0.0
0.5454545454545454
0.4000000000000001
0.3076923076923077
0.22222222222222224
0.3333333333333333
0.25
0.4
0.08000000000000002
0.3478260869565218
0.3076923076923077
0.07142857142857144
0.6
0.21052631578947364
0.12500000000000003
0.5
0.12500000000000003
0.25000000000000006
0.42857142857142855
0.1818181818181818
0.42857142857142855
0.4615384615384615
0.3333333333333333
0.4
0.0
0.15384615384615385
0.15384615384615385
0.20000000000000004
0.3636363636363636
0.12121212121212122
0.18750000000000003
0.6153846153846154
0.20000000000000004
0.3
0.0
0.15384615384615385
0.20000000000000004
0.3636363636363636
0.6
0.5
0.33333333333333337
0.0
0.4000000000000001
0.07142857142857142
0.3333333333333333
0.1818181818181818
0.1818181818181818
0.21052631578947364
0.4000000000000001
0.14285714285714285
0.5
0.05128205128205128
0.3157894736842105
0.42857142857142855
0.1818181818181818
0.5454545454545454
0.14285714285714285
0.4210526315789473
0.26666666666666666
0.3333333333333333
0.13333333333333333
0.12500000000000003
0.13793103448275862
0.25000000000000006
0.14285714285714285
0.22222222222222224
0.47058823529411764
0.4444444444444445
0.4000000000000001
0.16666666666666666
0.35294117647058826
0.6153846153846154
0.0909090909090909
0.20000000000000004
0.3333333333333333
0.2
0.2857142857142857
0.20000000000000004
0.37499999999999994
0.3333333333333333
0.22222222222222224
0.1818181818181818
0.5714285714285714
0.2857142857142857
0.08000000000000002
0.20000000000000004
0.37499999999999994
0.4444444444444445
0.6153846153846154
0.16666666666666666
0.6
0.4000000000000001
0.0
0.1818181818181818
0.09677419354838708
0.5
0.5
0.7272727272727272
0.0
0.058823529411764705
0.6
0.22222222222222224
0.3076923076923077
0.3076923076923077
0.19047619047619047
0.20000000000000004
0.6
0.15384615384615385
0.8000000000000002
0.2857142857142857
0.5454545454545454
0.09523809523809523
0.22222222222222224
0.15384615384615385
0.1818181818181818
0.20000000000000004
0.20000000000000004
0.2857142857142857
0.6666666666666665
0.23529411764705882
0.12500000000000003
0.2
0.0
0.2857142857142857
0.14285714285714285
0.08333333333333333
0.1818181818181818
0.20000000000000004
0.04938271604938271
0.22222222222222224
0.05714285714285715
0.6153846153846154
0.7272727272727272
0.22222222222222224
0.0
0.22222222222222224
0.1818181818181818
0.13333333333333333
0.10526315789473682
0.3157894736842105
0.26666666666666666
0.14285714285714285
0.3076923076923077
0.05333333333333333
0.4000000000000001
0.125
0.0
0.3076923076923077
0.0
0.25000000000000006
0.3076923076923077
0.16666666666666666
0.15384615384615385
0.4444444444444445
0.38095238095238093
0.2222222222222222
0.08333333333333333
0.26666666666666666
0.8000000000000002
0.2857142857142857
0.5
0.35294117647058826
0.20000000000000004
0.26666666666666666
0.6
0.15384615384615385
0.0
0.3333333333333333
0.06779661016949153
0.5454545454545454
0.16666666666666666
0.6
0.16666666666666666
0.0
0.25000000000000006
0.0
0.6
0.5454545454545454
0.5882352941176471
0.3333333333333333
0.13333333333333333
0.19047619047619047
0.0
0.20000000000000004
0.0
0.1111111111111111
0.3636363636363636
0.3333333333333333
0.1818181818181818
0.5
0.5714285714285714
0.6
0.14285714285714285
0.15384615384615385
0.0
0.1818181818181818
0.16666666666666666
0.6153846153846154
0.26666666666666666
0.0
0.0
0.4444444444444445
0.4000000000000001
0.14285714285714285
0.4000000000000001
0.0
0.1111111111111111
0.3333333333333333
0.22222222222222224
0.10526315789473682
0.21052631578947364
0.17647058823529413
0.1739130434782609
0.13333333333333333
0.0
0.06451612903225806
0.4000000000000001
0.06896551724137931
0.0
0.21052631578947364
0.10526315789473682
0.14285714285714285
0.4444444444444445
0.12500000000000003
0.20000000000000004
0.12500000000000003
0.12500000000000003
0.16000000000000003
0.12500000000000003
0.0
0.23529411764705882
0.0
0.1818181818181818
0.1818181818181818
0.3333333333333333
0.15384615384615385
0.6666666666666665
0.37499999999999994
0.1818181818181818
0.14285714285714285
0.12500000000000003
0.0
0.4000000000000001
0.35294117647058826
0.5454545454545454
0.4615384615384615
0.5454545454545454
0.26666666666666666
0.35294117647058826
0.2857142857142857
0.35294117647058826
0.3076923076923077
0.21052631578947364
0.4444444444444445
0.16666666666666666
0.3636363636363636
0.23529411764705882
0.13333333333333333
0.20000000000000004
0.3076923076923077
0.21052631578947364
0.0
0.12500000000000003
0.6666666666666665
0.4210526315789473
0.05714285714285715
0.21052631578947364
0.3076923076923077
0.0
0.1739130434782609
0.6
0.5454545454545454
0.16666666666666666
0.1111111111111111
0.11764705882352941
0.20000000000000004
0.6153846153846154
0.20000000000000004
0.3333333333333333
0.0
0.2857142857142857
0.15384615384615385
0.5
0.13333333333333333
0.4000000000000001
0.4000000000000001
0.3636363636363636
0.0625
0.37499999999999994
0.16666666666666666
0.20000000000000004
0.4444444444444445
0.19047619047619047
0.15384615384615385
0.5
0.5
0.0
0.1
0.0
0.0
0.07407407407407407
0.16666666666666666
0.21052631578947364
0.4000000000000001
0.20000000000000004
0.0
0.15384615384615385
0.16666666666666666
0.20000000000000004
0.1818181818181818
0.125
0.14814814814814814
0.15384615384615385
0.16666666666666666
0.14285714285714285
0.2857142857142857
0.26666666666666666
0.0
0.33333333333333337
0.3636363636363636
0.20000000000000004
0.16666666666666666
0.8000000000000002
0.06666666666666667
0.09523809523809523
0.12903225806451613
0.15384615384615385
0.4000000000000001
0.15384615384615385
0.1818181818181818
0.08695652173913045
0.25000000000000006
0.20000000000000004
0.23529411764705882
0.3333333333333333
0.4210526315789473
0.3636363636363636
0.6
0.26666666666666666
0.1739130434782609
0.13333333333333333
0.6666666666666665
0.4000000000000001
0.26666666666666666
0.4000000000000001
0.1818181818181818
0.7272727272727272
0.3636363636363636
0.11764705882352941
0.6666666666666665
0.14285714285714285
0.4000000000000001
0.16666666666666666
0.25000000000000006
0.0
0.1818181818181818
0.4
0.22222222222222224
0.0909090909090909
0.0
0.047619047619047616
0.6666666666666665
0.6666666666666665
0.13793103448275862
0.0
0.33333333333333337
0.3636363636363636
0.16666666666666666
0.3636363636363636
0.6666666666666665
0.3478260869565218
0.0
0.13333333333333333
0.2962962962962963
0.15384615384615385
0.16666666666666666
0.5454545454545454
0.2857142857142857
0.3333333333333333
0.0
0.2857142857142857
0.0
0.24
0.13333333333333333
0.20000000000000004
