1	0.16666666666666669
2	0.15384615384615385
3	0.14285714285714288
4	0.13333333333333333
5	0.25000000000000006
6	0.3529411764705882
7	0.4444444444444444
8	0.5263157894736842
9	0.5
10	0.47619047619047616
11	0.5454545454545454
12	0.5217391304347826
13	0.4999999999999999
14	0.4799999999999999
15	0.4615384615384615
16	0.4444444444444444
17	0.5
18	0.4827586206896552
19	0.5333333333333333
20	0.5806451612903226
21	0.5625
22	0.5454545454545455
23	0.5882352941176471
24	0.5714285714285715
25	0.5555555555555556
