1	0.1111111111111111
2	0.10526315789473684
3	0.2
4	0.19047619047619047
5	0.1818181818181818
6	0.1739130434782609
7	0.16666666666666666
8	0.24
9	0.30769230769230765
10	0.29629629629629634
11	0.35714285714285715
12	0.3448275862068966
13	0.4000000000000001
14	0.3870967741935484
15	0.37500000000000006
16	0.3636363636363636
17	0.35294117647058826
18	0.34285714285714286
19	0.33333333333333337
20	0.3243243243243243
21	0.31578947368421056
22	0.30769230769230765
23	0.3
24	0.2926829268292683
25	0.28571428571428564
