1	0.0909090909090909
2	0.17391304347826084
3	0.16666666666666666
4	0.24
5	0.23076923076923073
6	0.22222222222222224
7	0.21428571428571427
8	0.20689655172413796
9	0.26666666666666666
10	0.25806451612903225
11	0.25
12	0.24242424242424246
13	0.23529411764705882
14	0.22857142857142854
15	0.2222222222222222
16	0.27027027027027023
17	0.2631578947368421
18	0.25641025641025644
19	0.3
20	0.2926829268292683
21	0.3333333333333333
22	0.3255813953488372
23	0.31818181818181823
24	0.3111111111111111
25	0.30434782608695654
