1	0.034482758620689655
2	0.06779661016949151
3	0.06666666666666667
4	0.09836065573770492
5	0.09677419354838708
6	0.09523809523809525
7	0.09375
8	0.12307692307692307
9	0.12121212121212122
10	0.11940298507462686
11	0.11764705882352941
12	0.14492753623188404
13	0.17142857142857143
14	0.1971830985915493
15	0.19444444444444442
16	0.2191780821917808
17	0.2162162162162162
18	0.23999999999999996
19	0.23684210526315788
20	0.2597402597402597
21	0.282051282051282
22	0.27848101265822783
23	0.27499999999999997
24	0.2716049382716049
25	0.2682926829268293
