1	0.04878048780487806
2	0.09523809523809523
3	0.09302325581395349
4	0.09090909090909091
5	0.13333333333333333
6	0.1739130434782609
7	0.1702127659574468
8	0.16666666666666669
9	0.163265306122449
10	0.2
11	0.196078431372549
12	0.1923076923076923
13	0.18867924528301888
14	0.18518518518518517
15	0.18181818181818182
16	0.17857142857142858
17	0.21052631578947367
18	0.24137931034482757
19	0.23728813559322032
20	0.26666666666666666
21	0.2622950819672132
22	0.25806451612903225
23	0.253968253968254
24	0.25
25	0.24615384615384614
