1	0.10526315789473684
2	0.19999999999999998
3	0.2857142857142857
4	0.27272727272727276
5	0.2608695652173913
6	0.3333333333333333
7	0.4
8	0.3846153846153846
9	0.4444444444444444
10	0.42857142857142855
11	0.41379310344827586
12	0.4666666666666666
13	0.45161290322580644
14	0.43750000000000006
15	0.42424242424242425
16	0.411764705882353
17	0.45714285714285713
18	0.5
19	0.5405405405405405
20	0.5263157894736842
21	0.5128205128205129
22	0.55
23	0.5365853658536586
24	0.5238095238095238
25	0.5581395348837209
