1	0.0
2	0.03571428571428571
3	0.07017543859649122
4	0.06896551724137931
5	0.06779661016949153
6	0.06666666666666667
7	0.06557377049180328
8	0.09677419354838708
9	0.09523809523809525
10	0.09375000000000001
11	0.0923076923076923
12	0.0909090909090909
13	0.08955223880597016
14	0.08823529411764706
15	0.08695652173913045
16	0.08571428571428572
17	0.08450704225352113
18	0.08333333333333333
19	0.0821917808219178
20	0.10810810810810811
21	0.13333333333333333
22	0.15789473684210525
23	0.15584415584415584
24	0.15384615384615383
25	0.17721518987341772
