1	0.19999999999999998
2	0.1818181818181818
3	0.3333333333333333
4	0.30769230769230765
5	0.42857142857142855
6	0.4
7	0.375
8	0.35294117647058826
9	0.3333333333333333
10	0.4210526315789474
11	0.39999999999999997
12	0.380952380952381
13	0.3636363636363637
14	0.43478260869565216
15	0.4166666666666667
16	0.39999999999999997
17	0.3846153846153846
18	0.4444444444444444
19	0.42857142857142855
20	0.48275862068965514
21	0.5333333333333333
22	0.5161290322580644
23	0.5
24	0.48484848484848486
25	0.47058823529411764
