1	0.16666666666666669
2	0.15384615384615385
3	0.14285714285714288
4	0.13333333333333333
5	0.12500000000000003
6	0.11764705882352942
7	0.2222222222222222
8	0.3157894736842105
9	0.3
10	0.28571428571428564
11	0.2727272727272727
12	0.2608695652173913
13	0.24999999999999994
14	0.23999999999999996
15	0.23076923076923075
16	0.2222222222222222
17	0.21428571428571427
18	0.27586206896551724
19	0.26666666666666666
20	0.25806451612903225
21	0.31249999999999994
22	0.30303030303030304
23	0.29411764705882354
24	0.28571428571428575
25	0.2777777777777778
