1	0.16666666666666669
2	0.15384615384615385
3	0.14285714285714288
4	0.13333333333333333
5	0.12500000000000003
6	0.11764705882352942
7	0.1111111111111111
8	0.10526315789473685
9	0.09999999999999999
10	0.1904761904761905
11	0.18181818181818182
12	0.17391304347826086
13	0.16666666666666669
14	0.16
15	0.23076923076923075
16	0.2222222222222222
17	0.2857142857142857
18	0.27586206896551724
19	0.26666666666666666
20	0.3225806451612903
21	0.31249999999999994
22	0.30303030303030304
23	0.29411764705882354
24	0.28571428571428575
25	0.2777777777777778
