1	0.18181818181818182
2	0.33333333333333337
3	0.30769230769230765
4	0.4285714285714285
5	0.4
6	0.37499999999999994
7	0.47058823529411764
8	0.4444444444444445
9	0.4210526315789474
10	0.4000000000000001
11	0.380952380952381
12	0.3636363636363636
13	0.4347826086956522
14	0.41666666666666663
15	0.4
16	0.38461538461538464
17	0.37037037037037035
18	0.35714285714285715
19	0.3448275862068966
20	0.3333333333333333
21	0.3870967741935483
22	0.37499999999999994
23	0.42424242424242425
24	0.4117647058823529
25	0.4
