1	0.14285714285714288
2	0.13333333333333336
3	0.125
4	0.11764705882352941
5	0.1111111111111111
6	0.10526315789473684
7	0.1
8	0.09523809523809525
9	0.09090909090909093
10	0.08695652173913043
11	0.08333333333333334
12	0.16
13	0.15384615384615385
14	0.14814814814814817
15	0.14285714285714288
16	0.20689655172413793
17	0.20000000000000004
18	0.2580645161290323
19	0.3125
20	0.30303030303030304
21	0.2941176470588235
22	0.2857142857142857
23	0.27777777777777773
24	0.32432432432432434
25	0.3684210526315789
