1	0.0
2	0.16666666666666669
3	0.15384615384615383
4	0.14285714285714288
5	0.13333333333333333
6	0.125
7	0.11764705882352941
8	0.11111111111111112
9	0.10526315789473685
10	0.20000000000000004
11	0.1904761904761905
12	0.1818181818181818
13	0.17391304347826086
14	0.25
15	0.32
16	0.38461538461538464
17	0.37037037037037035
18	0.35714285714285715
19	0.3448275862068966
20	0.3333333333333333
21	0.3870967741935483
22	0.37499999999999994
23	0.42424242424242425
24	0.4117647058823529
25	0.45714285714285713
