1	0.16666666666666669
2	0.15384615384615385
3	0.14285714285714288
4	0.13333333333333333
5	0.12500000000000003
6	0.11764705882352942
7	0.2222222222222222
8	0.2105263157894737
9	0.19999999999999998
10	0.1904761904761905
11	0.2727272727272727
12	0.2608695652173913
13	0.33333333333333337
14	0.32
15	0.30769230769230765
16	0.2962962962962963
17	0.2857142857142857
18	0.27586206896551724
19	0.26666666666666666
20	0.25806451612903225
21	0.25
22	0.24242424242424246
23	0.29411764705882354
24	0.28571428571428575
25	0.2777777777777778
