1	0.07142857142857142
2	0.13793103448275862
3	0.13333333333333333
4	0.12903225806451613
5	0.125
6	0.12121212121212122
7	0.17647058823529413
8	0.22857142857142856
9	0.2222222222222222
10	0.21621621621621623
11	0.2631578947368421
12	0.30769230769230765
13	0.3
14	0.3414634146341463
15	0.33333333333333337
16	0.3255813953488372
17	0.3181818181818182
18	0.3111111111111111
19	0.34782608695652173
20	0.3404255319148936
21	0.3333333333333333
22	0.32653061224489793
23	0.31999999999999995
24	0.3137254901960785
25	0.30769230769230765
