1	0.14285714285714288
2	0.2666666666666667
3	0.25
4	0.3529411764705882
5	0.33333333333333337
6	0.3157894736842105
7	0.3
8	0.2857142857142857
9	0.27272727272727276
10	0.2608695652173913
11	0.24999999999999994
12	0.24000000000000002
13	0.23076923076923078
14	0.29629629629629634
15	0.28571428571428575
16	0.27586206896551724
17	0.26666666666666666
18	0.2580645161290323
19	0.25
20	0.30303030303030304
21	0.35294117647058826
22	0.39999999999999997
23	0.3888888888888889
24	0.3783783783783784
25	0.3684210526315789
