1	0.07692307692307693
2	0.07407407407407407
3	0.07142857142857142
4	0.06896551724137932
5	0.06666666666666667
6	0.06451612903225806
7	0.0625
8	0.06060606060606061
9	0.058823529411764705
10	0.05714285714285714
11	0.1111111111111111
12	0.16216216216216217
13	0.15789473684210525
14	0.15384615384615383
15	0.15
16	0.14634146341463414
17	0.14285714285714282
18	0.13953488372093023
19	0.13636363636363635
20	0.1333333333333333
21	0.13043478260869565
22	0.1276595744680851
23	0.12499999999999997
24	0.16326530612244897
25	0.16
