1	0.0
2	0.07692307692307693
3	0.07407407407407407
4	0.07142857142857142
5	0.06896551724137931
6	0.06666666666666667
7	0.06451612903225806
8	0.0625
9	0.06060606060606061
10	0.058823529411764705
11	0.1142857142857143
12	0.1111111111111111
13	0.16216216216216217
14	0.15789473684210525
15	0.15384615384615385
16	0.15
17	0.14634146341463414
18	0.14285714285714288
19	0.13953488372093023
20	0.13636363636363635
21	0.13333333333333333
22	0.13043478260869565
23	0.1276595744680851
24	0.125
25	0.12244897959183673
