1	0.03125
2	0.03076923076923077
3	0.030303030303030304
4	0.05970149253731343
5	0.058823529411764705
6	0.057971014492753624
7	0.057142857142857134
8	0.05633802816901408
9	0.08333333333333333
10	0.0821917808219178
11	0.08108108108108109
12	0.08
13	0.10526315789473684
14	0.10389610389610389
15	0.1282051282051282
16	0.12658227848101264
17	0.125
18	0.12345679012345678
19	0.12195121951219512
20	0.12048192771084337
21	0.11904761904761904
22	0.1411764705882353
23	0.13953488372093023
24	0.16091954022988506
25	0.18181818181818182
