1	0.16666666666666669
2	0.15384615384615385
3	0.14285714285714288
4	0.26666666666666666
5	0.25000000000000006
6	0.23529411764705885
7	0.2222222222222222
8	0.3157894736842105
9	0.3
10	0.28571428571428564
11	0.2727272727272727
12	0.2608695652173913
13	0.33333333333333337
14	0.4
15	0.4615384615384615
16	0.4444444444444444
17	0.42857142857142855
18	0.41379310344827586
19	0.39999999999999997
20	0.3870967741935483
21	0.43749999999999994
22	0.4242424242424242
23	0.411764705882353
24	0.4
25	0.3888888888888889
