1	0.1
2	0.09523809523809525
3	0.09090909090909091
4	0.08695652173913043
5	0.08333333333333333
6	0.16
7	0.23076923076923078
8	0.22222222222222218
9	0.21428571428571427
10	0.20689655172413793
11	0.19999999999999998
12	0.1935483870967742
13	0.18749999999999997
14	0.18181818181818182
15	0.17647058823529413
16	0.17142857142857143
17	0.16666666666666669
18	0.16216216216216214
19	0.15789473684210525
20	0.15384615384615385
21	0.15
22	0.14634146341463414
23	0.14285714285714288
24	0.13953488372093023
25	0.13636363636363635
