1	0.0
2	0.030303030303030304
3	0.029850746268656716
4	0.029411764705882353
5	0.028985507246376812
6	0.02857142857142857
7	0.056338028169014086
8	0.05555555555555555
9	0.0547945205479452
10	0.05405405405405406
11	0.08
12	0.07894736842105263
13	0.07792207792207792
14	0.07692307692307691
15	0.0759493670886076
16	0.075
17	0.07407407407407407
18	0.07317073170731708
19	0.07228915662650602
20	0.07142857142857142
21	0.09411764705882353
22	0.09302325581395349
23	0.1149425287356322
24	0.11363636363636363
25	0.1348314606741573
