1	0.08333333333333333
2	0.08
3	0.07692307692307691
4	0.07407407407407408
5	0.07142857142857142
6	0.06896551724137931
7	0.06666666666666667
8	0.06451612903225806
9	0.0625
10	0.12121212121212122
11	0.1176470588235294
12	0.11428571428571427
13	0.16666666666666669
14	0.2162162162162162
15	0.2105263157894737
16	0.2564102564102564
17	0.3
18	0.2926829268292683
19	0.28571428571428575
20	0.27906976744186046
21	0.31818181818181823
22	0.31111111111111117
23	0.30434782608695654
24	0.2978723404255319
25	0.2916666666666667
