1	0.18181818181818182
2	0.16666666666666669
3	0.15384615384615383
4	0.14285714285714288
5	0.13333333333333333
6	0.125
7	0.11764705882352941
8	0.11111111111111112
9	0.2105263157894737
10	0.20000000000000004
11	0.1904761904761905
12	0.1818181818181818
13	0.17391304347826086
14	0.16666666666666666
15	0.16
16	0.15384615384615385
17	0.14814814814814817
18	0.14285714285714285
19	0.13793103448275862
20	0.13333333333333333
21	0.19354838709677416
22	0.18749999999999997
23	0.18181818181818182
24	0.17647058823529413
25	0.17142857142857143
