1	0.0
2	0.025641025641025637
3	0.05063291139240506
4	0.05
5	0.04938271604938271
6	0.048780487804878044
7	0.07228915662650602
8	0.07142857142857142
9	0.07058823529411765
10	0.0697674418604651
11	0.06896551724137931
12	0.06818181818181818
13	0.06741573033707864
14	0.08888888888888889
15	0.0879120879120879
16	0.08695652173913043
17	0.1075268817204301
18	0.12765957446808512
19	0.1263157894736842
20	0.14583333333333331
21	0.16494845360824742
22	0.16326530612244897
23	0.16161616161616163
24	0.16
25	0.1782178217821782
