1	0.08695652173913045
2	0.08333333333333334
3	0.08
4	0.07692307692307693
5	0.14814814814814814
6	0.21428571428571427
7	0.20689655172413793
8	0.26666666666666666
9	0.2580645161290322
10	0.3125
11	0.3636363636363636
12	0.3529411764705882
13	0.3428571428571428
14	0.33333333333333326
15	0.3243243243243243
16	0.3157894736842105
17	0.30769230769230765
18	0.3
19	0.2926829268292683
20	0.28571428571428564
21	0.2790697674418604
22	0.2727272727272727
23	0.2666666666666666
24	0.2608695652173913
25	0.2553191489361702
