1	0.09523809523809523
2	0.09090909090909091
3	0.08695652173913045
4	0.08333333333333334
5	0.16000000000000003
6	0.23076923076923075
7	0.2222222222222222
8	0.21428571428571425
9	0.20689655172413793
10	0.26666666666666666
11	0.3225806451612903
12	0.3125
13	0.3636363636363637
14	0.3529411764705882
15	0.34285714285714286
16	0.38888888888888884
17	0.37837837837837834
18	0.36842105263157887
19	0.358974358974359
20	0.4000000000000001
21	0.3902439024390244
22	0.380952380952381
23	0.4186046511627907
24	0.4090909090909091
25	0.39999999999999997
