1	0.06666666666666667
2	0.12903225806451613
3	0.1875
4	0.18181818181818182
5	0.17647058823529413
6	0.17142857142857143
7	0.16666666666666663
8	0.2162162162162162
9	0.21052631578947367
10	0.20512820512820515
11	0.2
12	0.1951219512195122
13	0.23809523809523808
14	0.23255813953488377
15	0.2727272727272727
16	0.3111111111111111
17	0.34782608695652173
18	0.3829787234042554
19	0.375
20	0.3673469387755102
21	0.39999999999999997
22	0.4313725490196078
23	0.4230769230769231
24	0.4150943396226415
25	0.4444444444444445
