1	0.0625
2	0.12121212121212122
3	0.1176470588235294
4	0.1142857142857143
5	0.1111111111111111
6	0.1081081081081081
7	0.10526315789473685
8	0.10256410256410256
9	0.15000000000000002
10	0.1951219512195122
11	0.23809523809523805
12	0.2325581395348837
13	0.22727272727272727
14	0.2222222222222222
15	0.21739130434782605
16	0.2127659574468085
17	0.20833333333333331
18	0.24489795918367346
19	0.24000000000000002
20	0.23529411764705882
21	0.23076923076923075
22	0.22641509433962262
23	0.2222222222222222
24	0.2545454545454545
25	0.25
