1	0.18181818181818182
2	0.33333333333333337
3	0.30769230769230765
4	0.28571428571428575
5	0.26666666666666666
6	0.25
7	0.23529411764705882
8	0.22222222222222224
9	0.2105263157894737
10	0.20000000000000004
11	0.1904761904761905
12	0.2727272727272727
13	0.2608695652173913
14	0.25
15	0.24
16	0.3076923076923077
17	0.29629629629629634
18	0.2857142857142857
19	0.27586206896551724
20	0.26666666666666666
21	0.3225806451612903
22	0.3125
23	0.30303030303030304
24	0.29411764705882354
25	0.28571428571428575
