1	0.042553191489361694
2	0.08333333333333333
3	0.08163265306122448
4	0.08
5	0.11764705882352941
6	0.11538461538461539
7	0.11320754716981131
8	0.11111111111111109
9	0.10909090909090909
10	0.14285714285714285
11	0.14035087719298245
12	0.1724137931034483
13	0.1694915254237288
14	0.16666666666666666
15	0.16393442622950818
16	0.16129032258064516
17	0.1904761904761905
18	0.18750000000000003
19	0.1846153846153846
20	0.18181818181818182
21	0.20895522388059704
22	0.2058823529411765
23	0.23188405797101447
24	0.2571428571428572
25	0.2535211267605634
