1	0.1
2	0.09523809523809525
3	0.18181818181818182
4	0.17391304347826086
5	0.16666666666666666
6	0.16
7	0.15384615384615385
8	0.14814814814814814
9	0.14285714285714285
10	0.13793103448275862
11	0.13333333333333333
12	0.1935483870967742
13	0.18749999999999997
14	0.18181818181818182
15	0.17647058823529413
16	0.17142857142857143
17	0.16666666666666669
18	0.21621621621621623
19	0.21052631578947367
20	0.25641025641025644
21	0.25
22	0.24390243902439024
23	0.28571428571428575
24	0.27906976744186046
25	0.2727272727272727
