1	0.16666666666666669
2	0.3076923076923077
3	0.28571428571428575
4	0.39999999999999997
5	0.37499999999999994
6	0.3529411764705882
7	0.33333333333333326
8	0.3157894736842105
9	0.39999999999999997
10	0.380952380952381
11	0.36363636363636365
12	0.43478260869565216
13	0.41666666666666663
14	0.4
15	0.3846153846153846
16	0.4444444444444444
17	0.42857142857142855
18	0.41379310344827586
19	0.39999999999999997
20	0.45161290322580644
21	0.43749999999999994
22	0.4242424242424242
23	0.411764705882353
24	0.4
25	0.3888888888888889
