1	0.16666666666666669
2	0.15384615384615385
3	0.28571428571428575
4	0.26666666666666666
5	0.25000000000000006
6	0.3529411764705882
7	0.33333333333333326
8	0.3157894736842105
9	0.39999999999999997
10	0.380952380952381
11	0.45454545454545453
12	0.5217391304347826
13	0.5833333333333334
14	0.56
15	0.5384615384615385
16	0.5925925925925926
17	0.5714285714285714
18	0.6206896551724137
19	0.6
20	0.5806451612903226
21	0.5625
22	0.6060606060606061
23	0.5882352941176471
24	0.5714285714285715
25	0.5555555555555556
