1	0.05
2	0.09756097560975609
3	0.14285714285714288
4	0.18604651162790695
5	0.18181818181818182
6	0.17777777777777778
7	0.17391304347826086
8	0.1702127659574468
9	0.16666666666666666
10	0.163265306122449
11	0.19999999999999996
12	0.23529411764705882
13	0.23076923076923075
14	0.2641509433962264
15	0.25925925925925924
16	0.2545454545454545
17	0.28571428571428564
18	0.3157894736842105
19	0.3448275862068965
20	0.3728813559322034
21	0.4
22	0.3934426229508197
23	0.4193548387096774
24	0.4444444444444445
25	0.4375
