1	0.0
2	0.28571428571428575
3	0.25
4	0.22222222222222224
5	0.20000000000000004
6	0.1818181818181818
7	0.16666666666666666
8	0.15384615384615385
9	0.14285714285714285
10	0.13333333333333333
11	0.12500000000000003
12	0.11764705882352941
13	0.1111111111111111
14	0.10526315789473682
15	0.1
16	0.19047619047619047
17	0.1818181818181818
18	0.1739130434782609
19	0.16666666666666666
20	0.16000000000000003
21	0.15384615384615385
22	0.14814814814814814
23	0.14285714285714285
24	0.20689655172413793
25	0.19999999999999998
