1	0.19999999999999998
2	0.3636363636363636
3	0.3333333333333333
4	0.30769230769230765
5	0.2857142857142857
6	0.26666666666666666
7	0.375
8	0.47058823529411764
9	0.4444444444444444
10	0.4210526315789474
11	0.39999999999999997
12	0.380952380952381
13	0.4545454545454546
14	0.5217391304347826
15	0.5
16	0.4800000000000001
17	0.46153846153846156
18	0.4444444444444444
19	0.42857142857142855
20	0.41379310344827586
21	0.4
22	0.3870967741935484
23	0.37500000000000006
24	0.36363636363636365
25	0.3529411764705882
