1	0.07999999999999999
2	0.07692307692307693
3	0.07407407407407407
4	0.07142857142857142
5	0.06896551724137931
6	0.13333333333333333
7	0.19354838709677416
8	0.25
9	0.24242424242424243
10	0.29411764705882354
11	0.34285714285714286
12	0.3333333333333333
13	0.32432432432432434
14	0.3157894736842105
15	0.3076923076923077
16	0.3
17	0.34146341463414637
18	0.3333333333333333
19	0.32558139534883723
20	0.31818181818181823
21	0.35555555555555557
22	0.34782608695652173
23	0.3404255319148936
24	0.3333333333333333
25	0.32653061224489793
