1	0.02127659574468085	1.0
2	0.0425531914893617	1.0
3	0.0425531914893617	0.6666666666666666
4	0.0425531914893617	0.5
5	0.0425531914893617	0.4
6	0.06382978723404255	0.5
7	0.0851063829787234	0.5714285714285714
8	0.0851063829787234	0.5
9	0.0851063829787234	0.4444444444444444
10	0.10638297872340426	0.5
11	0.10638297872340426	0.45454545454545453
12	0.10638297872340426	0.4166666666666667
13	0.10638297872340426	0.38461538461538464
14	0.10638297872340426	0.35714285714285715
15	0.10638297872340426	0.3333333333333333
16	0.10638297872340426	0.3125
17	0.10638297872340426	0.29411764705882354
18	0.1276595744680851	0.3333333333333333
19	0.14893617021276595	0.3684210526315789
20	0.1702127659574468	0.4
21	0.19148936170212766	0.42857142857142855
22	0.19148936170212766	0.4090909090909091
23	0.19148936170212766	0.391304347826087
24	0.19148936170212766	0.375
25	0.2127659574468085	0.4
26	0.2127659574468085	0.38461538461538464
27	0.2127659574468085	0.37037037037037035
28	0.2127659574468085	0.35714285714285715
29	0.23404255319148937	0.3793103448275862
30	0.2553191489361702	0.4
