1	0.0	0.0
2	0.0	0.0
3	0.0	0.0
4	0.0	0.0
5	0.0	0.0
6	0.0	0.0
7	0.0	0.0
8	0.0	0.0
9	0.0	0.0
10	0.041666666666666664	0.1
11	0.041666666666666664	0.09090909090909091
12	0.041666666666666664	0.08333333333333333
13	0.08333333333333333	0.15384615384615385
14	0.08333333333333333	0.14285714285714285
15	0.08333333333333333	0.13333333333333333
16	0.08333333333333333	0.125
17	0.125	0.17647058823529413
18	0.125	0.16666666666666666
19	0.125	0.15789473684210525
20	0.125	0.15
21	0.125	0.14285714285714285
22	0.125	0.13636363636363635
23	0.125	0.13043478260869565
24	0.125	0.125
25	0.125	0.12
26	0.125	0.11538461538461539
27	0.16666666666666666	0.14814814814814814
28	0.16666666666666666	0.14285714285714285
29	0.16666666666666666	0.13793103448275862
30	0.16666666666666666	0.13333333333333333
