1	0.0	0.0
2	0.0	0.0
3	0.0	0.0
4	0.0	0.0
5	0.0	0.0
6	0.0	0.0
7	0.0	0.0
8	0.0	0.0
9	0.0	0.0
10	0.058823529411764705	0.1
11	0.11764705882352941	0.18181818181818182
12	0.11764705882352941	0.16666666666666666
13	0.11764705882352941	0.15384615384615385
14	0.11764705882352941	0.14285714285714285
15	0.11764705882352941	0.13333333333333333
16	0.11764705882352941	0.125
17	0.11764705882352941	0.11764705882352941
18	0.11764705882352941	0.1111111111111111
19	0.11764705882352941	0.10526315789473684
20	0.11764705882352941	0.1
21	0.11764705882352941	0.09523809523809523
22	0.11764705882352941	0.09090909090909091
23	0.11764705882352941	0.08695652173913043
24	0.11764705882352941	0.08333333333333333
25	0.11764705882352941	0.08
26	0.17647058823529413	0.11538461538461539
27	0.17647058823529413	0.1111111111111111
28	0.17647058823529413	0.10714285714285714
29	0.17647058823529413	0.10344827586206896
30	0.17647058823529413	0.1
