1	0.0	0.0
2	0.0	0.0
3	0.0	0.0
4	0.0	0.0
5	0.0	0.0
6	0.03333333333333333	0.16666666666666666
7	0.03333333333333333	0.14285714285714285
8	0.06666666666666667	0.25
9	0.06666666666666667	0.2222222222222222
10	0.06666666666666667	0.2
11	0.1	0.2727272727272727
12	0.1	0.25
13	0.1	0.23076923076923078
14	0.13333333333333333	0.2857142857142857
15	0.13333333333333333	0.26666666666666666
16	0.13333333333333333	0.25
17	0.13333333333333333	0.23529411764705882
18	0.13333333333333333	0.2222222222222222
19	0.13333333333333333	0.21052631578947367
20	0.13333333333333333	0.2
21	0.16666666666666666	0.23809523809523808
22	0.16666666666666666	0.22727272727272727
23	0.16666666666666666	0.21739130434782608
24	0.16666666666666666	0.20833333333333334
25	0.2	0.24
26	0.23333333333333334	0.2692307692307692
27	0.23333333333333334	0.25925925925925924
28	0.26666666666666666	0.2857142857142857
29	0.3	0.3103448275862069
30	0.3	0.3
