1	0.0	0.0
2	0.058823529411764705	0.5
3	0.058823529411764705	0.3333333333333333
4	0.058823529411764705	0.25
5	0.058823529411764705	0.2
6	0.058823529411764705	0.16666666666666666
7	0.11764705882352941	0.2857142857142857
8	0.17647058823529413	0.375
9	0.17647058823529413	0.3333333333333333
10	0.23529411764705882	0.4
11	0.23529411764705882	0.36363636363636365
12	0.29411764705882354	0.4166666666666667
13	0.29411764705882354	0.38461538461538464
14	0.35294117647058826	0.42857142857142855
15	0.4117647058823529	0.4666666666666667
16	0.47058823529411764	0.5
17	0.5294117647058824	0.5294117647058824
18	0.5294117647058824	0.5
19	0.5882352941176471	0.5263157894736842
20	0.5882352941176471	0.5
21	0.5882352941176471	0.47619047619047616
22	0.5882352941176471	0.45454545454545453
23	0.5882352941176471	0.43478260869565216
24	0.5882352941176471	0.4166666666666667
25	0.5882352941176471	0.4
26	0.5882352941176471	0.38461538461538464
27	0.5882352941176471	0.37037037037037035
28	0.5882352941176471	0.35714285714285715
29	0.5882352941176471	0.3448275862068966
30	0.5882352941176471	0.3333333333333333
