1	0.0	0.0
2	0.0	0.0
3	0.0	0.0
4	0.0	0.0
5	0.14285714285714285	0.2
6	0.14285714285714285	0.16666666666666666
7	0.14285714285714285	0.14285714285714285
8	0.14285714285714285	0.125
9	0.14285714285714285	0.1111111111111111
10	0.2857142857142857	0.2
11	0.2857142857142857	0.18181818181818182
12	0.42857142857142855	0.25
13	0.42857142857142855	0.23076923076923078
14	0.5714285714285714	0.2857142857142857
15	0.5714285714285714	0.26666666666666666
16	0.5714285714285714	0.25
17	0.5714285714285714	0.23529411764705882
18	0.5714285714285714	0.2222222222222222
19	0.5714285714285714	0.21052631578947367
20	0.5714285714285714	0.2
21	0.5714285714285714	0.19047619047619047
22	0.7142857142857143	0.22727272727272727
23	0.8571428571428571	0.2608695652173913
24	1.0	0.2916666666666667
25	1.0	0.28
