1	0.08333333333333333	1.0
2	0.16666666666666666	1.0
3	0.16666666666666666	0.6666666666666666
4	0.16666666666666666	0.5
5	0.25	0.6
6	0.25	0.5
7	0.3333333333333333	0.5714285714285714
8	0.3333333333333333	0.5
9	0.3333333333333333	0.4444444444444444
10	0.3333333333333333	0.4
11	0.3333333333333333	0.36363636363636365
12	0.4166666666666667	0.4166666666666667
13	0.4166666666666667	0.38461538461538464
14	0.5	0.42857142857142855
15	0.5833333333333334	0.4666666666666667
16	0.5833333333333334	0.4375
17	0.5833333333333334	0.4117647058823529
18	0.6666666666666666	0.4444444444444444
19	0.75	0.47368421052631576
20	0.75	0.45
21	0.8333333333333334	0.47619047619047616
22	0.8333333333333334	0.45454545454545453
23	0.8333333333333334	0.43478260869565216
24	0.8333333333333334	0.4166666666666667
25	0.8333333333333334	0.4
