1	0.012658227848101266	1.0
2	0.02531645569620253	1.0
3	0.02531645569620253	0.6666666666666666
4	0.0379746835443038	0.75
5	0.0379746835443038	0.6
6	0.0379746835443038	0.5
7	0.05063291139240506	0.5714285714285714
8	0.05063291139240506	0.5
9	0.05063291139240506	0.4444444444444444
10	0.05063291139240506	0.4
11	0.06329113924050633	0.45454545454545453
12	0.06329113924050633	0.4166666666666667
13	0.06329113924050633	0.38461538461538464
14	0.06329113924050633	0.35714285714285715
15	0.06329113924050633	0.3333333333333333
16	0.06329113924050633	0.3125
17	0.0759493670886076	0.35294117647058826
18	0.08860759493670886	0.3888888888888889
19	0.10126582278481013	0.42105263157894735
20	0.10126582278481013	0.4
21	0.10126582278481013	0.38095238095238093
22	0.10126582278481013	0.36363636363636365
23	0.10126582278481013	0.34782608695652173
24	0.10126582278481013	0.3333333333333333
25	0.10126582278481013	0.32
