1	0.07692307692307693	1.0
2	0.07692307692307693	0.5
3	0.07692307692307693	0.3333333333333333
4	0.15384615384615385	0.5
5	0.23076923076923078	0.6
6	0.23076923076923078	0.5
7	0.3076923076923077	0.5714285714285714
8	0.3076923076923077	0.5
9	0.3076923076923077	0.4444444444444444
10	0.38461538461538464	0.5
11	0.38461538461538464	0.45454545454545453
12	0.46153846153846156	0.5
13	0.5384615384615384	0.5384615384615384
14	0.5384615384615384	0.5
15	0.6153846153846154	0.5333333333333333
16	0.6923076923076923	0.5625
17	0.6923076923076923	0.5294117647058824
18	0.6923076923076923	0.5
19	0.6923076923076923	0.47368421052631576
20	0.7692307692307693	0.5
21	0.8461538461538461	0.5238095238095238
22	0.8461538461538461	0.5
23	0.8461538461538461	0.4782608695652174
24	0.9230769230769231	0.5
25	0.9230769230769231	0.48
