1	0.07692307692307693	1.0
2	0.15384615384615385	1.0
3	0.23076923076923078	1.0
4	0.3076923076923077	1.0
5	0.38461538461538464	1.0
6	0.46153846153846156	1.0
7	0.46153846153846156	0.8571428571428571
8	0.5384615384615384	0.875
9	0.5384615384615384	0.7777777777777778
10	0.6153846153846154	0.8
11	0.6153846153846154	0.7272727272727273
12	0.6923076923076923	0.75
13	0.6923076923076923	0.6923076923076923
14	0.6923076923076923	0.6428571428571429
15	0.6923076923076923	0.6
16	0.6923076923076923	0.5625
17	0.6923076923076923	0.5294117647058824
18	0.6923076923076923	0.5
19	0.6923076923076923	0.47368421052631576
20	0.6923076923076923	0.45
21	0.6923076923076923	0.42857142857142855
22	0.6923076923076923	0.4090909090909091
23	0.6923076923076923	0.391304347826087
24	0.6923076923076923	0.375
25	0.6923076923076923	0.36
