1	0.07142857142857142	1.0
2	0.07142857142857142	0.5
3	0.07142857142857142	0.3333333333333333
4	0.14285714285714285	0.5
5	0.14285714285714285	0.4
6	0.14285714285714285	0.3333333333333333
7	0.14285714285714285	0.2857142857142857
8	0.21428571428571427	0.375
9	0.2857142857142857	0.4444444444444444
10	0.35714285714285715	0.5
11	0.35714285714285715	0.45454545454545453
12	0.42857142857142855	0.5
13	0.42857142857142855	0.46153846153846156
14	0.42857142857142855	0.42857142857142855
15	0.42857142857142855	0.4
16	0.5	0.4375
17	0.5714285714285714	0.47058823529411764
18	0.6428571428571429	0.5
19	0.6428571428571429	0.47368421052631576
20	0.7142857142857143	0.5
21	0.7142857142857143	0.47619047619047616
22	0.7857142857142857	0.5
23	0.8571428571428571	0.5217391304347826
24	0.9285714285714286	0.5416666666666666
25	0.9285714285714286	0.52
