1	0.07142857142857142	1.0
2	0.07142857142857142	0.5
3	0.07142857142857142	0.3333333333333333
4	0.07142857142857142	0.25
5	0.14285714285714285	0.4
6	0.14285714285714285	0.3333333333333333
7	0.14285714285714285	0.2857142857142857
8	0.14285714285714285	0.25
9	0.21428571428571427	0.3333333333333333
10	0.21428571428571427	0.3
11	0.21428571428571427	0.2727272727272727
12	0.21428571428571427	0.25
13	0.21428571428571427	0.23076923076923078
14	0.21428571428571427	0.21428571428571427
15	0.21428571428571427	0.2
16	0.2857142857142857	0.25
17	0.2857142857142857	0.23529411764705882
18	0.35714285714285715	0.2777777777777778
19	0.42857142857142855	0.3157894736842105
20	0.42857142857142855	0.3
21	0.5	0.3333333333333333
22	0.5714285714285714	0.36363636363636365
23	0.5714285714285714	0.34782608695652173
24	0.5714285714285714	0.3333333333333333
25	0.5714285714285714	0.32
