1	0.0625	1.0
2	0.0625	0.5
3	0.0625	0.3333333333333333
4	0.125	0.5
5	0.125	0.4
6	0.125	0.3333333333333333
7	0.125	0.2857142857142857
8	0.125	0.25
9	0.1875	0.3333333333333333
10	0.1875	0.3
11	0.1875	0.2727272727272727
12	0.25	0.3333333333333333
13	0.3125	0.38461538461538464
14	0.3125	0.35714285714285715
15	0.3125	0.3333333333333333
16	0.375	0.375
17	0.375	0.35294117647058826
18	0.375	0.3333333333333333
19	0.375	0.3157894736842105
20	0.4375	0.35
21	0.4375	0.3333333333333333
22	0.4375	0.3181818181818182
23	0.4375	0.30434782608695654
24	0.5	0.3333333333333333
25	0.5	0.32
