1	0.09090909090909091	1.0
2	0.09090909090909091	0.5
3	0.09090909090909091	0.3333333333333333
4	0.09090909090909091	0.25
5	0.18181818181818182	0.4
6	0.2727272727272727	0.5
7	0.36363636363636365	0.5714285714285714
8	0.45454545454545453	0.625
9	0.45454545454545453	0.5555555555555556
10	0.45454545454545453	0.5
11	0.5454545454545454	0.5454545454545454
12	0.5454545454545454	0.5
13	0.5454545454545454	0.46153846153846156
14	0.5454545454545454	0.42857142857142855
15	0.5454545454545454	0.4
16	0.5454545454545454	0.375
17	0.6363636363636364	0.4117647058823529
18	0.6363636363636364	0.3888888888888889
19	0.7272727272727273	0.42105263157894735
20	0.8181818181818182	0.45
21	0.8181818181818182	0.42857142857142855
22	0.8181818181818182	0.4090909090909091
23	0.9090909090909091	0.43478260869565216
24	0.9090909090909091	0.4166666666666667
25	0.9090909090909091	0.4
