1	0.08333333333333333	1.0
2	0.16666666666666666	1.0
3	0.16666666666666666	0.6666666666666666
4	0.25	0.75
5	0.25	0.6
6	0.3333333333333333	0.6666666666666666
7	0.3333333333333333	0.5714285714285714
8	0.3333333333333333	0.5
9	0.3333333333333333	0.4444444444444444
10	0.3333333333333333	0.4
11	0.4166666666666667	0.45454545454545453
12	0.5	0.5
13	0.5	0.46153846153846156
14	0.5	0.42857142857142855
15	0.5	0.4
16	0.5	0.375
17	0.5	0.35294117647058826
18	0.5	0.3333333333333333
19	0.5833333333333334	0.3684210526315789
20	0.5833333333333334	0.35
21	0.5833333333333334	0.3333333333333333
22	0.5833333333333334	0.3181818181818182
23	0.5833333333333334	0.30434782608695654
24	0.5833333333333334	0.2916666666666667
25	0.5833333333333334	0.28
