1	0.0	0.0
2	0.0	0.0
3	0.0	0.0
4	0.0	0.0
5	0.0	0.0
6	0.0	0.0
7	0.0	0.0
8	0.034482758620689655	0.125
9	0.06896551724137931	0.2222222222222222
10	0.10344827586206896	0.3
11	0.10344827586206896	0.2727272727272727
12	0.10344827586206896	0.25
13	0.10344827586206896	0.23076923076923078
14	0.13793103448275862	0.2857142857142857
15	0.1724137931034483	0.3333333333333333
16	0.1724137931034483	0.3125
17	0.20689655172413793	0.35294117647058826
18	0.2413793103448276	0.3888888888888889
19	0.2413793103448276	0.3684210526315789
20	0.2413793103448276	0.35
21	0.2413793103448276	0.3333333333333333
22	0.2413793103448276	0.3181818181818182
23	0.2413793103448276	0.30434782608695654
24	0.2413793103448276	0.2916666666666667
25	0.2413793103448276	0.28
