1	0.0625	1.0
2	0.125	1.0
3	0.125	0.6666666666666666
4	0.125	0.5
5	0.125	0.4
6	0.125	0.3333333333333333
7	0.1875	0.42857142857142855
8	0.1875	0.375
9	0.1875	0.3333333333333333
10	0.1875	0.3
11	0.1875	0.2727272727272727
12	0.1875	0.25
13	0.1875	0.23076923076923078
14	0.1875	0.21428571428571427
15	0.1875	0.2
16	0.25	0.25
17	0.25	0.23529411764705882
18	0.25	0.2222222222222222
19	0.3125	0.2631578947368421
20	0.375	0.3
21	0.4375	0.3333333333333333
22	0.5	0.36363636363636365
23	0.5	0.34782608695652173
24	0.5	0.3333333333333333
25	0.5	0.32
