1	0.0	0.0
2	0.0	0.0
3	0.03333333333333333	0.3333333333333333
4	0.03333333333333333	0.25
5	0.03333333333333333	0.2
6	0.03333333333333333	0.16666666666666666
7	0.06666666666666667	0.2857142857142857
8	0.06666666666666667	0.25
9	0.06666666666666667	0.2222222222222222
10	0.1	0.3
11	0.1	0.2727272727272727
12	0.1	0.25
13	0.13333333333333333	0.3076923076923077
14	0.13333333333333333	0.2857142857142857
15	0.13333333333333333	0.26666666666666666
16	0.16666666666666666	0.3125
17	0.2	0.35294117647058826
18	0.2	0.3333333333333333
19	0.2	0.3157894736842105
20	0.2	0.3
21	0.2	0.2857142857142857
22	0.23333333333333334	0.3181818181818182
23	0.23333333333333334	0.30434782608695654
24	0.23333333333333334	0.2916666666666667
25	0.26666666666666666	0.32
