1	0.017543859649122806	1.0
2	0.03508771929824561	1.0
3	0.03508771929824561	0.6666666666666666
4	0.05263157894736842	0.75
5	0.05263157894736842	0.6
6	0.05263157894736842	0.5
7	0.05263157894736842	0.42857142857142855
8	0.07017543859649122	0.5
9	0.07017543859649122	0.4444444444444444
10	0.07017543859649122	0.4
11	0.07017543859649122	0.36363636363636365
12	0.08771929824561403	0.4166666666666667
13	0.10526315789473684	0.46153846153846156
14	0.12280701754385964	0.5
15	0.12280701754385964	0.4666666666666667
16	0.14035087719298245	0.5
17	0.14035087719298245	0.47058823529411764
18	0.15789473684210525	0.5
19	0.15789473684210525	0.47368421052631576
20	0.17543859649122806	0.5
21	0.19298245614035087	0.5238095238095238
22	0.19298245614035087	0.5
23	0.19298245614035087	0.4782608695652174
24	0.19298245614035087	0.4583333333333333
25	0.19298245614035087	0.44
