1	0.05555555555555555	1.0
2	0.1111111111111111	1.0
3	0.16666666666666666	1.0
4	0.16666666666666666	0.75
5	0.16666666666666666	0.6
6	0.2222222222222222	0.6666666666666666
7	0.2777777777777778	0.7142857142857143
8	0.2777777777777778	0.625
9	0.3333333333333333	0.6666666666666666
10	0.3333333333333333	0.6
11	0.3333333333333333	0.5454545454545454
12	0.3888888888888889	0.5833333333333334
13	0.3888888888888889	0.5384615384615384
14	0.3888888888888889	0.5
15	0.3888888888888889	0.4666666666666667
16	0.3888888888888889	0.4375
17	0.4444444444444444	0.47058823529411764
18	0.5	0.5
19	0.5555555555555556	0.5263157894736842
20	0.5555555555555556	0.5
21	0.5555555555555556	0.47619047619047616
22	0.6111111111111112	0.5
23	0.6111111111111112	0.4782608695652174
24	0.6111111111111112	0.4583333333333333
25	0.6666666666666666	0.48
