1	0.0	0.0
2	0.018518518518518517	0.5
3	0.037037037037037035	0.6666666666666666
4	0.037037037037037035	0.5
5	0.037037037037037035	0.4
6	0.037037037037037035	0.3333333333333333
7	0.037037037037037035	0.2857142857142857
8	0.05555555555555555	0.375
9	0.05555555555555555	0.3333333333333333
10	0.05555555555555555	0.3
11	0.05555555555555555	0.2727272727272727
12	0.05555555555555555	0.25
13	0.05555555555555555	0.23076923076923078
14	0.05555555555555555	0.21428571428571427
15	0.05555555555555555	0.2
16	0.05555555555555555	0.1875
17	0.05555555555555555	0.17647058823529413
18	0.05555555555555555	0.16666666666666666
19	0.05555555555555555	0.15789473684210525
20	0.07407407407407407	0.2
21	0.09259259259259259	0.23809523809523808
22	0.1111111111111111	0.2727272727272727
23	0.1111111111111111	0.2608695652173913
24	0.1111111111111111	0.25
25	0.12962962962962962	0.28
