1	0.1111111111111111	1.0
2	0.1111111111111111	0.5
3	0.2222222222222222	0.6666666666666666
4	0.2222222222222222	0.5
5	0.3333333333333333	0.6
6	0.3333333333333333	0.5
7	0.3333333333333333	0.42857142857142855
8	0.3333333333333333	0.375
9	0.3333333333333333	0.3333333333333333
10	0.4444444444444444	0.4
11	0.4444444444444444	0.36363636363636365
12	0.4444444444444444	0.3333333333333333
13	0.4444444444444444	0.3076923076923077
14	0.5555555555555556	0.35714285714285715
15	0.5555555555555556	0.3333333333333333
16	0.5555555555555556	0.3125
17	0.5555555555555556	0.29411764705882354
18	0.6666666666666666	0.3333333333333333
19	0.6666666666666666	0.3157894736842105
20	0.7777777777777778	0.35
21	0.8888888888888888	0.38095238095238093
22	0.8888888888888888	0.36363636363636365
23	0.8888888888888888	0.34782608695652173
24	0.8888888888888888	0.3333333333333333
25	0.8888888888888888	0.32
