1	0.0	0.0
2	0.0	0.0
3	0.0	0.0
4	0.0	0.0
5	0.05263157894736842	0.2
6	0.05263157894736842	0.16666666666666666
7	0.05263157894736842	0.14285714285714285
8	0.10526315789473684	0.25
9	0.10526315789473684	0.2222222222222222
10	0.10526315789473684	0.2
11	0.15789473684210525	0.2727272727272727
12	0.21052631578947367	0.3333333333333333
13	0.21052631578947367	0.3076923076923077
14	0.21052631578947367	0.2857142857142857
15	0.2631578947368421	0.3333333333333333
16	0.2631578947368421	0.3125
17	0.2631578947368421	0.29411764705882354
18	0.2631578947368421	0.2777777777777778
19	0.3157894736842105	0.3157894736842105
20	0.3684210526315789	0.35
21	0.3684210526315789	0.3333333333333333
22	0.42105263157894735	0.36363636363636365
23	0.47368421052631576	0.391304347826087
24	0.5263157894736842	0.4166666666666667
25	0.5263157894736842	0.4
