1	0.0	0.0
2	0.037037037037037035	0.5
3	0.07407407407407407	0.6666666666666666
4	0.1111111111111111	0.75
5	0.1111111111111111	0.6
6	0.1111111111111111	0.5
7	0.1111111111111111	0.42857142857142855
8	0.14814814814814814	0.5
9	0.14814814814814814	0.4444444444444444
10	0.18518518518518517	0.5
11	0.18518518518518517	0.45454545454545453
12	0.2222222222222222	0.5
13	0.2222222222222222	0.46153846153846156
14	0.25925925925925924	0.5
15	0.25925925925925924	0.4666666666666667
16	0.25925925925925924	0.4375
17	0.2962962962962963	0.47058823529411764
18	0.2962962962962963	0.4444444444444444
19	0.2962962962962963	0.42105263157894735
20	0.2962962962962963	0.4
21	0.2962962962962963	0.38095238095238093
22	0.2962962962962963	0.36363636363636365
23	0.2962962962962963	0.34782608695652173
24	0.2962962962962963	0.3333333333333333
25	0.2962962962962963	0.32
