1	0.08333333333333333	1.0
2	0.08333333333333333	0.5
3	0.16666666666666666	0.6666666666666666
4	0.16666666666666666	0.5
5	0.16666666666666666	0.4
6	0.16666666666666666	0.3333333333333333
7	0.16666666666666666	0.2857142857142857
8	0.16666666666666666	0.25
9	0.25	0.3333333333333333
10	0.25	0.3
11	0.3333333333333333	0.36363636363636365
12	0.3333333333333333	0.3333333333333333
13	0.4166666666666667	0.38461538461538464
14	0.5	0.42857142857142855
15	0.5833333333333334	0.4666666666666667
16	0.6666666666666666	0.5
17	0.6666666666666666	0.47058823529411764
18	0.6666666666666666	0.4444444444444444
19	0.6666666666666666	0.42105263157894735
20	0.6666666666666666	0.4
21	0.6666666666666666	0.38095238095238093
22	0.75	0.4090909090909091
23	0.8333333333333334	0.43478260869565216
24	0.9166666666666666	0.4583333333333333
25	1.0	0.48
