1	0.05	1.0
2	0.05	0.5
3	0.1	0.6666666666666666
4	0.1	0.5
5	0.1	0.4
6	0.1	0.3333333333333333
7	0.1	0.2857142857142857
8	0.1	0.25
9	0.15	0.3333333333333333
10	0.15	0.3
11	0.2	0.36363636363636365
12	0.25	0.4166666666666667
13	0.25	0.38461538461538464
14	0.25	0.35714285714285715
15	0.25	0.3333333333333333
16	0.25	0.3125
17	0.25	0.29411764705882354
18	0.25	0.2777777777777778
19	0.3	0.3157894736842105
20	0.35	0.35
21	0.4	0.38095238095238093
22	0.4	0.36363636363636365
23	0.4	0.34782608695652173
24	0.4	0.3333333333333333
25	0.4	0.32
