1	0.0	0.0
2	0.1	0.5
3	0.1	0.3333333333333333
4	0.1	0.25
5	0.1	0.2
6	0.1	0.16666666666666666
7	0.1	0.14285714285714285
8	0.1	0.125
9	0.1	0.1111111111111111
10	0.2	0.2
11	0.2	0.18181818181818182
12	0.2	0.16666666666666666
13	0.2	0.15384615384615385
14	0.3	0.21428571428571427
15	0.4	0.26666666666666666
16	0.5	0.3125
17	0.5	0.29411764705882354
18	0.5	0.2777777777777778
19	0.5	0.2631578947368421
20	0.5	0.25
21	0.6	0.2857142857142857
22	0.6	0.2727272727272727
23	0.7	0.30434782608695654
24	0.7	0.2916666666666667
25	0.8	0.32
