1	0.07692307692307693	1.0
2	0.15384615384615385	1.0
3	0.15384615384615385	0.6666666666666666
4	0.23076923076923078	0.75
5	0.23076923076923078	0.6
6	0.23076923076923078	0.5
7	0.23076923076923078	0.42857142857142855
8	0.23076923076923078	0.375
9	0.23076923076923078	0.3333333333333333
10	0.23076923076923078	0.3
11	0.23076923076923078	0.2727272727272727
12	0.23076923076923078	0.25
13	0.23076923076923078	0.23076923076923078
14	0.3076923076923077	0.2857142857142857
15	0.3076923076923077	0.26666666666666666
16	0.3076923076923077	0.25
17	0.3076923076923077	0.23529411764705882
18	0.3076923076923077	0.2222222222222222
19	0.3076923076923077	0.21052631578947367
20	0.38461538461538464	0.25
21	0.46153846153846156	0.2857142857142857
22	0.5384615384615384	0.3181818181818182
23	0.5384615384615384	0.30434782608695654
24	0.5384615384615384	0.2916666666666667
25	0.5384615384615384	0.28
