1	0.015873015873015872	1.0
2	0.015873015873015872	0.5
3	0.015873015873015872	0.3333333333333333
4	0.031746031746031744	0.5
5	0.031746031746031744	0.4
6	0.031746031746031744	0.3333333333333333
7	0.031746031746031744	0.2857142857142857
8	0.031746031746031744	0.25
9	0.047619047619047616	0.3333333333333333
10	0.047619047619047616	0.3
11	0.047619047619047616	0.2727272727272727
12	0.047619047619047616	0.25
13	0.06349206349206349	0.3076923076923077
14	0.06349206349206349	0.2857142857142857
15	0.07936507936507936	0.3333333333333333
16	0.07936507936507936	0.3125
17	0.07936507936507936	0.29411764705882354
18	0.07936507936507936	0.2777777777777778
19	0.07936507936507936	0.2631578947368421
20	0.07936507936507936	0.25
21	0.07936507936507936	0.23809523809523808
22	0.09523809523809523	0.2727272727272727
23	0.09523809523809523	0.2608695652173913
24	0.1111111111111111	0.2916666666666667
25	0.12698412698412698	0.32
