1	0.0625	1.0
2	0.125	1.0
3	0.125	0.6666666666666666
4	0.125	0.5
5	0.1875	0.6
6	0.1875	0.5
7	0.25	0.5714285714285714
8	0.3125	0.625
9	0.3125	0.5555555555555556
10	0.375	0.6
11	0.375	0.5454545454545454
12	0.375	0.5
13	0.375	0.46153846153846156
14	0.4375	0.5
15	0.5	0.5333333333333333
16	0.5	0.5
17	0.5	0.47058823529411764
18	0.5	0.4444444444444444
19	0.5	0.42105263157894735
20	0.5	0.4
21	0.5	0.38095238095238093
22	0.5	0.36363636363636365
23	0.5	0.34782608695652173
24	0.5	0.3333333333333333
25	0.5	0.32
