1	0.043478260869565216	1.0
2	0.043478260869565216	0.5
3	0.043478260869565216	0.3333333333333333
4	0.043478260869565216	0.25
5	0.043478260869565216	0.2
6	0.043478260869565216	0.16666666666666666
7	0.043478260869565216	0.14285714285714285
8	0.043478260869565216	0.125
9	0.043478260869565216	0.1111111111111111
10	0.08695652173913043	0.2
11	0.08695652173913043	0.18181818181818182
12	0.08695652173913043	0.16666666666666666
13	0.13043478260869565	0.23076923076923078
14	0.17391304347826086	0.2857142857142857
15	0.17391304347826086	0.26666666666666666
16	0.21739130434782608	0.3125
17	0.2608695652173913	0.35294117647058826
18	0.2608695652173913	0.3333333333333333
19	0.2608695652173913	0.3157894736842105
20	0.2608695652173913	0.3
21	0.30434782608695654	0.3333333333333333
22	0.30434782608695654	0.3181818181818182
23	0.30434782608695654	0.30434782608695654
24	0.30434782608695654	0.2916666666666667
25	0.30434782608695654	0.28
