1	0.0	0.0
2	0.013157894736842105	0.5
3	0.02631578947368421	0.6666666666666666
4	0.02631578947368421	0.5
5	0.02631578947368421	0.4
6	0.02631578947368421	0.3333333333333333
7	0.039473684210526314	0.42857142857142855
8	0.039473684210526314	0.375
9	0.039473684210526314	0.3333333333333333
10	0.039473684210526314	0.3
11	0.039473684210526314	0.2727272727272727
12	0.039473684210526314	0.25
13	0.039473684210526314	0.23076923076923078
14	0.05263157894736842	0.2857142857142857
15	0.05263157894736842	0.26666666666666666
16	0.05263157894736842	0.25
17	0.06578947368421052	0.29411764705882354
18	0.07894736842105263	0.3333333333333333
19	0.07894736842105263	0.3157894736842105
20	0.09210526315789473	0.35
21	0.10526315789473684	0.38095238095238093
22	0.10526315789473684	0.36363636363636365
23	0.10526315789473684	0.34782608695652173
24	0.10526315789473684	0.3333333333333333
25	0.11842105263157894	0.36
