1	0.037037037037037035	1.0
2	0.037037037037037035	0.5
3	0.037037037037037035	0.3333333333333333
4	0.037037037037037035	0.25
5	0.037037037037037035	0.2
6	0.037037037037037035	0.16666666666666666
7	0.07407407407407407	0.2857142857142857
8	0.07407407407407407	0.25
9	0.1111111111111111	0.3333333333333333
10	0.1111111111111111	0.3
11	0.1111111111111111	0.2727272727272727
12	0.14814814814814814	0.3333333333333333
13	0.18518518518518517	0.38461538461538464
14	0.18518518518518517	0.35714285714285715
15	0.18518518518518517	0.3333333333333333
16	0.18518518518518517	0.3125
17	0.2222222222222222	0.35294117647058826
18	0.25925925925925924	0.3888888888888889
19	0.2962962962962963	0.42105263157894735
20	0.2962962962962963	0.4
21	0.3333333333333333	0.42857142857142855
22	0.3333333333333333	0.4090909090909091
23	0.37037037037037035	0.43478260869565216
24	0.37037037037037035	0.4166666666666667
25	0.37037037037037035	0.4
