1	0.0	0.0
2	0.0	0.0
3	0.0	0.0
4	0.03225806451612903	0.25
5	0.06451612903225806	0.4
6	0.06451612903225806	0.3333333333333333
7	0.0967741935483871	0.42857142857142855
8	0.12903225806451613	0.5
9	0.12903225806451613	0.4444444444444444
10	0.16129032258064516	0.5
11	0.16129032258064516	0.45454545454545453
12	0.1935483870967742	0.5
13	0.22580645161290322	0.5384615384615384
14	0.22580645161290322	0.5
15	0.22580645161290322	0.4666666666666667
16	0.22580645161290322	0.4375
17	0.25806451612903225	0.47058823529411764
18	0.25806451612903225	0.4444444444444444
19	0.2903225806451613	0.47368421052631576
20	0.2903225806451613	0.45
21	0.2903225806451613	0.42857142857142855
22	0.2903225806451613	0.4090909090909091
23	0.2903225806451613	0.391304347826087
24	0.2903225806451613	0.375
25	0.2903225806451613	0.36
