1	0.07692307692307693	1.0
2	0.15384615384615385	1.0
3	0.23076923076923078	1.0
4	0.23076923076923078	0.75
5	0.23076923076923078	0.6
6	0.23076923076923078	0.5
7	0.3076923076923077	0.5714285714285714
8	0.3076923076923077	0.5
9	0.38461538461538464	0.5555555555555556
10	0.46153846153846156	0.6
11	0.5384615384615384	0.6363636363636364
12	0.6153846153846154	0.6666666666666666
13	0.6153846153846154	0.6153846153846154
14	0.6153846153846154	0.5714285714285714
15	0.6153846153846154	0.5333333333333333
16	0.6153846153846154	0.5
17	0.6923076923076923	0.5294117647058824
18	0.6923076923076923	0.5
19	0.6923076923076923	0.47368421052631576
20	0.6923076923076923	0.45
21	0.6923076923076923	0.42857142857142855
22	0.6923076923076923	0.4090909090909091
23	0.6923076923076923	0.391304347826087
24	0.6923076923076923	0.375
25	0.6923076923076923	0.36
