1	0.09090909090909091	1.0
2	0.09090909090909091	0.5
3	0.18181818181818182	0.6666666666666666
4	0.18181818181818182	0.5
5	0.18181818181818182	0.4
6	0.2727272727272727	0.5
7	0.2727272727272727	0.42857142857142855
8	0.2727272727272727	0.375
9	0.36363636363636365	0.4444444444444444
10	0.36363636363636365	0.4
11	0.45454545454545453	0.45454545454545453
12	0.5454545454545454	0.5
13	0.6363636363636364	0.5384615384615384
14	0.6363636363636364	0.5
15	0.6363636363636364	0.4666666666666667
16	0.7272727272727273	0.5
17	0.7272727272727273	0.47058823529411764
18	0.8181818181818182	0.5
19	0.8181818181818182	0.47368421052631576
20	0.8181818181818182	0.45
21	0.8181818181818182	0.42857142857142855
22	0.9090909090909091	0.45454545454545453
23	0.9090909090909091	0.43478260869565216
24	0.9090909090909091	0.4166666666666667
25	0.9090909090909091	0.4
