1	0.02564102564102564	1.0
2	0.05128205128205128	1.0
3	0.07692307692307693	1.0
4	0.10256410256410256	1.0
5	0.10256410256410256	0.8
6	0.10256410256410256	0.6666666666666666
7	0.10256410256410256	0.5714285714285714
8	0.10256410256410256	0.5
9	0.10256410256410256	0.4444444444444444
10	0.10256410256410256	0.4
11	0.1282051282051282	0.45454545454545453
12	0.15384615384615385	0.5
13	0.15384615384615385	0.46153846153846156
14	0.1794871794871795	0.5
15	0.1794871794871795	0.4666666666666667
16	0.1794871794871795	0.4375
17	0.20512820512820512	0.47058823529411764
18	0.23076923076923078	0.5
19	0.2564102564102564	0.5263157894736842
20	0.28205128205128205	0.55
21	0.3076923076923077	0.5714285714285714
22	0.3076923076923077	0.5454545454545454
23	0.3333333333333333	0.5652173913043478
24	0.358974358974359	0.5833333333333334
25	0.358974358974359	0.56
