1	0.07692307692307693	1.0
2	0.15384615384615385	1.0
3	0.23076923076923078	1.0
4	0.23076923076923078	0.75
5	0.23076923076923078	0.6
6	0.23076923076923078	0.5
7	0.23076923076923078	0.42857142857142855
8	0.23076923076923078	0.375
9	0.3076923076923077	0.4444444444444444
10	0.3076923076923077	0.4
11	0.3076923076923077	0.36363636363636365
12	0.3076923076923077	0.3333333333333333
13	0.3076923076923077	0.3076923076923077
14	0.3076923076923077	0.2857142857142857
15	0.3076923076923077	0.26666666666666666
16	0.38461538461538464	0.3125
17	0.38461538461538464	0.29411764705882354
18	0.38461538461538464	0.2777777777777778
19	0.38461538461538464	0.2631578947368421
20	0.46153846153846156	0.3
21	0.5384615384615384	0.3333333333333333
22	0.6153846153846154	0.36363636363636365
23	0.6153846153846154	0.34782608695652173
24	0.6153846153846154	0.3333333333333333
25	0.6153846153846154	0.32
