1	0.09090909090909091	1.0
2	0.09090909090909091	0.5
3	0.09090909090909091	0.3333333333333333
4	0.09090909090909091	0.25
5	0.09090909090909091	0.2
6	0.09090909090909091	0.16666666666666666
7	0.09090909090909091	0.14285714285714285
8	0.09090909090909091	0.125
9	0.09090909090909091	0.1111111111111111
10	0.09090909090909091	0.1
11	0.18181818181818182	0.18181818181818182
12	0.2727272727272727	0.25
13	0.36363636363636365	0.3076923076923077
14	0.36363636363636365	0.2857142857142857
15	0.36363636363636365	0.26666666666666666
16	0.36363636363636365	0.25
17	0.45454545454545453	0.29411764705882354
18	0.45454545454545453	0.2777777777777778
19	0.45454545454545453	0.2631578947368421
20	0.45454545454545453	0.25
21	0.45454545454545453	0.23809523809523808
22	0.45454545454545453	0.22727272727272727
23	0.45454545454545453	0.21739130434782608
24	0.45454545454545453	0.20833333333333334
25	0.45454545454545453	0.2
