1	0.0
2	0.0
3	0.034482758620689655
4	0.03389830508474576
5	0.06666666666666667
6	0.09836065573770492
7	0.1290322580645161
8	0.15873015873015875
9	0.15625
10	0.15384615384615385
11	0.1818181818181818
12	0.20895522388059698
13	0.20588235294117643
14	0.23188405797101444
15	0.2285714285714286
16	0.22535211267605632
17	0.24999999999999997
18	0.24657534246575344
19	0.24324324324324323
20	0.26666666666666666
21	0.26315789473684215
22	0.25974025974025977
23	0.25641025641025644
24	0.2784810126582279
25	0.3
