1	0.125
2	0.11764705882352941
3	0.2222222222222222
4	0.31578947368421056
5	0.3
6	0.28571428571428575
7	0.27272727272727276
8	0.26086956521739135
9	0.25
10	0.24
11	0.23076923076923075
12	0.22222222222222224
13	0.21428571428571427
14	0.20689655172413796
15	0.20000000000000004
16	0.19354838709677422
17	0.18750000000000003
18	0.2424242424242424
19	0.29411764705882354
20	0.34285714285714286
21	0.3333333333333333
22	0.3783783783783784
23	0.3684210526315789
24	0.35897435897435903
25	0.35000000000000003
