1	0.06060606060606061
2	0.058823529411764705
3	0.05714285714285714
4	0.05555555555555555
5	0.05405405405405406
6	0.05263157894736842
7	0.05128205128205128
8	0.05
9	0.04878048780487805
10	0.047619047619047616
11	0.046511627906976744
12	0.045454545454545456
13	0.044444444444444446
14	0.043478260869565216
15	0.0425531914893617
16	0.041666666666666664
17	0.04081632653061224
18	0.04
19	0.0392156862745098
20	0.038461538461538464
21	0.03773584905660377
22	0.037037037037037035
23	0.03636363636363636
24	0.03571428571428572
25	0.03508771929824561
