1	0.03333333333333333
2	0.03278688524590164
3	0.03225806451612903
4	0.031746031746031744
5	0.0625
6	0.061538461538461535
7	0.060606060606060594
8	0.08955223880597016
9	0.08823529411764705
10	0.11594202898550726
11	0.14285714285714285
12	0.16901408450704228
13	0.16666666666666666
14	0.16438356164383564
15	0.16216216216216214
16	0.16
17	0.15789473684210525
18	0.18181818181818185
19	0.1794871794871795
20	0.17721518987341772
21	0.175
22	0.1728395061728395
23	0.17073170731707316
24	0.1686746987951807
25	0.16666666666666666
