1	0.042553191489361694
2	0.08333333333333333
3	0.12244897959183672
4	0.12
5	0.11764705882352941
6	0.11538461538461539
7	0.11320754716981131
8	0.14814814814814817
9	0.1818181818181818
10	0.17857142857142855
11	0.1754385964912281
12	0.20689655172413793
13	0.20338983050847456
14	0.2
15	0.19672131147540983
16	0.22580645161290325
17	0.25396825396825395
18	0.25
19	0.24615384615384617
20	0.2727272727272727
21	0.26865671641791045
22	0.2647058823529412
23	0.2608695652173913
24	0.2857142857142857
25	0.28169014084507044
