1	0.0
2	0.03636363636363636
3	0.07142857142857142
4	0.07017543859649122
5	0.06896551724137931
6	0.06779661016949153
7	0.06666666666666667
8	0.09836065573770493
9	0.0967741935483871
10	0.12698412698412698
11	0.125
12	0.12307692307692308
13	0.12121212121212122
14	0.11940298507462686
15	0.14705882352941177
16	0.1739130434782609
17	0.17142857142857143
18	0.16901408450704225
19	0.16666666666666666
20	0.1643835616438356
21	0.1621621621621622
22	0.16
23	0.15789473684210525
24	0.15584415584415587
25	0.15384615384615385
