1	0.1
2	0.1904761904761905
3	0.18181818181818182
4	0.17391304347826086
5	0.25
6	0.23999999999999996
7	0.23076923076923078
8	0.22222222222222218
9	0.21428571428571427
10	0.20689655172413793
11	0.19999999999999998
12	0.1935483870967742
13	0.25
14	0.24242424242424243
15	0.23529411764705882
16	0.2857142857142857
17	0.27777777777777773
18	0.27027027027027023
19	0.2631578947368421
20	0.25641025641025644
21	0.25
22	0.24390243902439024
23	0.23809523809523808
24	0.23255813953488372
25	0.22727272727272727
