1	0.08333333333333333
2	0.16
3	0.23076923076923078
4	0.22222222222222218
5	0.21428571428571427
6	0.20689655172413793
7	0.26666666666666666
8	0.25806451612903225
9	0.25
10	0.30303030303030304
11	0.29411764705882354
12	0.2857142857142857
13	0.27777777777777773
14	0.27027027027027023
15	0.31578947368421056
16	0.30769230769230765
17	0.3
18	0.2926829268292683
19	0.28571428571428575
20	0.3255813953488372
21	0.31818181818181823
22	0.31111111111111117
23	0.30434782608695654
24	0.2978723404255319
25	0.2916666666666667
