1	0.0625
2	0.12121212121212122
3	0.1176470588235294
4	0.1142857142857143
5	0.1111111111111111
6	0.16216216216216214
7	0.2105263157894737
8	0.20512820512820512
9	0.19999999999999998
10	0.1951219512195122
11	0.23809523809523805
12	0.27906976744186046
13	0.2727272727272727
14	0.26666666666666666
15	0.26086956521739135
16	0.25531914893617014
17	0.25
18	0.24489795918367346
19	0.24000000000000002
20	0.23529411764705882
21	0.23076923076923075
22	0.22641509433962262
23	0.2222222222222222
24	0.21818181818181817
25	0.21428571428571427
