1	0.14285714285714288
2	0.13333333333333336
3	0.125
4	0.11764705882352941
5	0.2222222222222222
6	0.21052631578947367
7	0.3
8	0.2857142857142857
9	0.27272727272727276
10	0.2608695652173913
11	0.24999999999999994
12	0.24000000000000002
13	0.23076923076923078
14	0.22222222222222224
15	0.21428571428571427
16	0.20689655172413793
17	0.20000000000000004
18	0.2580645161290323
19	0.25
20	0.24242424242424246
21	0.23529411764705882
22	0.2285714285714286
23	0.2222222222222222
24	0.21621621621621623
25	0.2105263157894737
