1	0.1
2	0.09523809523809525
3	0.09090909090909091
4	0.17391304347826086
5	0.16666666666666666
6	0.16
7	0.15384615384615385
8	0.22222222222222218
9	0.21428571428571427
10	0.20689655172413793
11	0.19999999999999998
12	0.1935483870967742
13	0.18749999999999997
14	0.18181818181818182
15	0.23529411764705882
16	0.2857142857142857
17	0.27777777777777773
18	0.27027027027027023
19	0.2631578947368421
20	0.25641025641025644
21	0.25
22	0.24390243902439024
23	0.23809523809523808
24	0.27906976744186046
25	0.2727272727272727
