1	0.16666666666666669
2	0.3076923076923077
3	0.42857142857142855
4	0.39999999999999997
5	0.37499999999999994
6	0.3529411764705882
7	0.33333333333333326
8	0.3157894736842105
9	0.39999999999999997
10	0.380952380952381
11	0.36363636363636365
12	0.34782608695652173
13	0.33333333333333337
14	0.32
15	0.30769230769230765
16	0.2962962962962963
17	0.35714285714285715
18	0.3448275862068966
19	0.3333333333333333
20	0.3225806451612903
21	0.31249999999999994
22	0.30303030303030304
23	0.29411764705882354
24	0.28571428571428575
25	0.3333333333333333
