1	0.15384615384615385
2	0.2857142857142857
3	0.26666666666666666
4	0.25
5	0.23529411764705882
6	0.2222222222222222
7	0.2105263157894737
8	0.2
9	0.1904761904761905
10	0.1818181818181818
11	0.17391304347826086
12	0.16666666666666666
13	0.24000000000000002
14	0.23076923076923075
15	0.22222222222222224
16	0.21428571428571427
17	0.20689655172413793
18	0.2
19	0.1935483870967742
20	0.18749999999999997
21	0.18181818181818182
22	0.1764705882352941
23	0.22857142857142854
24	0.2222222222222222
25	0.21621621621621623
