1	0.0
2	0.10526315789473684
3	0.1
4	0.09523809523809523
5	0.0909090909090909
6	0.08695652173913045
7	0.08333333333333333
8	0.07999999999999999
9	0.07692307692307691
10	0.07407407407407408
11	0.07142857142857142
12	0.06896551724137931
13	0.06666666666666667
14	0.06451612903225808
15	0.125
16	0.12121212121212122
17	0.17647058823529413
18	0.22857142857142856
19	0.2222222222222222
20	0.27027027027027023
21	0.31578947368421056
22	0.30769230769230765
23	0.35
24	0.34146341463414637
25	0.3333333333333333
