1	0.0
2	0.0
3	0.0
4	0.04761904761904762
5	0.046511627906976744
6	0.09090909090909091
7	0.08888888888888889
8	0.08695652173913043
9	0.0851063829787234
10	0.08333333333333333
11	0.08163265306122448
12	0.11999999999999998
13	0.11764705882352941
14	0.11538461538461539
15	0.11320754716981134
16	0.11111111111111109
17	0.10909090909090909
18	0.10714285714285714
19	0.10526315789473684
20	0.10344827586206896
21	0.1016949152542373
22	0.09999999999999999
23	0.09836065573770492
24	0.0967741935483871
25	0.09523809523809523
