1	0.1111111111111111
2	0.10526315789473684
3	0.2
4	0.19047619047619047
5	0.2727272727272727
6	0.2608695652173913
7	0.3333333333333333
8	0.4
9	0.3846153846153846
10	0.37037037037037035
11	0.42857142857142855
12	0.41379310344827586
13	0.4000000000000001
14	0.3870967741935484
15	0.37500000000000006
16	0.3636363636363636
17	0.35294117647058826
18	0.34285714285714286
19	0.3888888888888889
20	0.37837837837837834
21	0.36842105263157887
22	0.41025641025641024
23	0.45
24	0.4390243902439025
25	0.42857142857142855
