1	0.05128205128205127
2	0.05
3	0.09756097560975609
4	0.14285714285714285
5	0.1395348837209302
6	0.13636363636363635
7	0.13333333333333333
8	0.13043478260869565
9	0.12765957446808512
10	0.125
11	0.16326530612244897
12	0.16
13	0.1568627450980392
14	0.1923076923076923
15	0.18867924528301885
16	0.18518518518518517
17	0.21818181818181817
18	0.21428571428571427
19	0.21052631578947367
20	0.20689655172413793
21	0.2033898305084746
22	0.19999999999999998
23	0.19672131147540983
24	0.1935483870967742
25	0.19047619047619047
