1	0.07999999999999999
2	0.15384615384615385
3	0.14814814814814814
4	0.14285714285714285
5	0.13793103448275862
6	0.13333333333333333
7	0.12903225806451613
8	0.1875
9	0.24242424242424243
10	0.23529411764705882
11	0.2285714285714286
12	0.2222222222222222
13	0.2702702702702703
14	0.2631578947368421
15	0.25641025641025644
16	0.25
17	0.24390243902439027
18	0.2380952380952381
19	0.23255813953488372
20	0.22727272727272727
21	0.22222222222222224
22	0.21739130434782608
23	0.2127659574468085
24	0.25
25	0.24489795918367346
