1	0.07407407407407407
2	0.14285714285714288
3	0.20689655172413793
4	0.2666666666666667
5	0.25806451612903225
6	0.25
7	0.24242424242424246
8	0.23529411764705882
9	0.28571428571428575
10	0.33333333333333337
11	0.3243243243243243
12	0.3684210526315789
13	0.3589743589743589
14	0.4
15	0.43902439024390244
16	0.4761904761904762
17	0.46511627906976744
18	0.5
19	0.4888888888888889
20	0.5217391304347826
21	0.5106382978723405
22	0.4999999999999999
23	0.5306122448979592
24	0.5599999999999999
25	0.5490196078431373
