1	0.0
2	0.28571428571428575
3	0.25
4	0.22222222222222224
5	0.20000000000000004
6	0.1818181818181818
7	0.16666666666666666
8	0.15384615384615385
9	0.2857142857142857
10	0.26666666666666666
11	0.25000000000000006
12	0.23529411764705882
13	0.2222222222222222
14	0.21052631578947364
15	0.2
16	0.19047619047619047
17	0.1818181818181818
18	0.1739130434782609
19	0.16666666666666666
20	0.16000000000000003
21	0.15384615384615385
22	0.14814814814814814
23	0.14285714285714285
24	0.13793103448275862
25	0.13333333333333333
