1	0.05555555555555556
2	0.1081081081081081
3	0.15789473684210528
4	0.15384615384615383
5	0.15
6	0.14634146341463414
7	0.14285714285714285
8	0.1395348837209302
9	0.1818181818181818
10	0.22222222222222224
11	0.26086956521739124
12	0.2553191489361702
13	0.2916666666666667
14	0.28571428571428575
15	0.27999999999999997
16	0.3137254901960784
17	0.3076923076923077
18	0.3018867924528302
19	0.2962962962962963
20	0.2909090909090909
21	0.2857142857142857
22	0.2807017543859649
23	0.27586206896551724
24	0.2711864406779661
25	0.26666666666666666
