1	0.05
2	0.048780487804878044
3	0.047619047619047616
4	0.04651162790697674
5	0.045454545454545456
6	0.08888888888888889
7	0.08695652173913043
8	0.0851063829787234
9	0.08333333333333333
10	0.0816326530612245
11	0.08
12	0.07843137254901959
13	0.07692307692307693
14	0.07547169811320754
15	0.07407407407407407
16	0.07272727272727274
17	0.07142857142857141
18	0.07017543859649122
19	0.06896551724137932
20	0.06779661016949151
21	0.06666666666666667
22	0.06557377049180327
23	0.06451612903225808
24	0.06349206349206349
25	0.0625
