1	0.0
2	0.06666666666666667
3	0.06451612903225806
4	0.0625
5	0.06060606060606061
6	0.058823529411764705
7	0.05714285714285715
8	0.05555555555555556
9	0.05405405405405406
10	0.10526315789473682
11	0.15384615384615383
12	0.15
13	0.14634146341463414
14	0.14285714285714285
15	0.13953488372093023
16	0.13636363636363635
17	0.13333333333333333
18	0.13043478260869565
19	0.1276595744680851
20	0.125
21	0.12244897959183672
22	0.11999999999999998
23	0.11764705882352941
24	0.11538461538461538
25	0.1132075471698113
