1	0.13333333333333333
2	0.25
3	0.23529411764705882
4	0.22222222222222224
5	0.21052631578947364
6	0.2
7	0.19047619047619047
8	0.18181818181818182
9	0.2608695652173913
10	0.25
11	0.23999999999999996
12	0.23076923076923075
13	0.22222222222222224
14	0.21428571428571427
15	0.20689655172413796
16	0.19999999999999998
17	0.1935483870967742
18	0.1875
19	0.18181818181818182
20	0.1764705882352941
21	0.17142857142857143
22	0.2222222222222222
23	0.2162162162162162
24	0.2105263157894737
25	0.20512820512820512
