1	0.09523809523809523
2	0.18181818181818182
3	0.1739130434782609
4	0.16666666666666669
5	0.16000000000000003
6	0.23076923076923075
7	0.29629629629629634
8	0.28571428571428575
9	0.2758620689655173
10	0.3333333333333333
11	0.3225806451612903
12	0.37499999999999994
13	0.3636363636363637
14	0.3529411764705882
15	0.34285714285714286
16	0.38888888888888884
17	0.4324324324324324
18	0.4210526315789474
19	0.46153846153846156
20	0.45
21	0.4390243902439024
22	0.47619047619047616
23	0.46511627906976744
24	0.45454545454545453
25	0.48888888888888893
