1	0.0
2	0.13333333333333336
3	0.125
4	0.11764705882352941
5	0.1111111111111111
6	0.10526315789473684
7	0.1
8	0.09523809523809525
9	0.09090909090909093
10	0.08695652173913043
11	0.08333333333333334
12	0.08
13	0.07692307692307693
14	0.07407407407407408
15	0.07142857142857144
16	0.13793103448275862
17	0.13333333333333333
18	0.1935483870967742
19	0.18749999999999997
20	0.18181818181818185
21	0.17647058823529413
22	0.1714285714285714
23	0.16666666666666669
24	0.16216216216216217
25	0.15789473684210525
