1	0.09523809523809523
2	0.09090909090909091
3	0.1739130434782609
4	0.16666666666666669
5	0.16000000000000003
6	0.15384615384615383
7	0.14814814814814817
8	0.14285714285714288
9	0.13793103448275865
10	0.13333333333333333
11	0.12903225806451613
12	0.18749999999999997
13	0.18181818181818185
14	0.1764705882352941
15	0.17142857142857143
16	0.16666666666666663
17	0.16216216216216214
18	0.15789473684210525
19	0.15384615384615385
20	0.15
21	0.1951219512195122
22	0.1904761904761905
23	0.18604651162790697
24	0.1818181818181818
25	0.22222222222222224
