1	0.0
2	0.03571428571428571
3	0.07017543859649122
4	0.10344827586206895
5	0.10169491525423728
6	0.09999999999999999
7	0.13114754098360656
8	0.16129032258064516
9	0.15873015873015875
10	0.15625
11	0.1846153846153846
12	0.1818181818181818
13	0.17910447761194032
14	0.17647058823529413
15	0.1739130434782609
16	0.17142857142857143
17	0.19718309859154928
18	0.19444444444444445
19	0.2191780821917808
20	0.24324324324324323
21	0.26666666666666666
22	0.2631578947368421
23	0.2857142857142857
24	0.28205128205128205
25	0.27848101265822783
