1	0.06451612903225806
2	0.0625
3	0.1212121212121212
4	0.11764705882352941
5	0.1142857142857143
6	0.1111111111111111
7	0.16216216216216217
8	0.15789473684210528
9	0.20512820512820512
10	0.25
11	0.2439024390243902
12	0.23809523809523808
13	0.27906976744186046
14	0.3181818181818182
15	0.3555555555555555
16	0.3478260869565218
17	0.3404255319148936
18	0.33333333333333337
19	0.326530612244898
20	0.32
21	0.3529411764705882
22	0.34615384615384615
23	0.33962264150943394
24	0.33333333333333326
25	0.3272727272727273
