1	0.0
2	0.0
3	0.0
4	0.030769230769230767
5	0.030303030303030307
6	0.05970149253731344
7	0.05882352941176471
8	0.08695652173913043
9	0.0857142857142857
10	0.11267605633802817
11	0.13888888888888887
12	0.136986301369863
13	0.13513513513513514
14	0.16000000000000003
15	0.15789473684210528
16	0.15584415584415584
17	0.1794871794871795
18	0.17721518987341772
19	0.175
20	0.1728395061728395
21	0.17073170731707318
22	0.1686746987951807
23	0.16666666666666669
24	0.16470588235294117
25	0.16279069767441862
