1	0.03333333333333333
2	0.06557377049180328
3	0.06451612903225806
4	0.06349206349206349
5	0.0625
6	0.061538461538461535
7	0.09090909090909091
8	0.08955223880597016
9	0.08823529411764705
10	0.08695652173913043
11	0.1142857142857143
12	0.11267605633802817
13	0.1111111111111111
14	0.136986301369863
15	0.16216216216216214
16	0.16
17	0.1842105263157895
18	0.18181818181818185
19	0.1794871794871795
20	0.17721518987341772
21	0.175
22	0.19753086419753088
23	0.1951219512195122
24	0.19277108433734938
25	0.21428571428571427
