1	0.1
2	0.1904761904761905
3	0.18181818181818182
4	0.2608695652173913
5	0.25
6	0.23999999999999996
7	0.23076923076923078
8	0.22222222222222218
9	0.21428571428571427
10	0.20689655172413793
11	0.19999999999999998
12	0.1935483870967742
13	0.18749999999999997
14	0.18181818181818182
15	0.17647058823529413
16	0.17142857142857143
17	0.16666666666666669
18	0.16216216216216214
19	0.21052631578947367
20	0.20512820512820512
21	0.2
22	0.1951219512195122
23	0.1904761904761905
24	0.186046511627907
25	0.1818181818181818
