1	0.07999999999999999
2	0.07692307692307693
3	0.07407407407407407
4	0.07142857142857142
5	0.06896551724137931
6	0.06666666666666667
7	0.06451612903225806
8	0.0625
9	0.06060606060606061
10	0.058823529411764705
11	0.05714285714285715
12	0.1111111111111111
13	0.10810810810810811
14	0.15789473684210525
15	0.15384615384615385
16	0.15
17	0.14634146341463414
18	0.14285714285714288
19	0.186046511627907
20	0.1818181818181818
21	0.17777777777777778
22	0.17391304347826086
23	0.1702127659574468
24	0.16666666666666666
25	0.16326530612244897
