1	0.18181818181818182
2	0.16666666666666669
3	0.30769230769230765
4	0.28571428571428575
5	0.26666666666666666
6	0.37499999999999994
7	0.3529411764705882
8	0.33333333333333326
9	0.3157894736842105
10	0.4000000000000001
11	0.380952380952381
12	0.45454545454545453
13	0.4347826086956522
14	0.41666666666666663
15	0.4
16	0.38461538461538464
17	0.37037037037037035
18	0.35714285714285715
19	0.3448275862068966
20	0.3333333333333333
21	0.3225806451612903
22	0.3125
23	0.30303030303030304
24	0.35294117647058826
25	0.34285714285714286
