1	0.10526315789473684
2	0.09999999999999999
3	0.09523809523809525
4	0.0909090909090909
5	0.1739130434782609
6	0.16666666666666666
7	0.16
8	0.23076923076923078
9	0.2222222222222222
10	0.21428571428571427
11	0.20689655172413793
12	0.26666666666666666
13	0.2580645161290323
14	0.25
15	0.2424242424242424
16	0.29411764705882354
17	0.28571428571428575
18	0.2777777777777778
19	0.3243243243243243
20	0.3157894736842105
21	0.30769230769230765
22	0.3
23	0.2926829268292683
24	0.28571428571428575
25	0.32558139534883723
