1	0.07692307692307693
2	0.07407407407407407
3	0.07142857142857142
4	0.13793103448275865
5	0.13333333333333333
6	0.12903225806451613
7	0.1875
8	0.24242424242424243
9	0.29411764705882354
10	0.28571428571428575
11	0.2777777777777778
12	0.2702702702702703
13	0.2631578947368421
14	0.25641025641025644
15	0.25
16	0.24390243902439027
17	0.2380952380952381
18	0.23255813953488372
19	0.22727272727272727
20	0.22222222222222224
21	0.2608695652173913
22	0.2553191489361702
23	0.24999999999999994
24	0.24489795918367346
25	0.24
