1	0.0
2	0.06060606060606061
3	0.0588235294117647
4	0.1142857142857143
5	0.1111111111111111
6	0.16216216216216214
7	0.15789473684210525
8	0.15384615384615383
9	0.19999999999999998
10	0.24390243902439024
11	0.2857142857142857
12	0.3255813953488372
13	0.3181818181818182
14	0.35555555555555557
15	0.3913043478260869
16	0.425531914893617
17	0.4583333333333333
18	0.4489795918367347
19	0.44000000000000006
20	0.43137254901960786
21	0.4230769230769231
22	0.41509433962264153
23	0.40740740740740744
24	0.39999999999999997
25	0.3928571428571428
