1	0.13333333333333333
2	0.125
3	0.11764705882352941
4	0.11111111111111112
5	0.10526315789473682
6	0.2
7	0.19047619047619047
8	0.18181818181818182
9	0.17391304347826086
10	0.16666666666666666
11	0.23999999999999996
12	0.23076923076923075
13	0.29629629629629634
14	0.2857142857142857
15	0.2758620689655172
16	0.26666666666666666
17	0.2580645161290323
18	0.25
19	0.24242424242424243
20	0.23529411764705882
21	0.22857142857142854
22	0.2222222222222222
23	0.2162162162162162
24	0.2105263157894737
25	0.20512820512820512
