1	0.10526315789473684
2	0.09999999999999999
3	0.1904761904761905
4	0.1818181818181818
5	0.1739130434782609
6	0.16666666666666666
7	0.16
8	0.15384615384615383
9	0.14814814814814814
10	0.14285714285714285
11	0.13793103448275862
12	0.13333333333333333
13	0.12903225806451615
14	0.125
15	0.1212121212121212
16	0.11764705882352941
17	0.11428571428571428
18	0.1111111111111111
19	0.10810810810810811
20	0.15789473684210525
21	0.15384615384615383
22	0.15
23	0.14634146341463414
24	0.14285714285714288
25	0.13953488372093023
