1	0.1111111111111111
2	0.21052631578947367
3	0.2
4	0.19047619047619047
5	0.1818181818181818
6	0.1739130434782609
7	0.16666666666666666
8	0.15999999999999998
9	0.15384615384615383
10	0.14814814814814817
11	0.14285714285714285
12	0.13793103448275862
13	0.13333333333333333
14	0.12903225806451615
15	0.125
16	0.12121212121212122
17	0.11764705882352941
18	0.11428571428571428
19	0.1111111111111111
20	0.1081081081081081
21	0.10526315789473684
22	0.10256410256410256
23	0.15
24	0.14634146341463414
25	0.14285714285714282
