1	0.1111111111111111
2	0.21052631578947367
3	0.2
4	0.19047619047619047
5	0.2727272727272727
6	0.2608695652173913
7	0.3333333333333333
8	0.31999999999999995
9	0.30769230769230765
10	0.37037037037037035
11	0.35714285714285715
12	0.3448275862068966
13	0.33333333333333337
14	0.3870967741935484
15	0.37500000000000006
16	0.3636363636363636
17	0.35294117647058826
18	0.34285714285714286
19	0.33333333333333337
20	0.37837837837837834
21	0.36842105263157887
22	0.358974358974359
23	0.35
24	0.34146341463414637
25	0.3333333333333333
