1	0.08695652173913045
2	0.16666666666666669
3	0.24000000000000002
4	0.23076923076923075
5	0.2962962962962963
6	0.28571428571428575
7	0.27586206896551724
8	0.26666666666666666
9	0.3225806451612903
10	0.3125
11	0.3636363636363636
12	0.3529411764705882
13	0.3428571428571428
14	0.3888888888888889
15	0.3783783783783784
16	0.3684210526315789
17	0.358974358974359
18	0.35000000000000003
19	0.3902439024390244
20	0.380952380952381
21	0.37209302325581395
22	0.36363636363636365
23	0.3555555555555555
24	0.34782608695652173
25	0.3404255319148936
