1	0.0909090909090909
2	0.08695652173913042
3	0.08333333333333333
4	0.16
5	0.23076923076923073
6	0.22222222222222224
7	0.21428571428571427
8	0.20689655172413796
9	0.2
10	0.19354838709677416
11	0.18749999999999997
12	0.18181818181818182
13	0.17647058823529413
14	0.17142857142857143
15	0.16666666666666666
16	0.16216216216216214
17	0.15789473684210528
18	0.15384615384615383
19	0.2
20	0.1951219512195122
21	0.19047619047619047
22	0.23255813953488372
23	0.22727272727272724
24	0.26666666666666666
25	0.2608695652173913
