1	0.08695652173913045
2	0.16666666666666669
3	0.16
4	0.15384615384615385
5	0.22222222222222218
6	0.21428571428571427
7	0.27586206896551724
8	0.26666666666666666
9	0.3225806451612903
10	0.37499999999999994
11	0.3636363636363636
12	0.3529411764705882
13	0.39999999999999997
14	0.3888888888888889
15	0.43243243243243246
16	0.47368421052631576
17	0.46153846153846156
18	0.5
19	0.5365853658536586
20	0.5714285714285713
21	0.5581395348837208
22	0.5909090909090909
23	0.5777777777777778
24	0.6086956521739131
25	0.6382978723404256
