1	0.0
2	0.06451612903225806
3	0.125
4	0.1212121212121212
5	0.17647058823529413
6	0.2285714285714286
7	0.2222222222222222
8	0.2702702702702703
9	0.26315789473684215
10	0.25641025641025644
11	0.25000000000000006
12	0.2926829268292683
13	0.28571428571428575
14	0.32558139534883723
15	0.3181818181818182
16	0.3111111111111111
17	0.34782608695652173
18	0.3404255319148936
19	0.3333333333333333
20	0.32653061224489793
21	0.32
22	0.35294117647058826
23	0.34615384615384615
24	0.339622641509434
25	0.3333333333333333
