1	0.0625
2	0.06060606060606061
3	0.1176470588235294
4	0.1714285714285714
5	0.16666666666666666
6	0.16216216216216214
7	0.15789473684210525
8	0.15384615384615383
9	0.15000000000000002
10	0.14634146341463414
11	0.14285714285714285
12	0.13953488372093023
13	0.13636363636363635
14	0.13333333333333333
15	0.13043478260869568
16	0.12765957446808507
17	0.125
18	0.12244897959183673
19	0.12000000000000001
20	0.11764705882352941
21	0.11538461538461538
22	0.11320754716981131
23	0.1111111111111111
24	0.10909090909090909
25	0.10714285714285714
