1	0.1111111111111111
2	0.10526315789473684
3	0.2
4	0.19047619047619047
5	0.1818181818181818
6	0.1739130434782609
7	0.16666666666666666
8	0.15999999999999998
9	0.15384615384615383
10	0.14814814814814817
11	0.21428571428571427
12	0.20689655172413793
13	0.20000000000000004
14	0.2580645161290323
15	0.3125
16	0.30303030303030304
17	0.35294117647058826
18	0.39999999999999997
19	0.4444444444444444
20	0.48648648648648646
21	0.4736842105263158
22	0.46153846153846156
23	0.45
24	0.4390243902439025
25	0.42857142857142855
