1	0.13333333333333333
2	0.25
3	0.23529411764705882
4	0.22222222222222224
5	0.21052631578947364
6	0.2
7	0.19047619047619047
8	0.2727272727272727
9	0.2608695652173913
10	0.25
11	0.23999999999999996
12	0.30769230769230765
13	0.29629629629629634
14	0.2857142857142857
15	0.3448275862068965
16	0.3333333333333333
17	0.3225806451612903
18	0.31250000000000006
19	0.30303030303030304
20	0.2941176470588235
21	0.2857142857142857
22	0.2777777777777778
23	0.27027027027027023
24	0.2631578947368421
25	0.25641025641025644
