1	0.08695652173913045
2	0.08333333333333334
3	0.16
4	0.15384615384615385
5	0.14814814814814814
6	0.14285714285714288
7	0.13793103448275862
8	0.19999999999999998
9	0.1935483870967742
10	0.25000000000000006
11	0.30303030303030304
12	0.29411764705882354
13	0.2857142857142857
14	0.2777777777777778
15	0.27027027027027023
16	0.2631578947368421
17	0.25641025641025644
18	0.25
19	0.2926829268292683
20	0.3333333333333333
21	0.3255813953488372
22	0.3181818181818182
23	0.31111111111111117
24	0.30434782608695654
25	0.29787234042553196
