1	0.0
2	0.05263157894736842
3	0.05128205128205128
4	0.09999999999999999
5	0.14634146341463414
6	0.14285714285714285
7	0.18604651162790697
8	0.1818181818181818
9	0.22222222222222227
10	0.2173913043478261
11	0.21276595744680854
12	0.20833333333333334
13	0.2448979591836735
14	0.24
15	0.27450980392156865
16	0.2692307692307693
17	0.3018867924528302
18	0.3333333333333333
19	0.32727272727272727
20	0.32142857142857145
21	0.3157894736842105
22	0.31034482758620685
23	0.3050847457627119
24	0.33333333333333337
25	0.3278688524590164
