1	0.07142857142857142
2	0.06896551724137931
3	0.06666666666666667
4	0.06451612903225806
5	0.0625
6	0.06060606060606061
7	0.058823529411764705
8	0.05714285714285714
9	0.05555555555555555
10	0.10810810810810811
11	0.10526315789473684
12	0.10256410256410256
13	0.1
14	0.0975609756097561
15	0.14285714285714285
16	0.18604651162790697
17	0.1818181818181818
18	0.17777777777777776
19	0.21739130434782608
20	0.2127659574468085
21	0.25
22	0.24489795918367346
23	0.24
24	0.23529411764705882
25	0.23076923076923075
