1	0.16666666666666669
2	0.15384615384615385
3	0.14285714285714288
4	0.13333333333333333
5	0.12500000000000003
6	0.11764705882352942
7	0.1111111111111111
8	0.10526315789473685
9	0.09999999999999999
10	0.09523809523809525
11	0.09090909090909091
12	0.08695652173913043
13	0.08333333333333334
14	0.08
15	0.07692307692307691
16	0.07407407407407407
17	0.07142857142857142
18	0.06896551724137931
19	0.06666666666666667
20	0.06451612903225806
21	0.0625
22	0.060606060606060615
23	0.0588235294117647
24	0.05714285714285715
25	0.05555555555555555
