1	0.06666666666666667	1.0
2	0.06666666666666667	0.5
3	0.06666666666666667	0.3333333333333333
4	0.13333333333333333	0.5
5	0.2	0.6
6	0.2	0.5
7	0.2	0.42857142857142855
8	0.2	0.375
9	0.2	0.3333333333333333
10	0.2	0.3
11	0.26666666666666666	0.36363636363636365
12	0.26666666666666666	0.3333333333333333
13	0.3333333333333333	0.38461538461538464
14	0.3333333333333333	0.35714285714285715
15	0.4	0.4
16	0.4	0.375
17	0.4	0.35294117647058826
18	0.4666666666666667	0.3888888888888889
19	0.4666666666666667	0.3684210526315789
20	0.4666666666666667	0.35
21	0.4666666666666667	0.3333333333333333
22	0.4666666666666667	0.3181818181818182
23	0.4666666666666667	0.30434782608695654
24	0.4666666666666667	0.2916666666666667
25	0.4666666666666667	0.28
26	0.4666666666666667	0.2692307692307692
27	0.4666666666666667	0.25925925925925924
28	0.4666666666666667	0.25
29	0.4666666666666667	0.2413793103448276
30	0.4666666666666667	0.23333333333333334
