1	0.037037037037037035	1.0
2	0.07407407407407407	1.0
3	0.07407407407407407	0.6666666666666666
4	0.07407407407407407	0.5
5	0.07407407407407407	0.4
6	0.07407407407407407	0.3333333333333333
7	0.1111111111111111	0.42857142857142855
8	0.1111111111111111	0.375
9	0.1111111111111111	0.3333333333333333
10	0.1111111111111111	0.3
11	0.1111111111111111	0.2727272727272727
12	0.1111111111111111	0.25
13	0.1111111111111111	0.23076923076923078
14	0.1111111111111111	0.21428571428571427
15	0.1111111111111111	0.2
16	0.1111111111111111	0.1875
17	0.1111111111111111	0.17647058823529413
18	0.1111111111111111	0.16666666666666666
19	0.1111111111111111	0.15789473684210525
20	0.1111111111111111	0.15
21	0.1111111111111111	0.14285714285714285
22	0.14814814814814814	0.18181818181818182
23	0.18518518518518517	0.21739130434782608
24	0.18518518518518517	0.20833333333333334
25	0.18518518518518517	0.2
26	0.18518518518518517	0.19230769230769232
27	0.2222222222222222	0.2222222222222222
28	0.2222222222222222	0.21428571428571427
29	0.2222222222222222	0.20689655172413793
30	0.2222222222222222	0.2
