1	0.0	0.0
2	0.03125	0.5
3	0.03125	0.3333333333333333
4	0.03125	0.25
5	0.03125	0.2
6	0.03125	0.16666666666666666
7	0.03125	0.14285714285714285
8	0.03125	0.125
9	0.0625	0.2222222222222222
10	0.09375	0.3
11	0.09375	0.2727272727272727
12	0.09375	0.25
13	0.09375	0.23076923076923078
14	0.125	0.2857142857142857
15	0.15625	0.3333333333333333
16	0.15625	0.3125
17	0.1875	0.35294117647058826
18	0.21875	0.3888888888888889
19	0.21875	0.3684210526315789
20	0.25	0.4
21	0.28125	0.42857142857142855
22	0.3125	0.45454545454545453
23	0.34375	0.4782608695652174
24	0.34375	0.4583333333333333
25	0.34375	0.44
26	0.375	0.46153846153846156
27	0.375	0.4444444444444444
28	0.375	0.42857142857142855
29	0.375	0.41379310344827586
30	0.375	0.4
