0.24242424242424243
0.05714285714285714
0.06666666666666667
0.25806451612903225
0.058823529411764705
0.25806451612903225
0.15
0.11764705882352941
0.3225806451612903
0.13333333333333333
0.09756097560975609
0.10810810810810811
0.2
0.36363636363636365
0.12903225806451613
0.0
0.3529411764705882
0.24242424242424243
0.06451612903225806
0.052631578947368425
0.06451612903225806
0.375
0.12121212121212122
0.12121212121212122
0.4
0.13333333333333333
0.19999999999999998
0.2758620689655173
0.10752688172043011
0.11764705882352941
0.30303030303030304
0.4
0.3125
0.16216216216216217
0.23529411764705882
0.26666666666666666
0.30434782608695654
0.12903225806451613
0.20408163265306126
0.3272727272727273
0.25
0.28571428571428575
0.13333333333333333
0.1875
0.1568627450980392
0.06896551724137932
0.20689655172413793
0.47058823529411764
0.10810810810810811
0.3888888888888889
0.12903225806451613
0.09756097560975609
0.24242424242424243
0.13333333333333333
0.20408163265306126
0.22857142857142856
0.20689655172413793
0.08
0.26666666666666666
0.05714285714285714
0.2758620689655173
0.028571428571428574
0.22857142857142856
0.06451612903225806
0.1875
0.18181818181818182
0.06666666666666667
0.2105263157894737
0.10256410256410256
0.11428571428571428
0.1875
0.0
0.23529411764705882
0.26666666666666666
0.15384615384615383
0.12121212121212122
0.0
0.0
0.3888888888888889
0.25806451612903225
0.20930232558139533
0.19999999999999998
0.23529411764705882
0.1
0.0
0.06060606060606061
0.1935483870967742
0.25806451612903225
0.4
0.125
0.19999999999999998
0.33333333333333337
0.04761904761904763
0.13333333333333333
0.11764705882352941
0.24999999999999994
0.06666666666666667
0.15789473684210525
0.19999999999999998
0.0625
0.06666666666666667
0.1
0.22499999999999995
0.06666666666666667
0.13333333333333333
0.1568627450980392
0.31884057971014496
0.27906976744186046
0.0
0.3225806451612903
0.23529411764705882
0.25
0.05555555555555555
0.2380952380952381
0.10810810810810811
0.2553191489361702
0.1111111111111111
0.0784313725490196
0.23529411764705882
0.18181818181818182
0.34782608695652173
0.13333333333333333
0.25
0.10810810810810811
0.12121212121212122
0.1971830985915493
0.13333333333333333
0.20338983050847456
0.1276595744680851
0.052631578947368425
0.15384615384615383
0.05405405405405406
0.0625
0.0
0.06896551724137932
0.1875
0.1111111111111111
0.32432432432432434
0.11764705882352942
0.3888888888888889
0.17142857142857143
0.13636363636363635
0.1875
0.1875
0.33333333333333337
0.1111111111111111
0.06666666666666667
0.16666666666666666
0.13333333333333333
0.125
0.22727272727272727
0.1935483870967742
0.0
0.5405405405405406
0.06060606060606061
0.24390243902439027
0.30434782608695654
0.21621621621621623
0.4117647058823529
0.13333333333333333
0.16279069767441862
0.13636363636363635
0.11428571428571428
0.13793103448275865
0.06666666666666667
0.25925925925925924
0.1764705882352941
0.0625
0.21621621621621623
0.5142857142857143
0.13333333333333333
0.2058823529411765
0.12903225806451613
0.2758620689655173
0.25
0.13333333333333333
0.1935483870967742
0.05555555555555555
0.18604651162790697
0.25
0.30303030303030304
0.43750000000000006
0.0625
0.30303030303030304
0.25
0.1875
0.06060606060606061
0.0392156862745098
0.19999999999999998
0.2608695652173913
0.15384615384615385
0.20512820512820512
0.19999999999999998
0.25806451612903225
0.2777777777777778
0.2857142857142857
0.2222222222222222
0.19999999999999998
0.12903225806451613
0.13333333333333333
0.11764705882352941
0.27906976744186046
0.17142857142857143
0.15384615384615383
0.30303030303030304
0.17391304347826086
0.15384615384615383
0.25396825396825395
0.3636363636363636
0.35000000000000003
0.1935483870967742
0.06060606060606061
0.25806451612903225
0.22857142857142856
0.4782608695652174
0.25806451612903225
0.34285714285714286
0.06451612903225806
0.30303030303030304
0.358974358974359
0.38095238095238104
0.13333333333333333
0.24242424242424243
0.22857142857142856
0.25396825396825395
0.13114754098360656
0.12903225806451613
0.12121212121212122
0.25641025641025644
0.2916666666666667
0.15
0.18181818181818182
0.14285714285714285
0.1875
0.3870967741935484
0.13333333333333333
0.48888888888888893
0.24390243902439027
0.24242424242424243
0.22857142857142856
0.25
0.0
0.2777777777777778
0.5789473684210525
0.3888888888888889
0.4444444444444444
0.18181818181818182
0.12903225806451613
0.15384615384615383
0.06451612903225806
0.21621621621621623
0.13333333333333333
0.2631578947368421
0.28571428571428575
0.5555555555555556
0.13333333333333333
0.43243243243243246
0.26666666666666666
0.33333333333333337
0.12121212121212122
0.3125
0.20689655172413793
0.19999999999999998
0.2380952380952381
0.1818181818181818
0.48484848484848486
0.33333333333333337
0.3870967741935484
0.19999999999999998
0.06451612903225806
0.25806451612903225
0.1923076923076923
0.3684210526315789
0.06451612903225806
0.10810810810810811
0.3225806451612903
0.06666666666666667
0.05714285714285714
0.18604651162790697
0.06896551724137932
0.28571428571428575
0.5283018867924528
0.26666666666666666
0.2702702702702703
0.3225806451612903
0.10714285714285714
0.16216216216216217
0.2
0.25
0.0
0.10810810810810811
0.1935483870967742
0.06666666666666667
0.1875
0.16666666666666666
0.3870967741935484
0.16216216216216217
0.12903225806451613
0.24999999999999994
0.06451612903225806
0.14545454545454545
0.30434782608695654
0.42424242424242425
0.19999999999999998
0.1935483870967742
0.13793103448275865
0.07407407407407408
0.18181818181818182
0.06451612903225806
0.125
0.14634146341463414
0.13333333333333333
0.42424242424242425
0.2608695652173913
0.1875
0.26666666666666666
0.06060606060606061
0.23529411764705882
0.0625
0.3225806451612903
0.13333333333333333
0.23076923076923075
0.30303030303030304
0.13953488372093023
0.12121212121212122
0.048780487804878044
0.23529411764705882
0.39999999999999997
0.42424242424242425
0.20689655172413793
0.6486486486486487
0.13333333333333333
0.36363636363636365
0.11764705882352942
0.0
0.19999999999999998
0.1782178217821782
0.2758620689655173
0.1935483870967742
0.5405405405405406
0.20689655172413793
0.13043478260869565
0.13793103448275865
0.15384615384615383
0.052631578947368425
0.21621621621621623
0.25806451612903225
0.39024390243902435
0.17142857142857143
0.0
0.45714285714285713
0.2758620689655173
0.06666666666666667
0.2758620689655173
0.4
0.11764705882352941
0.24242424242424243
0.125
0.26666666666666666
0.06896551724137932
0.15384615384615385
0.14285714285714282
0.052631578947368425
0.12121212121212122
0.21621621621621623
0.16666666666666666
0.06896551724137932
0.18181818181818182
0.16216216216216217
0.09523809523809526
0.0625
0.23529411764705882
0.11764705882352941
0.06451612903225806
0.19999999999999998
0.19999999999999998
0.12121212121212122
0.17721518987341772
0.0625
0.25
0.26666666666666666
0.23529411764705882
0.20689655172413793
0.19999999999999998
0.16666666666666666
0.1875
0.19999999999999998
0.17142857142857143
0.1875
0.1764705882352941
0.1935483870967742
0.10169491525423728
0.26666666666666666
0.19999999999999998
0.12903225806451613
0.2777777777777778
0.16216216216216217
0.06060606060606061
0.2916666666666667
0.06666666666666667
0.1764705882352941
0.1
0.1935483870967742
0.13559322033898305
0.13793103448275865
0.12121212121212122
0.20689655172413793
0.0625
0.4615384615384615
0.125
0.13333333333333333
0.1764705882352941
0.4615384615384615
0.06896551724137932
0.19444444444444445
0.32558139534883723
0.25806451612903225
0.3666666666666667
0.1935483870967742
0.16216216216216217
0.5499999999999999
0.13793103448275865
0.2105263157894737
0.3870967741935484
0.16326530612244897
0.13953488372093023
0.25
0.12121212121212122
0.12121212121212122
0.05405405405405406
0.0
0.06666666666666667
0.3333333333333333
0.1764705882352941
0.2318840579710145
0.13793103448275865
0.17142857142857143
0.1702127659574468
0.1132075471698113
0.13793103448275865
0.13793103448275865
0.052631578947368425
0.46511627906976744
0.1935483870967742
0.125
0.42424242424242425
0.3125
0.3404255319148936
0.24242424242424243
0.05714285714285714
0.26666666666666666
0.06666666666666667
0.13333333333333333
0.058823529411764705
0.2777777777777778
0.13333333333333333
0.05128205128205128
0.1875
0.16666666666666666
0.12121212121212122
0.4444444444444444
0.26666666666666666
0.34285714285714286
0.37209302325581395
0.1935483870967742
0.06451612903225806
0.26666666666666666
0.1935483870967742
0.24242424242424243
0.12
0.1
0.10126582278481013
0.25806451612903225
0.058823529411764705
0.13333333333333333
0.2380952380952381
0.18181818181818182
0.09411764705882351
0.1935483870967742
0.3157894736842105
0.3636363636363636
0.2777777777777778
0.19999999999999998
0.13793103448275865
0.3404255319148936
0.19999999999999998
0.05714285714285714
0.22727272727272727
0.06451612903225806
0.30769230769230765
0.12903225806451613
0.06451612903225806
0.23529411764705882
0.42424242424242425
0.13793103448275865
0.29411764705882354
0.13333333333333333
0.25
0.2222222222222222
0.19999999999999998
0.11764705882352941
0.06666666666666667
0.09756097560975609
0.0625
0.34285714285714286
0.30434782608695654
0.25
0.19148936170212763
0.1764705882352941
0.2777777777777778
0.19999999999999998
0.3
0.25806451612903225
0.058823529411764705
0.12903225806451613
0.1875
0.16216216216216217
0.16666666666666666
0.39999999999999997
0.26666666666666666
0.10810810810810811
0.0625
0.0
0.05555555555555555
0.0
0.2702702702702703
0.23529411764705882
0.13333333333333333
0.32653061224489793
0.28
0.24242424242424243
0.12121212121212122
0.13333333333333333
0.17142857142857143
0.21621621621621623
0.04545454545454545
0.15384615384615383
0.19999999999999998
0.22222222222222224
0.13793103448275865
0.2337662337662338
0.13793103448275865
0.125
0.2368421052631579
0.1818181818181818
0.3888888888888889
0.06451612903225806
0.13333333333333333
0.13333333333333333
0.20689655172413793
0.16666666666666666
0.16666666666666666
0.18181818181818182
0.25
0.16666666666666666
0.17241379310344826
0.0625
0.2727272727272727
0.26666666666666666
0.18181818181818182
0.43750000000000006
0.06451612903225806
0.25641025641025644
0.0
0.10344827586206896
0.3
0.25806451612903225
0.16949152542372883
0.30769230769230765
0.0625
0.24242424242424243
0.35000000000000003
0.25
0.19999999999999998
0.2553191489361702
0.25806451612903225
0.3157894736842105
0.1875
0.1875
0.26666666666666666
0.3125
0.37499999999999994
0.4210526315789474
0.1935483870967742
0.26666666666666666
0.29411764705882354
0.1875
0.11538461538461538
0.34146341463414637
0.25
0.13333333333333333
0.06060606060606061
0.18604651162790697
0.2222222222222222
0.0784313725490196
0.2758620689655173
0.25806451612903225
0.06666666666666667
0.125
0.4
0.125
0.27906976744186046
0.13333333333333333
0.14634146341463414
0.3
0.26666666666666666
0.19999999999999998
0.3225806451612903
0.3684210526315789
0.20689655172413793
0.5405405405405406
0.13333333333333333
0.19999999999999998
0.19999999999999998
0.0
0.18181818181818182
0.13793103448275865
0.17142857142857143
0.2105263157894737
0.23529411764705882
0.17142857142857143
0.19999999999999998
0.20689655172413793
0.48648648648648657
0.11764705882352941
0.23529411764705882
0.26666666666666666
0.375
0.19999999999999998
0.37209302325581395
0.33333333333333337
0.35000000000000003
0.28571428571428575
0.2926829268292683
0.0
0.1818181818181818
0.0
0.2631578947368421
0.11764705882352941
0.06451612903225806
0.13793103448275865
0.28571428571428564
0.47368421052631576
0.3125
0.4067796610169491
0.2758620689655173
0.0689655172413793
0.06060606060606061
0.19999999999999998
0.25806451612903225
0.26666666666666666
0.3125
0.358974358974359
0.0
0.19607843137254902
0.33333333333333337
0.17777777777777778
0.2909090909090909
0.13333333333333333
0.1111111111111111
0.19999999999999998
0.11428571428571428
0.30303030303030304
0.16216216216216217
0.1875
0.20689655172413793
0.17142857142857143
0.06666666666666667
0.05405405405405406
0.37499999999999994
0.10447761194029852
0.13333333333333333
0.13793103448275865
0.25806451612903225
0.0
0.33333333333333337
0.19999999999999998
0.06060606060606061
0.24242424242424243
0.1818181818181818
0.39999999999999997
0.2758620689655173
0.15384615384615383
0.39024390243902435
0.13333333333333333
0.1111111111111111
0.48484848484848486
0.10810810810810809
0.0625
0.12903225806451613
0.43750000000000006
0.06666666666666667
0.14634146341463414
0.1875
0.12307692307692307
0.1764705882352941
0.34285714285714286
0.12903225806451613
0.18604651162790697
0.41860465116279066
0.3333333333333333
0.25
0.06896551724137932
0.0625
0.06896551724137932
0.13793103448275865
0.12121212121212122
0.13333333333333333
0.11428571428571428
0.17142857142857143
0.25
0.19999999999999998
0.22857142857142856
0.10256410256410256
0.0
0.1764705882352941
0.2727272727272727
0.19999999999999998
0.0
0.125
0.25
0.22222222222222224
0.13333333333333333
0.26666666666666666
0.5238095238095238
0.13953488372093023
0.06060606060606061
0.20689655172413793
0.2608695652173913
0.26666666666666666
0.125
0.25806451612903225
0.25806451612903225
0.11764705882352941
0.25
0.32558139534883723
0.20689655172413793
0.11764705882352941
0.10810810810810811
0.0
0.26666666666666666
0.1935483870967742
0.07547169811320756
0.19999999999999998
0.1379310344827586
0.12121212121212122
0.11764705882352941
0.358974358974359
0.2666666666666666
0.27184466019417475
0.06060606060606061
0.13186813186813184
0.13333333333333333
0.12903225806451613
0.13793103448275865
0.5
0.11764705882352941
0.12121212121212122
0.19999999999999998
0.3333333333333333
0.2758620689655173
0.125
0.45714285714285713
0.13793103448275865
0.2857142857142857
0.1935483870967742
0.11267605633802817
0.13793103448275865
0.37209302325581395
0.3333333333333333
0.25806451612903225
0.07766990291262135
0.2666666666666666
0.05555555555555555
0.1935483870967742
0.09523809523809526
0.24242424242424243
0.125
0.11538461538461538
0.2777777777777778
0.1935483870967742
0.26666666666666666
0.18181818181818182
0.06666666666666667
0.4615384615384615
0.07017543859649122
0.16216216216216217
0.18604651162790697
0.2380952380952381
0.32432432432432434
0.13333333333333333
0.3157894736842105
0.17142857142857143
0.05555555555555555
0.2641509433962264
0.11428571428571428
0.11764705882352941
0.15789473684210525
0.1875
0.17391304347826086
0.5106382978723404
0.18181818181818182
0.28571428571428575
0.2535211267605634
0.125
0.125
0.13793103448275865
0.45714285714285713
0.34285714285714286
0.05714285714285714
0.2631578947368421
0.25806451612903225
0.23255813953488372
0.24242424242424243
0.3404255319148936
0.3333333333333333
0.1875
0.24242424242424243
0.13333333333333333
0.1702127659574468
0.3225806451612903
0.17142857142857143
0.21276595744680854
0.26666666666666666
0.3870967741935484
0.26666666666666666
0.2
0.5263157894736842
0.4999999999999999
0.29411764705882354
0.17142857142857143
0.06896551724137932
0.2702702702702703
0.1764705882352941
0.1935483870967742
0.21276595744680854
0.19999999999999998
0.21052631578947367
0.18181818181818182
0.25806451612903225
0.18666666666666668
0.2777777777777778
0.09999999999999999
0.25806451612903225
0.13793103448275865
0.1923076923076923
0.0
0.13793103448275865
0.1764705882352941
0.3125
0.1935483870967742
0.4
0.16216216216216217
0.2758620689655173
0.08888888888888889
0.3125
0.25
0.45714285714285713
0.06451612903225806
0.13333333333333333
0.10810810810810811
0.25
0.24242424242424243
0.0625
0.19999999999999998
0.25
0.06451612903225806
0.06451612903225806
0.12121212121212122
0.19999999999999998
0.22857142857142856
0.1764705882352941
0.14285714285714282
0.2758620689655173
0.3157894736842105
0.42424242424242425
0.3529411764705882
0.0547945205479452
0.34285714285714286
0.20408163265306126
0.3
0.14285714285714285
0.20689655172413793
0.23529411764705882
0.15384615384615383
0.25
0.13043478260869565
0.1935483870967742
0.20689655172413793
0.24390243902439027
0.26666666666666666
0.058823529411764705
0.2413793103448276
0.16666666666666666
0.13793103448275865
0.13636363636363635
0.375
0.3870967741935484
0.3125
0.19999999999999998
0.1935483870967742
0.26666666666666666
0.30769230769230765
0.06451612903225806
0.12903225806451613
0.19999999999999998
0.13333333333333333
0.18604651162790697
0.14814814814814817
0.5777777777777778
0.24242424242424243
0.2777777777777778
0.29411764705882354
0.3225806451612903
0.12698412698412698
0.19999999999999998
0.13333333333333333
0.0
0.23255813953488372
0.32432432432432434
0.12903225806451613
0.19999999999999998
0.10256410256410256
0.4
0.13793103448275865
0.3888888888888889
0.19999999999999998
0.19999999999999998
0.10526315789473685
0.19999999999999998
0.1111111111111111
0.21052631578947367
0.16216216216216217
0.43750000000000006
0.1875
0.26666666666666666
0.10810810810810811
0.3783783783783784
0.24242424242424243
0.13793103448275865
0.21739130434782608
0.0
0.15
0.3692307692307692
0.12499999999999997
0.47058823529411764
0.375
0.36363636363636365
0.13333333333333333
0.19512195121951217
0.19999999999999998
0.1111111111111111
0.11428571428571428
0.1764705882352941
0.36363636363636365
0.19999999999999998
0.29411764705882354
0.2758620689655173
0.2926829268292683
0.26666666666666666
0.25
0.26666666666666666
0.06666666666666667
0.36363636363636365
0.22857142857142856
0.3225806451612903
0.5945945945945945
0.15
0.06451612903225806
0.26666666666666666
0.375
0.26666666666666666
0.33333333333333337
0.3225806451612903
0.3
0.06060606060606061
0.0
0.1886792452830189
0.1935483870967742
0.06666666666666667
0.14634146341463414
0.14035087719298245
0.08888888888888889
0.0
0.0
0.1935483870967742
0.12903225806451613
0.30303030303030304
0.5116279069767442
0.3225806451612903
0.5
0.3888888888888889
0.05714285714285714
0.2388059701492537
0.26666666666666666
0.03125
0.06666666666666667
0.12903225806451613
0.05555555555555555
0.06896551724137932
0.1935483870967742
0.12903225806451613
0.5555555555555556
0.13333333333333333
0.2777777777777778
0.39024390243902435
0.30303030303030304
0.12121212121212122
0.47368421052631576
0.30769230769230765
0.12244897959183673
0.36363636363636365
0.33333333333333337
0.16666666666666666
0.3666666666666667
0.36
0.34285714285714286
0.24999999999999994
0.13636363636363635
0.15
0.25806451612903225
0.30303030303030304
0.13333333333333333
0.2758620689655173
0.1935483870967742
0.13333333333333333
0.15384615384615383
0.3333333333333333
0.2
0.12121212121212122
0.11764705882352941
0.26666666666666666
0.0625
0.15789473684210525
0.23529411764705882
0.20689655172413793
0.28571428571428564
0.3225806451612903
0.2777777777777778
0.0
0.29411764705882354
0.1764705882352941
0.3
0.42424242424242425
0.13559322033898305
0.26666666666666666
0.20000000000000004
0.30303030303030304
0.19999999999999998
0.06666666666666667
0.17142857142857143
0.19999999999999998
0.13333333333333333
0.20338983050847456
0.1935483870967742
0.13333333333333333
0.39024390243902435
0.1875
0.4
0.13793103448275865
0.3125
0.34285714285714286
0.12244897959183673
0.4
0.3225806451612903
0.2758620689655173
0.2758620689655173
0.25
0.1875
0.125
0.22857142857142856
0.20689655172413793
0.25806451612903225
0.18181818181818182
0.24242424242424243
0.13333333333333333
0.06060606060606061
0.12903225806451613
0.25806451612903225
0.18181818181818182
0.16666666666666666
0.0
0.2758620689655173
0.21739130434782608
0.26666666666666666
0.1935483870967742
0.19999999999999998
0.20408163265306126
0.11764705882352941
0.41025641025641024
0.0
0.20338983050847456
0.30303030303030304
0.13333333333333333
0.06896551724137932
0.29787234042553196
0.40909090909090906
0.19999999999999998
0.26666666666666666
0.16666666666666666
0.19999999999999998
0.125
0.375
0.19999999999999998
0.0
0.12903225806451613
0.17142857142857143
0.125
0.27848101265822783
0.13333333333333333
0.2777777777777778
0.2758620689655173
0.13333333333333333
0.12903225806451613
0.18181818181818182
0.0625
0.4
0.1935483870967742
0.12307692307692307
0.20689655172413793
0.05405405405405406
0.0
0.3125
0.25
0.45714285714285713
0.25
0.19999999999999998
0.22727272727272727
0.22857142857142856
0.3529411764705882
0.2105263157894737
0.125
0.2758620689655173
0.32653061224489793
0.17241379310344826
0.1764705882352941
0.19999999999999998
0.1764705882352941
0.06896551724137932
0.06451612903225806
0.125
0.375
0.3125
0.1875
0.13793103448275865
0.26666666666666666
0.12903225806451613
0.11428571428571428
0.06451612903225806
0.2777777777777778
0.3272727272727273
0.12903225806451613
0.13793103448275865
0.19999999999999998
0.06666666666666667
0.5405405405405406
0.0
0.24242424242424243
0.13793103448275865
0.05555555555555555
0.10810810810810811
0.1935483870967742
0.3225806451612903
0.15384615384615383
0.09756097560975609
0.2222222222222222
0.42424242424242425
0.12121212121212122
0.06060606060606061
0.2758620689655173
0.45
0.2702702702702703
0.28571428571428564
0.125
0.11764705882352941
0.1090909090909091
0.32558139534883723
0.3870967741935484
0.21621621621621623
0.18181818181818182
0.27450980392156865
0.3225806451612903
0.23076923076923075
0.0
0.13333333333333333
0.19999999999999998
0.1935483870967742
0.06666666666666667
0.0625
0.08450704225352111
0.23529411764705882
0.1875
0.2222222222222222
0.13333333333333333
0.2758620689655173
0.2222222222222222
0.06666666666666667
0.3278688524590164
0.19999999999999998
0.0
0.24242424242424243
0.24242424242424243
0.358974358974359
0.3125
0.17142857142857143
0.2909090909090909
0.24242424242424243
0.17142857142857143
0.19512195121951217
0.33333333333333337
0.37209302325581395
0.13953488372093023
0.20689655172413793
0.16216216216216217
0.13333333333333333
0.13333333333333333
0.1935483870967742
0.0
0.0625
0.06896551724137932
0.3728813559322034
0.09523809523809523
0.1935483870967742
0.20833333333333331
0.06779661016949153
0.1132075471698113
0.06666666666666667
0.25
0.13333333333333333
0.3333333333333333
0.07692307692307691
0.0625
0.19999999999999998
0.23529411764705882
0.1875
0.3181818181818182
0.1111111111111111
0.19999999999999998
0.12121212121212122
0.23333333333333334
0.1111111111111111
0.0425531914893617
0.30769230769230765
0.24175824175824176
0.45
0.1875
0.17391304347826086
0.25
0.06557377049180328
0.13333333333333333
0.19047619047619047
0.25925925925925924
0.19999999999999998
0.12121212121212122
0.06666666666666667
0.3181818181818182
0.36619718309859156
0.26666666666666666
0.26666666666666666
0.12121212121212122
0.0
0.3684210526315789
0.24489795918367346
0.13793103448275865
0.23255813953488372
0.12121212121212122
0.5128205128205129
0.2777777777777778
0.12121212121212122
0.16216216216216217
0.07547169811320756
0.41025641025641024
0.26666666666666666
0.13793103448275865
0.12121212121212122
0.06896551724137932
0.24242424242424243
0.3137254901960784
0.06896551724137932
0.3870967741935484
0.19999999999999998
0.3
0.13793103448275865
0.13333333333333333
0.11428571428571428
0.05
0.19047619047619052
0.13793103448275865
0.4
0.0
0.1875
0.06666666666666667
0.25806451612903225
0.1764705882352941
0.35000000000000003
0.3870967741935484
0.125
0.19999999999999998
0.20689655172413793
0.24242424242424243
0.3157894736842105
0.3333333333333333
0.06666666666666667
0.33333333333333337
0.3125
0.10810810810810811
0.11764705882352941
0.2758620689655173
0.25806451612903225
0.2898550724637681
0.19999999999999998
0.34285714285714286
0.25
0.25806451612903225
0.16666666666666666
0.14634146341463414
0.20689655172413793
0.12903225806451613
0.3529411764705882
0.4
0.06666666666666667
0.2631578947368421
0.1851851851851852
0.18181818181818182
0.37209302325581395
0.06896551724137932
0.06060606060606061
0.1875
0.12903225806451613
0.19999999999999998
0.10256410256410256
0.0
0.1111111111111111
0.2758620689655173
0.125
0.16216216216216217
0.26666666666666666
0.5714285714285715
0.1
0.20408163265306126
0.12903225806451613
0.4117647058823529
0.2105263157894737
0.0909090909090909
0.19047619047619052
0.1935483870967742
0.18181818181818182
0.20689655172413793
0.14814814814814817
0.3125
0.24242424242424243
0.03846153846153846
0.18604651162790697
0.19999999999999998
0.47058823529411764
0.35000000000000003
0.12121212121212122
0.2105263157894737
0.1333333333333333
0.19047619047619052
0.33333333333333337
0.2222222222222222
0.3125
0.48484848484848486
0.1702127659574468
0.1935483870967742
0.45714285714285713
0.43243243243243246
0.19999999999999998
0.29411764705882354
0.0
0.28571428571428564
0.12121212121212122
0.06666666666666667
0.12903225806451613
0.1764705882352941
0.4117647058823529
0.2702702702702703
0.13333333333333333
0.04081632653061224
0.12903225806451613
0.19999999999999998
0.25
0.25
0.06896551724137932
0.25641025641025644
0.05714285714285714
0.19999999999999998
0.358974358974359
0.125
0.19512195121951217
0.08695652173913043
0.5142857142857143
0.19607843137254902
0.05405405405405406
0.25806451612903225
0.32432432432432434
0.1875
0.22807017543859648
0.16666666666666666
0.3125
0.2909090909090909
0.13333333333333333
0.1875
0.20689655172413793
0.2105263157894737
0.4117647058823529
0.32653061224489793
0.05405405405405406
0.12121212121212122
0.5652173913043478
0.32
0.16216216216216217
0.32432432432432434
0.3333333333333333
0.1875
0.17142857142857143
0.24242424242424243
0.25925925925925924
0.20689655172413793
0.1090909090909091
0.20689655172413793
0.25806451612903225
0.12903225806451613
0.26666666666666666
0.23255813953488372
0.1875
0.20689655172413793
0.3529411764705882
0.6111111111111112
0.17142857142857143
0.4
0.10526315789473685
0.0625
0.20689655172413793
0.13793103448275865
0.21621621621621623
0.13333333333333333
0.10810810810810811
0.20512820512820512
0.1935483870967742
0.2702702702702703
0.08333333333333333
0.33333333333333337
0.47368421052631576
0.13333333333333333
0.5641025641025641
0.0
0.1935483870967742
0.3125
0.22857142857142856
0.47058823529411764
0.3783783783783784
0.13793103448275865
0.26666666666666666
0.3125
0.41025641025641024
0.3225806451612903
0.20689655172413793
0.2758620689655172
0.22727272727272727
0.17777777777777778
0.125
0.21276595744680854
0.05714285714285714
0.39024390243902435
0.048780487804878044
0.2222222222222222
0.3
0.19999999999999998
0.16666666666666666
0.06451612903225806
0.15
0.125
0.0625
0.36363636363636365
0.13333333333333333
0.3125
0.25
0.2105263157894737
0.16216216216216217
0.21276595744680854
0.15384615384615383
0.0
0.125
0.1818181818181818
0.32432432432432434
0.3404255319148936
0.32
0.16666666666666666
0.41025641025641024
0.36363636363636365
0.19999999999999998
0.10256410256410256
0.33333333333333337
0.25806451612903225
0.20689655172413793
0.25806451612903225
0.18181818181818182
0.28571428571428575
0.13333333333333333
0.35000000000000003
0.20689655172413793
0.16216216216216217
0.2727272727272727
0.12903225806451613
0.0
0.25
0.13793103448275865
0.22857142857142856
0.18181818181818182
0.41025641025641024
0.25
0.1818181818181818
0.3225806451612903
0.4081632653061225
0.0625
0.2
0.25806451612903225
0.19999999999999998
0.11764705882352941
0.25
0.2666666666666666
0.3125
0.3111111111111111
0.12121212121212122
0.2758620689655173
0.28571428571428575
0.15151515151515152
0.12121212121212122
0.3157894736842105
0.33333333333333337
0.32558139534883723
0.20408163265306126
0.20512820512820512
0.06185567010309278
0.3225806451612903
0.1875
0.19999999999999998
0.30434782608695654
0.17721518987341772
0.16666666666666666
0.1851851851851852
0.21276595744680854
0.30303030303030304
0.2758620689655173
0.30303030303030304
0.17142857142857143
0.45714285714285713
0.0625
0.6486486486486487
0.0
0.16216216216216217
0.21052631578947367
0.4444444444444444
0.06451612903225806
0.0625
0.19999999999999998
0.1935483870967742
0.42424242424242425
0.26666666666666666
0.17142857142857143
0.1764705882352941
0.23255813953488372
0.26666666666666666
0.07692307692307691
0.18750000000000003
0.1935483870967742
0.2807017543859649
0.26666666666666666
0.27692307692307694
0.26666666666666666
0.13793103448275865
0.0
0.22857142857142856
0.15
0.18181818181818182
0.43750000000000006
0.12903225806451613
0.4117647058823529
0.20689655172413793
0.43750000000000006
0.35000000000000003
0.28571428571428564
0.03333333333333333
0.36363636363636365
0.35000000000000003
0.33333333333333337
0.2222222222222222
0.18691588785046728
0.48780487804878053
0.22857142857142856
0.2758620689655173
0.26666666666666666
0.1875
0.3157894736842105
0.13333333333333333
0.20833333333333331
0.06896551724137932
0.21621621621621623
0.16
0.358974358974359
0.0851063829787234
0.19999999999999998
0.16
0.3636363636363636
0.30769230769230765
0.30769230769230765
0.4
0.3888888888888889
0.25
0.20512820512820512
0.12903225806451613
0.13793103448275865
0.13333333333333333
0.1935483870967742
0.5945945945945945
0.16216216216216217
0.20689655172413793
0.30769230769230765
0.13333333333333333
0.0851063829787234
0.21621621621621623
0.21621621621621623
0.22857142857142856
0.19512195121951217
0.1875
0.13333333333333333
0.25806451612903225
0.13333333333333333
0.06666666666666667
0.1935483870967742
0.1702127659574468
0.1764705882352941
0.3571428571428571
0.06896551724137932
0.1875
0.21621621621621623
0.13114754098360656
0.26666666666666666
0.08
0.3684210526315789
0.19999999999999998
0.14084507042253522
0.43478260869565216
0.26666666666666666
0.36363636363636365
0.3157894736842105
0.09756097560975609
0.20408163265306126
0.3529411764705882
0.4444444444444445
0.4444444444444444
0.23529411764705882
0.18181818181818182
0.3272727272727273
0.18181818181818182
0.26666666666666666
0.5294117647058824
0.34285714285714286
0.13333333333333333
0.1935483870967742
0.16666666666666666
0.19999999999999998
0.33333333333333337
0.0
0.17142857142857143
0.06666666666666667
0.2222222222222222
0.1111111111111111
0.18181818181818182
0.2666666666666666
0.19999999999999998
0.1764705882352941
0.0
0.13333333333333333
0.125
0.1764705882352941
0.47058823529411764
0.27906976744186046
0.2264150943396226
0.1702127659574468
0.1935483870967742
0.12121212121212122
0.2
0.06666666666666667
0.13793103448275865
0.4117647058823529
0.06557377049180328
0.1886792452830189
0.2926829268292683
0.04761904761904763
0.3225806451612903
0.10256410256410256
0.125
0.18604651162790697
0.2388059701492537
0.33333333333333337
0.125
0.33333333333333337
0.32432432432432434
0.30303030303030304
0.2413793103448276
0.06666666666666667
0.1935483870967742
0.26666666666666666
0.45
0.2758620689655173
0.2666666666666666
0.14545454545454545
0.05
0.12903225806451613
0.28571428571428564
0.5
0.16216216216216217
0.5957446808510639
0.12121212121212122
0.13333333333333333
0.39024390243902435
0.32558139534883723
0.33333333333333337
0.358974358974359
0.3125
0.10714285714285714
0.26666666666666666
0.41860465116279066
0.12121212121212122
0.375
0.28571428571428575
0.13953488372093023
0.21739130434782608
0.26666666666666666
0.3125
0.391304347826087
0.18181818181818182
0.11428571428571428
0.33333333333333337
0.1935483870967742
0.2456140350877193
0.30434782608695654
0.0625
0.1935483870967742
0.34285714285714286
0.12903225806451613
0.33333333333333337
0.11764705882352941
0.3125
0.26666666666666666
0.19999999999999998
0.19999999999999998
0.20689655172413793
0.15789473684210525
0.24242424242424243
0.1090909090909091
0.06666666666666667
0.125
0.4444444444444444
0.22857142857142856
0.4761904761904762
0.06557377049180328
0.23255813953488372
0.18181818181818182
0.3783783783783784
0.3225806451612903
0.1935483870967742
0.1875
0.05714285714285714
0.3125
0.33333333333333337
0.1875
0.1935483870967742
0.0625
0.33333333333333337
0.43243243243243246
0.0
0.1764705882352941
0.3125
0.17142857142857143
0.25806451612903225
0.1764705882352941
0.13793103448275865
0.26666666666666666
0.20689655172413793
0.26666666666666666
0.4255319148936171
0.2105263157894737
0.11764705882352941
0.10526315789473685
0.3111111111111111
0.43750000000000006
0.2807017543859649
0.06666666666666667
0.5263157894736842
0.29411764705882354
0.11940298507462685
0.3225806451612903
0.30303030303030304
0.19047619047619047
0.19999999999999998
0.3125
0.1875
0.2631578947368421
0.023255813953488372
0.06666666666666667
0.26666666666666666
0.1935483870967742
0.17142857142857143
0.1764705882352941
0.25806451612903225
0.19999999999999998
0.3125
0.2777777777777778
0.3157894736842105
0.37209302325581395
0.13793103448275865
0.4
0.20512820512820512
0.25806451612903225
0.10256410256410256
0.17777777777777778
0.391304347826087
0.1875
0.05555555555555555
0.20512820512820512
0.17142857142857143
0.23529411764705882
0.125
0.13793103448275865
0.3404255319148936
0.20512820512820512
0.13333333333333333
0.09375000000000001
0.20689655172413793
0.2926829268292683
0.11538461538461538
0.20689655172413793
0.06060606060606061
0.1764705882352941
0.2222222222222222
0.17142857142857143
0.1875
0.3125
0.1875
0.16666666666666666
0.30769230769230765
0.08955223880597014
0.34285714285714286
0.12121212121212122
0.13333333333333333
0.0
0.24242424242424243
0.3888888888888889
0.25641025641025644
0.0
0.28
0.06451612903225806
0.0
0.16666666666666666
0.1935483870967742
0.07407407407407408
0.125
0.13333333333333333
0.06060606060606061
0.20689655172413793
0.2702702702702703
0.3225806451612903
0.25806451612903225
0.20689655172413793
0.2
0.24242424242424243
0.29411764705882354
0.125
0.17142857142857143
0.11428571428571428
0.15
0.04545454545454545
0.13333333333333333
0.13333333333333333
0.34285714285714286
0.2777777777777778
0.12903225806451613
0.48780487804878053
0.0
0.42424242424242425
0.20512820512820512
0.1935483870967742
0.06451612903225806
0.3225806451612903
0.22950819672131148
0.0625
0.3225806451612903
0.2758620689655173
0.30769230769230765
0.0
0.18918918918918917
0.21052631578947367
0.20689655172413793
0.1764705882352941
0.33333333333333337
0.25
0.20689655172413793
0.11428571428571428
0.18181818181818182
0.14285714285714285
0.125
0.2702702702702703
0.26666666666666666
0.25
0.34285714285714286
0.20689655172413793
0.23529411764705882
0.09756097560975609
0.06666666666666667
0.06451612903225806
0.29411764705882354
0.36363636363636365
0.2631578947368421
0.1935483870967742
0.13793103448275865
0.15238095238095237
0.1875
0.1702127659574468
0.2222222222222222
0.43750000000000006
0.26666666666666666
0.25806451612903225
0.12121212121212122
0.35000000000000003
0.18181818181818182
0.17142857142857143
0.41025641025641024
0.12903225806451613
0.1111111111111111
0.13333333333333333
0.1923076923076923
0.39024390243902435
0.06451612903225806
0.06896551724137932
0.05714285714285714
0.18604651162790697
0.06896551724137932
0.20689655172413793
0.10526315789473685
0.2777777777777778
0.06666666666666667
0.12903225806451613
0.06896551724137932
0.21621621621621623
0.1333333333333333
0.1935483870967742
0.4615384615384615
0.06185567010309278
0.3
0.14814814814814814
0.631578947368421
0.42424242424242425
0.3157894736842105
0.12121212121212122
0.3333333333333333
0.20408163265306126
0.048780487804878044
0.058823529411764705
0.19047619047619047
0.125
0.48888888888888893
0.28571428571428575
0.0
0.18181818181818182
0.20689655172413793
0.10169491525423728
0.3636363636363636
0.20689655172413793
0.18181818181818182
0.125
0.22857142857142856
0.1935483870967742
0.14814814814814817
0.358974358974359
0.17777777777777778
0.06896551724137932
0.058823529411764705
0.25806451612903225
0.34285714285714286
0.3225806451612903
0.3870967741935484
0.22857142857142856
0.4444444444444444
0.19999999999999998
0.29629629629629634
0.12121212121212122
0.3116883116883117
0.4
0.25806451612903225
0.06451612903225806
0.3870967741935484
0.046511627906976744
0.25
0.1935483870967742
0.2727272727272727
0.2318840579710145
0.25
0.10526315789473685
0.1935483870967742
0.2
0.19999999999999998
0.21951219512195122
0.1764705882352941
0.1764705882352941
0.19999999999999998
0.20689655172413793
0.2758620689655173
0.26666666666666666
0.23076923076923075
0.17283950617283952
0.13953488372093023
0.13333333333333333
0.05714285714285714
0.3333333333333333
0.2571428571428571
0.4
0.1935483870967742
0.3125
0.5116279069767442
0.25806451612903225
0.5714285714285715
0.24390243902439027
0.19999999999999998
0.19999999999999998
0.16666666666666666
0.17142857142857143
0.17142857142857143
0.1875
0.12121212121212122
0.1875
0.23529411764705882
0.19999999999999998
0.12903225806451613
0.1875
0.24242424242424243
0.06896551724137932
0.10526315789473685
0.06666666666666667
0.16666666666666666
0.25641025641025644
0.36363636363636365
0.0
0.1875
0.5238095238095238
0.375
0.20689655172413793
0.29411764705882354
0.06451612903225806
0.14285714285714282
0.20689655172413793
0.06060606060606061
0.25
0.2553191489361702
0.1694915254237288
0.5365853658536586
0.15384615384615383
0.1348314606741573
0.19999999999999998
0.06666666666666667
0.07692307692307691
0.2702702702702703
0.2758620689655173
0.25806451612903225
0.5142857142857143
0.47058823529411764
0.19999999999999998
0.21621621621621623
0.05555555555555555
0.125
0.0625
0.1935483870967742
0.0
0.1111111111111111
0.08888888888888889
0.0
0.19999999999999998
0.1764705882352941
0.0
0.34285714285714286
0.20689655172413793
0.3
0.30303030303030304
0.14285714285714282
0.25806451612903225
0.06666666666666667
0.25
0.16216216216216217
0.06896551724137932
0.11428571428571428
0.24999999999999994
0.3783783783783784
0.12121212121212122
0.22857142857142856
0.15789473684210525
0.33333333333333337
0.12903225806451613
0.3225806451612903
0.1935483870967742
0.16216216216216217
0.41379310344827586
0.25
0.13333333333333333
0.0273972602739726
0.2926829268292683
0.16666666666666666
0.3333333333333333
0.1935483870967742
0.18604651162790697
0.2105263157894737
0.125
0.041666666666666664
0.3333333333333333
0.13043478260869565
0.12903225806451613
0.06060606060606061
0.125
0.26666666666666666
0.0404040404040404
0.1791044776119403
0.0
0.22857142857142856
0.20000000000000004
0.2758620689655173
0.12903225806451613
0.3673469387755102
0.0
0.11428571428571428
0.23529411764705882
0.2727272727272727
0.20689655172413793
0.24390243902439027
0.25
0.22857142857142856
0.29411764705882354
0.17142857142857143
0.30303030303030304
0.1
0.20689655172413793
0.13333333333333333
0.25
0.19999999999999998
0.35000000000000003
0.13333333333333333
0.11428571428571428
0.36363636363636365
0.1183431952662722
0.25
0.2
0.19999999999999998
0.19999999999999998
0.20512820512820512
0.12903225806451613
0.28571428571428575
0.2857142857142857
0.12903225806451613
0.12121212121212122
0.25
0.5
0.5490196078431373
0.12499999999999997
0.5405405405405406
0.10714285714285714
0.3333333333333333
0.18181818181818182
0.27906976744186046
0.22222222222222218
0.06666666666666667
0.30303030303030304
0.24242424242424243
0.1333333333333333
0.5
0.24390243902439027
0.13793103448275865
0.28571428571428575
0.1333333333333333
0.19672131147540983
0.19999999999999998
0.11428571428571428
0.34285714285714286
0.11764705882352941
0.10526315789473685
0.09302325581395349
0.4210526315789474
0.16666666666666666
0.05714285714285714
0.17391304347826086
0.0
0.16326530612244897
0.2337662337662338
0.06060606060606061
0.3404255319148936
0.2777777777777778
0.39215686274509803
0.19999999999999998
0.2631578947368421
0.3870967741935484
0.15
0.46511627906976744
0.15
0.34285714285714286
0.10810810810810809
0.20689655172413793
0.0
0.3333333333333333
0.3333333333333333
0.16666666666666666
0.18181818181818182
0.19999999999999998
0.1492537313432836
0.509090909090909
0.1333333333333333
0.0689655172413793
0.1875
0.06896551724137932
0.48780487804878053
0.05
0.18181818181818182
0.125
0.3157894736842105
0.06451612903225806
0.2105263157894737
0.17777777777777778
0.06666666666666667
0.1935483870967742
0.25
0.17142857142857143
0.5142857142857143
0.10256410256410256
0.30303030303030304
0.14634146341463414
0.30303030303030304
0.13793103448275865
0.13333333333333333
0.17142857142857143
0.20689655172413793
0.23529411764705882
0.4528301886792452
0.10810810810810811
0.19047619047619047
0.30769230769230765
0.2
0.3529411764705882
0.13333333333333333
0.3125
0.17142857142857143
0.3157894736842105
0.2758620689655173
0.16216216216216217
0.25
0.06451612903225806
0.058823529411764705
0.43750000000000006
0.3870967741935484
0.23529411764705882
0.17647058823529407
0.21621621621621623
0.25806451612903225
0.0625
0.0625
0.1875
0.11764705882352941
0.125
0.06896551724137932
0.25
0.11764705882352941
0.12121212121212122
0.0
0.06451612903225806
0.14634146341463414
0.3333333333333333
0.06060606060606061
0.21428571428571427
0.06611570247933884
0.18604651162790697
0.27906976744186046
0.07547169811320756
0.12903225806451613
0.23255813953488372
0.3225806451612903
0.2857142857142857
0.18181818181818182
0.13953488372093023
0.19999999999999998
0.08333333333333333
0.3225806451612903
0.1348314606741573
0.3529411764705882
0.13333333333333333
0.06896551724137932
0.2916666666666667
0.06666666666666667
0.28
0.3636363636363636
0.43243243243243246
0.23255813953488372
0.25806451612903225
0.13333333333333333
0.2
0.1875
0.11594202898550725
0.3333333333333333
0.06060606060606061
0.2777777777777778
0.21621621621621623
0.13333333333333333
0.13043478260869565
0.24242424242424243
0.13043478260869565
0.36363636363636365
0.21621621621621623
0.32432432432432434
0.28571428571428575
0.2692307692307692
0.26229508196721313
0.12903225806451613
0.19999999999999998
0.18181818181818182
0.13333333333333333
0.43750000000000006
0.23529411764705882
0.13333333333333333
0.25806451612903225
0.3684210526315789
0.36
0.20689655172413793
0.1935483870967742
0.14084507042253522
0.12121212121212122
0.06451612903225806
0.34146341463414637
0.13333333333333333
0.3404255319148936
0.16216216216216217
0.06060606060606061
0.21621621621621623
0.3684210526315789
0.13333333333333333
0.0
0.3125
0.1935483870967742
0.29411764705882354
0.13333333333333333
0.13333333333333333
0.19999999999999998
0.26666666666666666
0.0
0.0625
0.20689655172413793
0.33333333333333337
0.13636363636363635
0.33333333333333337
0.34285714285714286
0.06666666666666667
0.4210526315789474
0.41025641025641024
0.16216216216216217
0.19999999999999998
0.16666666666666666
0.12121212121212122
0.33333333333333337
0.2264150943396226
0.1702127659574468
0.12121212121212122
0.12903225806451613
0.09523809523809526
0.1935483870967742
0.2758620689655173
0.24242424242424243
0.13793103448275865
0.3111111111111111
0.19999999999999998
0.0
0.21428571428571427
0.125
0.43902439024390244
0.25806451612903225
0.2222222222222222
0.10256410256410256
0.28571428571428575
0.2926829268292683
0.06896551724137932
0.3783783783783784
0.06451612903225806
0.3333333333333333
0.06060606060606061
0.044444444444444446
0.06896551724137932
0.04545454545454545
0.0
0.2702702702702703
0.30769230769230765
0.28571428571428564
0.37499999999999994
0.06060606060606061
0.10810810810810811
0.4444444444444444
0.09523809523809526
0.2702702702702703
0.0
0.3225806451612903
0.1935483870967742
0.13793103448275865
0.4444444444444444
0.2807017543859649
0.45454545454545453
0.14814814814814817
0.33333333333333337
0.12903225806451613
0.33333333333333337
0.05405405405405404
0.24242424242424243
0.16216216216216217
0.1935483870967742
0.0
0.23529411764705882
0.17142857142857143
0.15789473684210525
0.06896551724137932
0.1234567901234568
0.25
0.3636363636363636
0.19999999999999998
0.21621621621621623
0.28571428571428564
0.22727272727272727
0.2758620689655173
0.06896551724137932
0.19999999999999998
0.18181818181818182
0.2777777777777778
0.06666666666666667
0.18604651162790697
0.6153846153846153
0.05714285714285714
0.22727272727272727
0.11764705882352941
0.25
0.19999999999999998
0.17142857142857143
0.1875
0.28571428571428575
0.36363636363636365
0.3225806451612903
0.3
0.24489795918367346
0.06451612903225806
0.23529411764705882
0.12903225806451613
0.25641025641025644
0.16216216216216217
0.25806451612903225
0.1875
0.21621621621621617
0.05714285714285714
0.06896551724137932
0.2181818181818182
0.0
0.17142857142857143
0.06896551724137932
0.29787234042553196
0.25
0.2222222222222222
0.32432432432432434
0.07272727272727272
0.125
0.12121212121212122
0.48484848484848486
0.13333333333333333
0.1764705882352941
0.41025641025641024
0.27906976744186046
0.13793103448275865
0.11940298507462685
0.5
0.3870967741935484
0.1875
0.07272727272727272
0.26666666666666666
0.13333333333333333
0.06896551724137932
0.13333333333333333
0.052631578947368425
0.12121212121212122
0.26666666666666666
0.33333333333333337
0.05
0.1875
0.1764705882352941
0.3125
0.30303030303030304
0.1111111111111111
0.13333333333333333
0.19999999999999998
0.06451612903225806
0.09756097560975609
0.19607843137254902
0.13333333333333333
0.2777777777777778
0.10810810810810811
0.13793103448275865
0.06451612903225806
0.19512195121951217
0.39024390243902435
0.048780487804878044
0.4255319148936171
0.18181818181818182
0.0
0.25806451612903225
0.5405405405405406
0.21621621621621623
0.18181818181818182
0.25641025641025644
0.3783783783783784
0.0
0.11764705882352941
0.1875
0.5238095238095238
0.12903225806451613
0.3225806451612903
0.43750000000000006
0.26666666666666666
0.28571428571428575
0.2222222222222222
0.1886792452830189
0.19999999999999998
0.19999999999999998
0.1
0.1111111111111111
0.13333333333333333
0.12903225806451613
0.06060606060606061
0.2666666666666666
0.13333333333333333
0.06666666666666667
0.12121212121212122
0.1764705882352941
0.06666666666666667
0.1333333333333333
0.5909090909090909
0.32432432432432434
0.14814814814814817
0.19047619047619047
0.2702702702702703
0.19999999999999998
0.4
0.45
0.1846153846153846
0.22857142857142856
0.23529411764705882
0.22222222222222224
0.0
0.06666666666666667
0.24242424242424243
0.1875
0.25806451612903225
0.19999999999999998
0.17777777777777778
0.1935483870967742
0.0
0.33333333333333337
0.15384615384615383
0.2380952380952381
0.06060606060606061
0.24242424242424243
0.1764705882352941
0.16666666666666666
0.06666666666666667
0.13333333333333333
0.1875
0.06666666666666667
0.4444444444444444
0.33333333333333337
0.41025641025641024
0.13333333333333333
0.25
0.13333333333333333
0.5128205128205129
0.13333333333333333
0.20689655172413793
0.1258741258741259
0.06896551724137932
0.26666666666666666
0.43750000000000006
0.16666666666666666
0.0
0.15384615384615383
0.16216216216216217
0.06896551724137932
0.13333333333333333
0.06896551724137932
0.1764705882352941
0.4117647058823529
0.26666666666666666
0.13333333333333333
0.28571428571428575
0.0
0.24489795918367346
0.2666666666666666
0.3
0.17142857142857143
0.1875
0.48484848484848486
0.26666666666666666
0.24242424242424243
0.05714285714285714
0.4
0.22727272727272727
0.1818181818181818
0.48648648648648657
0.06666666666666667
0.13793103448275865
0.19999999999999998
0.13793103448275865
0.06666666666666667
0.25
0.12903225806451613
0.24
0.3636363636363636
0.0625
0.1935483870967742
0.06896551724137932
0.1875
0.15384615384615383
0.13333333333333333
0.06666666666666667
0.24242424242424243
0.12903225806451613
0.12903225806451613
0.25641025641025644
0.2105263157894737
0.26666666666666666
0.1875
0.23529411764705882
0.16666666666666666
0.06666666666666667
0.3157894736842105
0.0851063829787234
0.26666666666666666
0.3333333333333333
0.09523809523809526
0.25
0.1875
0.0
0.3783783783783784
0.25806451612903225
0.13333333333333333
0.24489795918367346
0.375
0.21276595744680854
0.3870967741935484
0.46511627906976744
0.34285714285714286
0.1875
0.0
0.23728813559322035
0.09999999999999999
0.1875
0.2702702702702703
0.16216216216216217
0.2758620689655173
0.3111111111111111
0.13333333333333333
0.3125
0.19999999999999998
0.21052631578947367
0.1935483870967742
0.05555555555555555
0.21276595744680854
0.0625
0.19999999999999998
0.2
0.2727272727272727
0.2702702702702703
0.2553191489361702
0.17391304347826086
0.2666666666666666
0.35135135135135137
0.26666666666666666
0.3111111111111111
0.23255813953488372
0.5
0.06451612903225806
0.17142857142857143
0.12121212121212122
0.08247422680412371
0.29411764705882354
0.12244897959183673
0.1875
0.26666666666666666
0.12903225806451613
0.1923076923076923
0.10638297872340427
0.1643835616438356
0.20512820512820512
0.23529411764705882
0.1111111111111111
0.19999999999999998
0.136986301369863
0.36363636363636365
0.12903225806451613
0.0
0.06451612903225806
0.06779661016949153
0.2535211267605634
0.45714285714285713
0.06666666666666667
0.20512820512820512
0.24242424242424243
0.08888888888888889
0.23255813953488372
0.33333333333333337
0.1935483870967742
0.125
0.10526315789473685
0.18181818181818182
0.1875
0.15254237288135591
0.2
0.25806451612903225
0.12903225806451613
0.10526315789473685
0.06896551724137932
0.08
0.24615384615384614
0.1935483870967742
0.22950819672131148
0.34285714285714286
0.13793103448275865
0.13793103448275865
0.12121212121212122
0.19999999999999998
0.19512195121951217
0.0625
0.13333333333333333
0.2608695652173913
0.6382978723404256
0.125
0.06896551724137932
0.06896551724137932
0.19047619047619052
0.2105263157894737
0.47058823529411764
0.15
0.3333333333333333
0.20689655172413793
0.25
0.06666666666666667
0.18604651162790697
0.30434782608695654
0.06060606060606061
0.3125
0.24242424242424243
0.20833333333333331
0.3076923076923077
0.2380952380952381
0.1935483870967742
0.30303030303030304
0.2222222222222222
0.4210526315789474
0.33333333333333337
0.3225806451612903
0.25806451612903225
0.34285714285714286
0.25806451612903225
0.0625
0.1111111111111111
0.125
0.10810810810810811
0.25806451612903225
0.3870967741935484
0.08888888888888889
0.13333333333333333
0.3157894736842105
0.3333333333333333
0.1935483870967742
0.2
0.19999999999999998
0.15
0.08955223880597014
0.3529411764705882
0.05405405405405406
0.45714285714285713
0.43750000000000006
0.19999999999999998
0.125
0.1935483870967742
0.27450980392156865
0.19999999999999998
0.38095238095238104
0.4999999999999999
0.3225806451612903
0.2916666666666667
0.1764705882352941
0.26666666666666666
0.26666666666666666
0.4444444444444444
0.2
0.11428571428571428
0.10526315789473685
0.11764705882352941
0.1605839416058394
0.058823529411764705
0.1935483870967742
0.3225806451612903
0.17142857142857143
0.1935483870967742
0.26666666666666666
0.375
0.2758620689655173
0.1935483870967742
0.13333333333333333
0.2758620689655173
0.1935483870967742
0.06666666666666667
0.12499999999999997
0.1492537313432836
0.1935483870967742
0.28
0.22222222222222224
0.34615384615384615
0.18181818181818182
0.13793103448275865
0.17142857142857143
0.12121212121212122
0.1276595744680851
0.11764705882352941
0.125
0.1875
0.14285714285714285
0.14814814814814817
0.13333333333333333
0.13333333333333333
0.1935483870967742
0.29411764705882354
0.23529411764705882
0.36363636363636365
0.1935483870967742
0.17142857142857143
0.12903225806451613
0.19999999999999998
0.34285714285714286
0.1875
0.08888888888888889
0.11764705882352941
0.24615384615384614
0.13793103448275865
0.11764705882352941
0.26666666666666666
0.5
0.30303030303030304
0.4210526315789474
0.0625
0.6486486486486487
0.1875
0.13793103448275865
0.0
0.16666666666666666
0.12903225806451613
0.10810810810810811
0.2222222222222222
0.11428571428571428
0.32432432432432434
0.20689655172413793
0.06451612903225806
0.2758620689655173
0.16216216216216217
0.05714285714285714
0.14634146341463414
0.34285714285714286
0.25
0.25806451612903225
0.12499999999999997
0.20689655172413793
0.19047619047619052
0.25806451612903225
0.04545454545454545
0.46428571428571425
0.13793103448275865
0.17142857142857143
0.05714285714285714
0.0
0.06451612903225806
0.12903225806451613
0.0
0.26666666666666666
0.10810810810810811
0.1090909090909091
0.06451612903225806
0.0
0.13333333333333333
0.18181818181818182
0.25806451612903225
0.05555555555555555
0.11764705882352941
0.3125
0.358974358974359
0.48780487804878053
0.13793103448275865
0.16666666666666666
0.0898876404494382
0.12121212121212122
0.13333333333333333
0.23076923076923075
0.17142857142857143
0.1935483870967742
0.06896551724137932
0.25806451612903225
0.13333333333333333
0.29411764705882354
0.19999999999999998
0.06666666666666667
0.1935483870967742
0.16666666666666666
0.24489795918367346
0.40909090909090906
0.29411764705882354
0.3214285714285714
0.1935483870967742
0.3333333333333333
0.1276595744680851
0.11764705882352941
0.20689655172413793
0.13333333333333333
0.13333333333333333
0.1764705882352941
0.10169491525423728
0.06060606060606061
0.13333333333333333
0.26666666666666666
0.12195121951219512
0.06060606060606061
0.06060606060606061
0.13333333333333333
0.1764705882352941
0.13333333333333333
0.125
0.24489795918367346
0.23529411764705882
0.10256410256410256
0.5
0.18604651162790697
0.12903225806451613
0.13333333333333333
0.33333333333333337
0.2702702702702703
0.13793103448275865
0.0
0.1935483870967742
0.06896551724137932
0.20689655172413793
0.21621621621621623
0.26666666666666666
0.2682926829268293
0.24242424242424243
0.11764705882352941
0.0625
0.16666666666666666
0.17543859649122806
0.10810810810810811
0.1111111111111111
0.25806451612903225
0.125
0.0625
0.11428571428571428
0.058823529411764705
0.12121212121212122
0.08571428571428573
0.1875
0.06666666666666667
0.4
0.06451612903225806
0.2758620689655173
0.1875
0.12121212121212122
0.24242424242424243
0.048780487804878044
0.2758620689655173
0.3773584905660378
0.16326530612244897
0.125
0.25
0.16666666666666666
0.10256410256410256
0.29411764705882354
0.26666666666666666
0.5405405405405406
0.2222222222222222
0.125
0.06896551724137932
0.18181818181818182
0.24242424242424243
0.06666666666666667
0.26666666666666666
0.28571428571428564
0.3333333333333333
0.05555555555555555
0.06666666666666667
0.3125
0.12903225806451613
0.16666666666666666
0.19999999999999998
0.13793103448275865
0.2758620689655173
0.05405405405405406
0.06451612903225806
0.17391304347826086
0.34146341463414637
0.22857142857142856
0.11940298507462685
0.06896551724137932
0.26666666666666666
0.31707317073170727
0.13333333333333333
0.23529411764705882
0.16216216216216217
0.3225806451612903
0.17391304347826086
0.125
0.1111111111111111
0.2222222222222222
0.15789473684210525
0.056338028169014086
0.1132075471698113
0.2758620689655173
0.10344827586206896
0.43750000000000006
0.0
0.3225806451612903
0.05555555555555555
0.2631578947368421
0.16216216216216217
0.2380952380952381
0.17142857142857143
0.1183431952662722
0.10810810810810811
0.4
0.3125
0.25806451612903225
0.3125
0.1702127659574468
0.32432432432432434
0.25806451612903225
0.08163265306122448
0.3225806451612903
0.28571428571428575
0.17777777777777778
0.0625
0.10526315789473685
0.38095238095238093
0.15384615384615383
0.2758620689655173
0.33333333333333337
0.1875
0.13793103448275865
0.3529411764705882
0.11428571428571428
0.12903225806451613
0.09836065573770492
0.3225806451612903
0.1764705882352941
0.06060606060606061
0.24242424242424243
0.26229508196721313
0.2758620689655173
0.39024390243902435
0.18181818181818182
0.25806451612903225
0.1481481481481481
0.04
0.25806451612903225
0.37209302325581395
0.13333333333333333
0.2571428571428571
0.10810810810810811
0.10126582278481013
0.2727272727272727
0.13333333333333333
0.2702702702702703
0.24657534246575344
0.13333333333333333
0.3829787234042554
0.2702702702702703
0.26666666666666666
0.1764705882352941
0.3692307692307692
0.18181818181818182
0.18604651162790697
0.3
0.1886792452830189
0.29411764705882354
0.06060606060606061
0.19607843137254902
0.1111111111111111
0.0784313725490196
0.2692307692307692
0.1111111111111111
0.25806451612903225
0.6666666666666666
0.1935483870967742
0.09756097560975609
0.24242424242424243
0.125
0.1095890410958904
0.12903225806451613
0.22727272727272727
0.12903225806451613
0.20689655172413793
0.1764705882352941
0.41025641025641024
0.052631578947368425
0.2916666666666667
0.3529411764705882
0.19999999999999998
0.1875
0.06060606060606061
0.4615384615384615
0.0
0.4444444444444444
0.33333333333333337
0.5294117647058824
0.19512195121951217
0.13333333333333333
0.11428571428571428
0.0
0.18181818181818182
0.12903225806451613
0.33333333333333337
0.09523809523809526
0.12903225806451613
0.09195402298850575
0.20512820512820512
0.13333333333333333
0.2051282051282051
0.3783783783783784
0.1
0.1935483870967742
0.19999999999999998
0.1875
0.1846153846153846
0.25806451612903225
0.19999999999999998
0.33333333333333337
0.14492753623188406
0.24242424242424243
0.2631578947368421
0.1935483870967742
0.38095238095238104
0.3125
0.09756097560975609
0.06060606060606061
0.0
0.10810810810810811
0.30303030303030304
0.10526315789473685
0.2758620689655173
0.2777777777777778
0.13333333333333333
0.19999999999999998
0.2222222222222222
0.2926829268292683
0.19999999999999998
0.0
0.19999999999999998
0.45714285714285713
0.15384615384615383
0.3529411764705882
0.05714285714285714
0.06666666666666667
0.375
0.0
0.26666666666666666
0.5263157894736842
0.10526315789473685
0.06896551724137932
0.48484848484848486
0.3846153846153846
0.21621621621621623
0.18181818181818182
0.06666666666666667
0.1935483870967742
0.1
0.19999999999999998
0.06666666666666667
0.2898550724637681
0.12903225806451613
0.1764705882352941
0.12121212121212122
0.3157894736842105
0.20689655172413793
0.36363636363636365
0.06451612903225806
0.25
0.12121212121212122
0.10256410256410256
0.34615384615384615
0.24242424242424243
0.06451612903225806
0.25
0.25
0.11428571428571428
0.1935483870967742
0.12903225806451613
0.25
0.3870967741935484
0.09756097560975609
0.3870967741935484
0.19999999999999998
0.12903225806451613
0.125
0.33333333333333337
0.0
0.29411764705882354
0.17142857142857143
0.202020202020202
0.19999999999999998
0.23529411764705882
0.25806451612903225
0.13333333333333333
0.125
0.30303030303030304
0.3448275862068965
0.10810810810810811
0.19999999999999998
0.1935483870967742
0.13333333333333333
0.28
0.046511627906976744
0.058823529411764705
0.0425531914893617
0.25806451612903225
0.1935483870967742
0.1111111111111111
0.17142857142857143
0.43750000000000006
0.0
0.2105263157894737
0.20689655172413793
0.33333333333333337
0.10526315789473685
0.28571428571428564
0.35000000000000003
0.125
0.16666666666666666
0.3333333333333333
0.47058823529411764
0.125
0.1935483870967742
0.12903225806451613
0.19999999999999998
0.23529411764705882
0.06666666666666667
0.3870967741935484
0.0
0.2553191489361702
0.24242424242424243
0.12903225806451613
0.25
0.15384615384615383
0.375
0.43478260869565216
0.30303030303030304
0.34285714285714286
0.12903225806451613
0.11764705882352941
0.13333333333333333
0.06451612903225806
0.3529411764705882
0.27906976744186046
0.06896551724137932
0.0
0.1935483870967742
0.24489795918367346
0.19999999999999998
0.05405405405405406
0.36363636363636365
0.2702702702702703
0.12903225806451613
0.23529411764705882
0.5294117647058824
0.19999999999999998
0.375
0.0
0.2641509433962264
0.0967741935483871
0.2222222222222222
0.30303030303030304
0.05714285714285714
0.26666666666666666
0.24
0.24615384615384614
0.125
0.24242424242424243
0.0909090909090909
0.13793103448275865
0.5945945945945945
0.0
0.3214285714285714
0.05714285714285714
0.25806451612903225
0.23728813559322035
0.1
0.1923076923076923
0.19512195121951217
0.17391304347826086
0.3673469387755102
0.3684210526315789
0.46511627906976744
0.1935483870967742
0.09523809523809523
0.3181818181818182
0.13793103448275865
0.07142857142857142
0.43902439024390244
0.20689655172413793
0.47058823529411764
0.18604651162790697
0.33333333333333337
0.23255813953488372
0.13793103448275865
0.18181818181818182
0.26666666666666666
0.30303030303030304
0.4
0.20833333333333331
0.21621621621621617
0.2727272727272727
0.20408163265306126
0.6222222222222222
0.18181818181818182
0.10810810810810809
0.13793103448275865
0.3684210526315789
0.32653061224489793
0.3137254901960784
0.33333333333333337
0.17142857142857143
0.3225806451612903
0.13793103448275865
0.1282051282051282
0.4
0.13793103448275865
0.12903225806451613
0.0625
0.36363636363636365
0.26666666666666666
0.19512195121951217
0.21276595744680854
0.3125
0.17142857142857143
0.2222222222222222
0.06666666666666667
0.125
0.13333333333333333
0.12121212121212122
0.30303030303030304
0.48484848484848486
0.3225806451612903
0.12
0.25806451612903225
0.3157894736842105
0.12903225806451613
0.125
0.25641025641025644
0.20689655172413793
0.0625
0.18181818181818182
0.13333333333333333
0.43902439024390244
0.4782608695652174
0.32432432432432434
0.358974358974359
0.0
0.13953488372093023
0.20689655172413793
0.24242424242424243
0.0
0.1818181818181818
0.0625
0.22222222222222224
0.13333333333333333
0.18181818181818182
0.48484848484848486
0.4615384615384615
0.42424242424242425
0.0
0.1
0.0
0.24242424242424243
0.2222222222222222
0.12903225806451613
0.3870967741935484
0.22727272727272727
0.26666666666666666
0.16216216216216217
0.375
0.1935483870967742
0.14634146341463414
0.42424242424242425
0.12121212121212122
0.21621621621621623
0.14035087719298245
0.1111111111111111
0.08
0.058823529411764705
0.43243243243243246
0.20689655172413793
0.24242424242424243
0.22857142857142856
0.25806451612903225
0.24
0.07058823529411766
0.375
0.2758620689655173
0.3829787234042554
0.13333333333333333
0.058823529411764705
0.25806451612903225
0.24999999999999994
0.12903225806451613
0.09302325581395349
0.2857142857142857
0.41025641025641024
0.1875
0.125
0.13333333333333333
0.17142857142857143
0.1935483870967742
0.3508771929824561
0.1132075471698113
0.20689655172413793
0.03571428571428571
0.2727272727272727
0.48484848484848486
0.33898305084745767
0.06451612903225806
0.12244897959183673
0.1764705882352941
0.2
0.06896551724137932
0.13333333333333333
0.25806451612903225
0.22857142857142856
0.32
0.6111111111111112
0.43902439024390244
0.36363636363636365
0.26666666666666666
0.34146341463414637
0.27906976744186046
0.12121212121212122
0.3225806451612903
0.23255813953488372
0.21428571428571427
0.2926829268292683
0.13333333333333333
0.1875
0.26666666666666666
0.0625
0.0
0.13333333333333333
0.4
0.28571428571428564
0.09523809523809526
0.18181818181818182
0.30303030303030304
0.1875
0.1473684210526316
0.37209302325581395
0.12903225806451613
0.07317073170731707
0.30303030303030304
0.12903225806451613
0.2702702702702703
0.3529411764705882
0.30769230769230765
0.06451612903225806
0.18556701030927836
0.19999999999999998
0.45714285714285713
0.3333333333333333
0.0
0.22857142857142856
0.375
0.06896551724137932
0.1111111111111111
0.42424242424242425
0.34146341463414637
0.2692307692307692
0.12121212121212122
0.1935483870967742
0.1818181818181818
0.13793103448275865
0.2641509433962264
0.3225806451612903
0.05128205128205128
0.2702702702702703
0.19999999999999998
0.0
0.18181818181818182
0.19999999999999998
0.3225806451612903
0.3225806451612903
0.3684210526315789
0.19999999999999998
0.13333333333333333
0.3125
0.12903225806451613
0.1935483870967742
0.21621621621621623
0.05714285714285714
0.11764705882352941
0.19999999999999998
0.3157894736842105
0.2758620689655173
0.33333333333333337
0.5555555555555556
0.1935483870967742
0.21276595744680854
0.2608695652173913
0.24242424242424243
0.1935483870967742
0.1875
0.19999999999999998
0.16666666666666666
0.11764705882352941
0.25806451612903225
0.48888888888888893
0.12
0.41025641025641024
0.29411764705882354
0.391304347826087
0.35000000000000003
0.3103448275862069
0.1935483870967742
0.15384615384615383
0.17142857142857143
0.1875
0.0625
0.12903225806451613
0.125
0.19999999999999998
0.13043478260869565
0.19999999999999998
0.1875
0.14634146341463414
0.358974358974359
0.20338983050847456
0.3125
0.2105263157894737
0.0625
0.13793103448275865
0.2
0.05714285714285714
0.25
0.12307692307692307
0.3333333333333333
0.30188679245283023
0.25806451612903225
0.19999999999999998
0.6486486486486487
0.25
0.13793103448275865
0.43243243243243246
0.3333333333333333
0.125
0.1875
0.08888888888888889
0.06451612903225806
0.18181818181818182
0.06451612903225806
0.3333333333333333
0.13793103448275865
0.19999999999999998
0.1935483870967742
0.28571428571428575
0.26666666666666666
0.1935483870967742
0.22857142857142856
0.3529411764705882
0.3333333333333333
0.19999999999999998
0.29411764705882354
0.15384615384615383
0.07692307692307691
0.3783783783783784
0.33333333333333337
0.13793103448275865
0.1935483870967742
0.1875
0.26666666666666666
0.13333333333333333
0.09302325581395349
0.15
0.20689655172413793
0.13186813186813184
0.08695652173913043
0.11538461538461538
0.23529411764705882
0.26666666666666666
0.26666666666666666
0.32432432432432434
0.06666666666666667
0.06060606060606061
0.2222222222222222
0.1935483870967742
0.26666666666666666
0.2777777777777778
0.0
0.30303030303030304
0.4117647058823529
0.11428571428571428
0.26666666666666666
0.13793103448275865
0.43243243243243246
0.3888888888888889
0.20512820512820512
0.12903225806451613
0.28571428571428564
0.20689655172413793
0.12903225806451613
0.3870967741935484
0.3333333333333333
0.2222222222222222
0.10344827586206896
0.4444444444444444
0.19999999999999998
0.24242424242424243
0.2105263157894737
0.13333333333333333
0.32432432432432434
0.20689655172413793
0.1875
0.1111111111111111
0.25806451612903225
0.34146341463414637
0.125
0.30303030303030304
0.1846153846153846
0.33333333333333337
0.125
0.1818181818181818
0.29411764705882354
0.0625
0.20689655172413793
0.12121212121212122
0.0625
0.1886792452830189
0.2758620689655173
0.052631578947368425
0.19999999999999998
0.25
0.16666666666666666
0.12903225806451613
0.19999999999999998
0.26666666666666666
0.33333333333333337
0.3137254901960784
0.34285714285714286
0.13084112149532712
0.3448275862068965
0.28
0.5128205128205129
0.4444444444444444
0.19999999999999998
0.26666666666666666
0.125
0.15789473684210525
0.20689655172413793
0.1875
0.5142857142857143
0.4117647058823529
0.14084507042253522
0.375
0.11111111111111112
0.21621621621621623
0.12121212121212122
0.06896551724137932
0.30434782608695654
0.33333333333333337
0.3225806451612903
0.0
0.3333333333333333
0.10526315789473685
0.0
0.13559322033898305
0.16666666666666666
0.10714285714285714
0.2222222222222222
0.0
0.06666666666666667
0.20512820512820512
0.06666666666666667
0.19999999999999998
0.052631578947368425
0.10526315789473685
0.3636363636363636
0.13793103448275865
0.43750000000000006
0.12195121951219512
0.0909090909090909
0.2758620689655173
0.25
0.2631578947368421
0.2058823529411765
0.13333333333333333
0.20512820512820512
0.023809523809523808
0.11428571428571428
0.06060606060606061
0.2318840579710145
0.13953488372093023
0.13793103448275865
0.12121212121212122
0.20512820512820512
0.30303030303030304
0.0
0.23333333333333334
0.03508771929824561
0.0625
0.26666666666666666
0.2777777777777778
0.33333333333333337
0.19047619047619052
0.1935483870967742
0.41025641025641024
0.33333333333333337
0.10526315789473685
0.25806451612903225
0.3225806451612903
0.14492753623188406
0.23529411764705882
0.043478260869565216
0.15625
0.16
0.21621621621621623
0.13333333333333333
0.3870967741935484
0.25806451612903225
0.26666666666666666
0.24242424242424243
0.0
0.13793103448275865
0.13333333333333333
0.2758620689655173
0.22857142857142856
0.21276595744680854
0.1875
0.1935483870967742
0.2777777777777778
0.14634146341463414
0.2380952380952381
0.33333333333333337
0.2105263157894737
0.2926829268292683
0.20512820512820512
0.10810810810810811
0.0
0.4000000000000001
0.16666666666666666
0.4117647058823529
0.06666666666666667
0.22857142857142856
0.06666666666666667
0.06896551724137932
0.6111111111111112
0.1132075471698113
0.14634146341463414
0.34375
0.15789473684210525
0.26666666666666666
0.09523809523809526
0.15
0.1764705882352941
0.21052631578947367
0.3181818181818182
0.25
0.0
0.1
0.16666666666666666
0.26666666666666666
0.06451612903225806
0.17543859649122806
0.13793103448275865
0.20512820512820512
0.28571428571428564
0.06060606060606061
0.30303030303030304
0.34285714285714286
0.11538461538461538
0.1875
0.28571428571428575
0.19999999999999998
0.11428571428571428
0.17142857142857143
0.19999999999999998
0.13793103448275865
0.1875
0.13333333333333333
0.4444444444444444
0.13333333333333333
0.34146341463414637
0.25
0.3783783783783784
0.391304347826087
0.13333333333333333
0.12244897959183673
0.4210526315789474
0.16949152542372883
0.12121212121212122
0.2758620689655173
0.3870967741935484
0.25
0.30769230769230765
0.28571428571428575
0.358974358974359
0.5641025641025641
0.058823529411764705
0.06666666666666667
0.2702702702702703
0.21276595744680854
0.1875
0.12903225806451613
0.26666666666666666
0.43902439024390244
0.33333333333333337
0.11764705882352941
0.48648648648648657
0.0
0.06666666666666667
0.3888888888888889
0.25
0.24242424242424243
0.20689655172413793
0.26666666666666666
0.30769230769230765
0.0
0.5531914893617023
0.2
0.06666666666666667
0.41025641025641024
0.12903225806451613
0.46808510638297873
0.05714285714285714
0.11764705882352941
0.27906976744186046
0.21428571428571427
0.34285714285714286
0.06666666666666667
0.06451612903225806
0.15
0.33333333333333337
0.2553191489361702
0.32558139534883723
0.2777777777777778
0.125
0.17142857142857143
0.11250000000000002
0.13333333333333333
0.3125
0.25
0.1276595744680851
0.36363636363636365
0.1935483870967742
0.3225806451612903
0.0
0.14285714285714282
0.2777777777777778
0.24242424242424243
0.3225806451612903
0.33333333333333337
0.2631578947368421
0.25806451612903225
0.19999999999999998
0.15789473684210525
0.19999999999999998
0.12987012987012989
0.05
0.1764705882352941
0.358974358974359
0.25806451612903225
0.125
0.48648648648648657
0.2702702702702703
0.05714285714285714
0.21276595744680854
0.0
0.19999999999999998
0.13793103448275865
0.1764705882352941
0.42857142857142855
0.2758620689655173
0.3870967741935484
0.18181818181818182
0.18181818181818182
0.2777777777777778
0.15789473684210525
0.06451612903225806
0.5
0.058823529411764705
0.19999999999999998
0.1875
0.24390243902439027
0.13793103448275865
0.3333333333333333
0.13333333333333333
0.08695652173913043
0.08888888888888889
0.35000000000000003
0.1935483870967742
0.11764705882352941
0.06896551724137932
0.0625
0.3
0.058823529411764705
0.32432432432432434
0.06451612903225806
0.19999999999999998
0.06896551724137932
0.17142857142857143
0.06060606060606061
0.24999999999999994
0.25
0.20408163265306126
0.3684210526315789
0.2380952380952381
0.25
0.26666666666666666
0.2692307692307692
0.42424242424242425
0.3
0.12121212121212122
0.1764705882352941
0.33333333333333337
0.1568627450980392
0.28571428571428564
0.2777777777777778
0.1764705882352941
0.1886792452830189
0.12903225806451613
0.0
0.06896551724137932
0.125
0.19999999999999998
0.10526315789473685
0.22857142857142856
0.5
0.0
0.25641025641025644
0.2105263157894737
0.058823529411764705
0.12121212121212122
0.25
0.28571428571428575
0.17142857142857143
0.24242424242424243
0.25806451612903225
0.125
0.15625
0.43333333333333335
0.3529411764705882
0.125
0.20689655172413793
0.12903225806451613
0.32558139534883723
0.24242424242424243
0.06451612903225806
0.058823529411764705
0.12903225806451613
0.06451612903225806
0.21621621621621623
0.0
0.3666666666666667
0.30769230769230765
0.1764705882352941
0.16216216216216217
0.0625
0.25
0.28571428571428564
0.06451612903225806
0.05555555555555555
0.17142857142857143
0.125
0.45
0.18181818181818182
0.19999999999999998
0.38095238095238104
0.25
0.15384615384615385
0.2105263157894737
0.18181818181818182
0.24242424242424243
0.3333333333333333
0.06896551724137932
0.36363636363636365
0.15789473684210525
0.0625
0.16949152542372883
0.20000000000000004
0.4375
0.23255813953488372
0.14634146341463414
0.22857142857142856
0.05128205128205128
0.2758620689655173
0.13793103448275865
0.125
0.48648648648648657
0.18181818181818182
0.05714285714285714
0.12903225806451613
0.19999999999999998
0.06451612903225806
0.2105263157894737
0.3225806451612903
0.11428571428571428
0.07547169811320756
0.20512820512820512
0.09999999999999999
0.1935483870967742
0.1935483870967742
0.10256410256410256
0.3636363636363636
0.28571428571428575
0.26666666666666666
0.2380952380952381
0.05405405405405406
0.0
0.20408163265306126
0.125
0.1111111111111111
0.375
0.13333333333333333
0.19999999999999998
0.18181818181818182
0.2702702702702703
0.13333333333333333
0.06666666666666667
0.2264150943396226
0.13793103448275865
0.21621621621621623
0.13333333333333333
0.12121212121212122
0.14814814814814817
0.0
0.36363636363636365
0.25925925925925924
0.3888888888888889
0.052631578947368425
0.125
0.3125
0.06451612903225806
0.23529411764705882
0.1935483870967742
0.13333333333333333
0.13793103448275865
0.25806451612903225
0.1875
0.4
0.19047619047619047
0.22857142857142856
0.25
0.08888888888888889
0.1111111111111111
0.16216216216216217
0.20689655172413793
0.1764705882352941
0.24242424242424243
0.23529411764705882
0.11428571428571428
0.125
0.16666666666666666
0.2972972972972973
0.45714285714285713
0.06666666666666667
0.33333333333333337
0.06451612903225806
0.16
0.4
0.0
0.273972602739726
0.2222222222222222
0.13793103448275865
0.046511627906976744
0.125
0.20408163265306126
0.28571428571428575
0.20833333333333331
0.13793103448275865
0.20512820512820512
0.16216216216216217
0.5217391304347826
0.06896551724137932
0.20833333333333331
0.1764705882352941
0.3333333333333333
0.25
0.06666666666666667
0.1764705882352941
0.12121212121212122
0.12121212121212122
0.25
0.12903225806451613
0.13333333333333333
0.05555555555555555
0.5333333333333332
0.14634146341463414
0.06896551724137932
0.34285714285714286
0.1
0.0
0.06451612903225806
0.2758620689655173
0.0
0.1111111111111111
0.3529411764705882
0.19999999999999998
0.0625
0.1276595744680851
0.5945945945945945
0.2631578947368421
0.125
0.43243243243243246
0.1935483870967742
0.04968944099378882
0.26666666666666666
0.48648648648648657
0.06666666666666667
0.06666666666666667
0.3225806451612903
0.058823529411764705
0.22857142857142856
0.2926829268292683
0.125
0.33333333333333337
0.30303030303030304
0.35294117647058826
0.2608695652173913
0.1935483870967742
0.18604651162790697
0.14285714285714282
0.1702127659574468
0.47368421052631576
0.06896551724137932
0.2666666666666666
0.3508771929824561
0.125
0.19999999999999998
0.3225806451612903
0.24242424242424243
0.13793103448275865
0.0
0.35000000000000003
0.1111111111111111
0.26666666666666666
0.08888888888888889
0.2777777777777778
0.20000000000000004
0.1
0.12121212121212122
0.11764705882352941
0.29411764705882354
0.0
0.2
0.1764705882352941
0.0
0.12121212121212122
0.1935483870967742
0.1
0.2222222222222222
0.0
0.33333333333333337
0.19999999999999998
0.29411764705882354
0.13333333333333333
0.24242424242424243
0.06451612903225806
0.23529411764705882
0.1333333333333333
0.15
0.26666666666666666
0.33333333333333337
0.36
0.24242424242424243
0.3
0.5128205128205129
0.12903225806451613
0.09302325581395349
0.25806451612903225
0.3225806451612903
0.25
0.11428571428571428
0.21621621621621623
0.11764705882352941
0.13793103448275865
0.06896551724137932
0.12903225806451613
0.28571428571428564
0.13793103448275865
0.1590909090909091
0.17391304347826086
0.1875
0.23529411764705882
0.15094339622641512
0.1935483870967742
0.2380952380952381
0.06666666666666667
0.06451612903225806
0.06060606060606061
0.26666666666666666
0.0784313725490196
0.1842105263157895
0.0
0.0
0.358974358974359
0.3548387096774193
0.1875
0.25
0.13793103448275865
0.2631578947368421
0.06896551724137932
0.24
0.05
0.2758620689655173
0.058823529411764705
0.34146341463414637
0.06666666666666667
0.3684210526315789
0.1935483870967742
0.39024390243902435
0.041666666666666664
0.3448275862068965
0.06060606060606061
0.47058823529411764
0.075
0.20689655172413793
0.34285714285714286
0.3125
0.3225806451612903
0.25806451612903225
0.2857142857142857
0.2380952380952381
0.23529411764705882
0.2807017543859649
0.26666666666666666
0.4313725490196078
0.2777777777777778
0.36363636363636365
0.1764705882352941
0.19999999999999998
0.33333333333333337
0.21951219512195122
0.26666666666666666
0.0
0.22580645161290325
0.1875
0.25
0.4
0.17142857142857143
0.4
0.4
0.19999999999999998
0.33333333333333337
0.34146341463414637
0.12121212121212122
0.3125
0.06060606060606061
0.30303030303030304
0.35000000000000003
0.13333333333333333
0.23529411764705882
0.2077922077922078
0.0625
0.20689655172413793
0.1764705882352941
0.25806451612903225
0.19999999999999998
0.23999999999999996
0.1935483870967742
0.42424242424242425
0.13333333333333333
0.10638297872340427
0.1875
0.2
0.1875
0.27450980392156865
0.32432432432432434
0.25641025641025644
0.25641025641025644
0.34920634920634924
0.26666666666666666
0.0
0.125
0.5142857142857143
0.13333333333333333
0.26666666666666666
0.12903225806451613
0.1111111111111111
0.2105263157894737
0.1875
0.2631578947368421
0.12903225806451613
0.26666666666666666
0.0
0.1875
0.47058823529411764
0.24242424242424243
0.19999999999999998
0.5405405405405406
0.1473684210526316
0.19999999999999998
0.15789473684210525
0.5555555555555556
0.1764705882352941
0.1935483870967742
0.052631578947368425
0.13333333333333333
0.10714285714285714
0.36363636363636365
0.12121212121212122
0.0625
0.05
0.0625
0.30303030303030304
0.2702702702702703
0.06451612903225806
0.19047619047619052
0.13793103448275865
0.48780487804878053
0.1875
0.19999999999999998
0.14285714285714282
0.13793103448275865
0.26666666666666666
0.3404255319148936
0.25
0.15384615384615383
0.20689655172413793
0.26666666666666666
0.16666666666666666
0.24242424242424243
0.3125
0.13333333333333333
0.0
0.13333333333333333
0.3125
0.17142857142857143
0.05405405405405406
0.13793103448275865
0.0
0.1764705882352941
0.1875
0.28
0.32653061224489793
0.2380952380952381
0.05333333333333334
0.3225806451612903
0.30769230769230765
0.0
0.05714285714285714
0.2380952380952381
0.4
0.3225806451612903
0.13043478260869565
0.33333333333333337
0.125
0.4761904761904762
0.45714285714285713
0.49056603773584906
0.12903225806451613
0.19999999999999998
0.24242424242424243
0.23529411764705882
0.13793103448275865
0.11428571428571428
0.25
0.18181818181818182
0.30303030303030304
0.6666666666666666
0.3928571428571428
0.06451612903225806
0.06896551724137932
0.0625
0.12903225806451613
0.25
0.29411764705882354
0.3703703703703704
0.15584415584415584
0.05714285714285715
0.11428571428571428
0.33333333333333337
0.05555555555555555
0.1935483870967742
0.43902439024390244
0.13333333333333333
0.18181818181818182
0.0625
0.4
0.2758620689655172
0.13333333333333333
0.06666666666666667
0.12121212121212122
0.20689655172413793
0.17543859649122806
0.36363636363636365
0.06666666666666667
0.17142857142857143
0.24390243902439027
0.12903225806451613
0.13636363636363635
0.1111111111111111
0.16326530612244897
0.0
0.1875
0.0625
0.13793103448275865
0.25641025641025644
0.2337662337662338
0.11627906976744187
0.20689655172413793
0.28571428571428575
0.42424242424242425
0.2758620689655173
0.4117647058823529
0.19999999999999998
0.05714285714285714
0.15584415584415584
0.0
0.3225806451612903
0.2758620689655173
0.20512820512820512
0.19999999999999998
0.1818181818181818
0.1764705882352941
0.41025641025641024
0.26666666666666666
0.06896551724137932
0.25806451612903225
0.4
0.42424242424242425
0.3404255319148936
0.20689655172413793
0.1935483870967742
0.2222222222222222
0.3157894736842105
0.13793103448275865
0.3157894736842105
0.125
0.43902439024390244
0.2777777777777778
0.1935483870967742
0.19999999999999998
0.06666666666666667
0.12903225806451613
0.3225806451612903
0.11764705882352941
0.26666666666666666
0.10526315789473685
0.29411764705882354
0.2
0.30508474576271183
0.2222222222222222
0.15789473684210525
0.25806451612903225
0.1090909090909091
0.23529411764705882
0.06060606060606061
0.25
0.1132075471698113
0.1875
0.36363636363636365
0.25641025641025644
0.12121212121212122
0.0
0.0
0.12903225806451613
0.13793103448275865
0.06666666666666667
0.26666666666666666
0.29411764705882354
0.2105263157894737
0.06451612903225806
0.06666666666666667
0.15
0.4583333333333333
0.125
0.1875
0.22727272727272727
0.48484848484848486
0.125
0.05128205128205128
0.15
0.43243243243243246
0.13043478260869565
0.28571428571428575
0.1935483870967742
0.22857142857142856
0.19999999999999998
0.2727272727272727
0.19999999999999998
0.26666666666666666
0.26666666666666666
0.043478260869565216
0.3125
0.1764705882352941
0.06896551724137932
0.5
0.1875
0.2758620689655173
0.2553191489361702
0.20689655172413793
0.14285714285714282
0.08333333333333333
0.16
0.32558139534883723
0.19999999999999998
0.28571428571428564
0.12903225806451613
0.11764705882352941
0.24242424242424243
0.13333333333333333
0.21621621621621623
0.5
0.19999999999999998
0.12903225806451613
0.052631578947368425
0.0
0.3157894736842105
0.10256410256410256
0.12903225806451613
0.0625
0.15789473684210525
0.20689655172413793
0.2758620689655173
0.125
0.13793103448275865
0.1875
0.25806451612903225
0.07462686567164178
0.3111111111111111
0.18181818181818182
0.30303030303030304
0.10256410256410256
0.2105263157894737
0.5217391304347826
0.20512820512820512
0.29411764705882354
0.25
0.125
0.26666666666666666
0.13636363636363635
0.1875
0.30303030303030304
0.125
0.06451612903225806
0.1764705882352941
0.14634146341463414
0.30303030303030304
0.25
0.08823529411764704
0.101010101010101
0.3225806451612903
0.2777777777777778
0.20512820512820512
0.30303030303030304
0.19999999999999998
0.27906976744186046
0.21739130434782608
0.29411764705882354
0.13333333333333333
0.2758620689655173
0.3529411764705882
0.12903225806451613
0.25
0.1764705882352941
0.06451612903225806
0.26666666666666666
0.1276595744680851
0.06060606060606061
0.06666666666666667
0.29787234042553196
0.0
0.25
0.26666666666666666
0.3870967741935484
0.25
0.09756097560975609
0.12903225806451613
0.1764705882352941
0.13793103448275865
0.16666666666666666
0.2758620689655173
0.2105263157894737
0.12903225806451613
0.13084112149532712
0.34146341463414637
0.3225806451612903
0.5365853658536586
0.1333333333333333
0.0
0.3333333333333333
0.20689655172413793
0.21052631578947367
0.43750000000000006
0.4117647058823529
0.2758620689655173
0.4444444444444445
0.16666666666666666
0.19999999999999998
0.12903225806451613
0.06060606060606061
0.26666666666666666
0.3076923076923077
0.43243243243243246
0.20408163265306126
0.24242424242424243
0.35555555555555557
0.19607843137254902
0.1935483870967742
0.1935483870967742
0.06666666666666667
0.06060606060606061
0.19512195121951217
0.3333333333333333
0.20000000000000004
0.20512820512820512
0.13333333333333333
0.3125
0.19047619047619047
0.3225806451612903
0.32
0.0
0.3225806451612903
0.19999999999999998
0.24242424242424243
0.25806451612903225
0.125
0.17142857142857143
0.36363636363636365
0.0
0.06666666666666667
0.12903225806451613
0.4615384615384615
0.21276595744680854
0.19999999999999998
0.0
0.17142857142857143
0.12121212121212122
0.3225806451612903
0.3142857142857143
0.3333333333333333
0.26666666666666666
0.22857142857142856
0.0
0.25
0.10810810810810811
0.3157894736842105
0.0
0.2028985507246377
0.26666666666666666
0.06666666666666667
0.20689655172413793
0.3125
0.42424242424242425
0.2727272727272727
0.24242424242424243
0.10810810810810811
0.2758620689655173
0.12903225806451613
0.05714285714285714
0.30434782608695654
0.11764705882352941
0.06666666666666667
0.19512195121951217
0.28169014084507044
0.47058823529411764
0.1935483870967742
0.12121212121212122
0.4117647058823529
0.13333333333333333
0.058823529411764705
0.23529411764705882
0.13333333333333333
0.058823529411764705
0.06451612903225806
0.20689655172413793
0.25806451612903225
0.2553191489361702
0.0784313725490196
0.20689655172413793
0.5581395348837209
0.06896551724137932
0.12903225806451613
0.2777777777777778
0.11904761904761904
0.32432432432432434
0.25806451612903225
0.16216216216216217
0.4
0.13333333333333333
0.25
0.5
0.1818181818181818
0.09523809523809526
0.1935483870967742
0.1764705882352941
0.19999999999999998
0.13333333333333333
0.16666666666666666
0.21621621621621623
0.38095238095238104
0.10256410256410256
0.47368421052631576
0.125
0.13793103448275865
0.12903225806451613
0.2105263157894737
0.0
0.06666666666666667
0.25925925925925924
0.25806451612903225
0.2758620689655173
0.26666666666666666
0.2222222222222222
0.37499999999999994
0.3
0.3529411764705882
0.14634146341463414
0.12903225806451613
0.35294117647058815
0.3783783783783784
0.0909090909090909
0.058823529411764705
0.05128205128205128
0.17142857142857143
0.22857142857142856
0.13333333333333333
0.16666666666666666
0.35000000000000003
0.19999999999999998
0.23529411764705882
0.33333333333333337
0.1764705882352941
0.3225806451612903
0.13793103448275865
0.4583333333333333
0.5416666666666667
0.2758620689655173
0.3225806451612903
0.19999999999999998
0.12903225806451613
0.13333333333333333
0.1568627450980392
0.06451612903225806
0.32653061224489793
0.25
0.05714285714285714
0.1935483870967742
0.25806451612903225
0.1875
0.3333333333333333
0.17777777777777778
0.16666666666666666
0.4117647058823529
0.33333333333333337
0.43750000000000006
0.25
0.11764705882352941
0.2666666666666666
0.16666666666666666
0.21621621621621623
0.4117647058823529
0.2222222222222222
0.2857142857142857
0.06666666666666667
0.06896551724137932
0.23529411764705882
0.09302325581395349
0.3870967741935484
0.1935483870967742
0.12903225806451613
0.1111111111111111
0.3157894736842105
0.125
0.5
0.0625
0.42857142857142855
0.23529411764705882
0.1935483870967742
0.11764705882352941
0.25806451612903225
0.1764705882352941
0.30303030303030304
0.26666666666666666
0.06666666666666667
0.38095238095238104
0.2608695652173913
0.19999999999999998
0.06060606060606061
0.23728813559322035
0.14634146341463414
0.05555555555555555
0.26666666666666666
0.13333333333333333
0.47058823529411764
0.12903225806451613
0.0
0.11764705882352941
0.27906976744186046
0.13333333333333333
0.05714285714285714
0.06896551724137932
0.25
0.20512820512820512
0.06666666666666667
0.13333333333333333
0.21052631578947367
0.45714285714285713
0.3225806451612903
0.13333333333333333
0.25
0.2777777777777778
0.3870967741935484
0.058823529411764705
0.3283582089552239
0.2758620689655173
0.06451612903225806
0.19999999999999998
0.11428571428571428
0.3157894736842105
0.06451612903225806
0.3529411764705882
0.22222222222222224
0.06666666666666667
0.058823529411764705
0.25806451612903225
0.13793103448275865
0.3684210526315789
0.20408163265306126
0.0
0.0
0.07407407407407408
0.06896551724137932
0.13793103448275865
0.13114754098360656
0.24242424242424243
0.25
0.06666666666666667
0.2264150943396226
0.17777777777777778
0.18181818181818182
0.2222222222222222
0.08695652173913043
0.42857142857142855
0.29411764705882354
0.0
0.4
0.22857142857142856
0.30434782608695654
0.13793103448275865
0.5853658536585366
0.09523809523809526
0.16842105263157897
0.12121212121212122
0.12244897959183673
0.2777777777777778
0.2631578947368421
0.36363636363636365
0.19512195121951217
0.12903225806451613
0.11428571428571428
0.33333333333333337
0.15789473684210525
0.06666666666666667
0.25806451612903225
0.3684210526315789
0.33333333333333337
0.06666666666666667
0.0625
0.16494845360824742
0.4761904761904762
0.12121212121212122
0.25
0.29787234042553196
0.19999999999999998
0.24390243902439027
0.2
0.1
0.13333333333333333
0.05405405405405406
0.05555555555555555
0.35000000000000003
0.06451612903225806
0.2105263157894737
0.06666666666666667
0.2758620689655173
0.4117647058823529
0.25641025641025644
0.2105263157894737
0.0
0.058823529411764705
0.47368421052631576
0.48484848484848486
0.12121212121212122
0.0625
0.12903225806451613
0.13333333333333333
0.33333333333333337
0.2758620689655173
0.2380952380952381
0.19999999999999998
0.06451612903225806
0.3333333333333333
0.3870967741935484
0.24242424242424243
0.24489795918367346
0.09756097560975609
0.16129032258064516
0.28571428571428575
0.25
0.18181818181818182
0.0
0.2702702702702703
0.19999999999999998
0.11428571428571428
0.12121212121212122
0.375
0.18604651162790697
0.1818181818181818
0.2631578947368421
0.19999999999999998
0.10810810810810811
0.36363636363636365
0.13333333333333333
0.26666666666666666
0.125
0.06666666666666667
0.16666666666666666
0.16666666666666666
0.28571428571428575
0.11764705882352941
0.06349206349206349
0.1935483870967742
0.4444444444444444
0.3333333333333333
0.26666666666666666
0.14285714285714282
0.11428571428571428
0.35000000000000003
0.3125
0.42424242424242425
0.0
0.18604651162790697
0.4067796610169491
0.56
0.13636363636363635
0.42857142857142855
0.11764705882352941
0.1875
0.2777777777777778
0.1923076923076923
0.0
0.12903225806451613
0.06896551724137932
0.37499999999999994
0.06896551724137932
0.25806451612903225
0.10526315789473685
0.22857142857142856
0.11428571428571428
0.25641025641025644
0.13559322033898305
0.2758620689655173
0.25
0.5217391304347826
0.0909090909090909
0.25
0.19999999999999998
0.4117647058823529
0.5
0.11764705882352941
0.1111111111111111
0.13953488372093023
0.056338028169014086
0.3
0.22857142857142856
0.11111111111111112
0.12903225806451613
0.22857142857142856
0.12903225806451613
0.06666666666666667
0.22857142857142856
0.14634146341463414
0.2758620689655173
0.32432432432432434
0.06896551724137932
0.11428571428571428
0.2758620689655173
0.3225806451612903
0.1935483870967742
0.20000000000000004
0.25
0.1875
0.4444444444444444
0.375
0.06666666666666667
0.42857142857142855
0.17543859649122806
0.06896551724137932
0.20512820512820512
0.13333333333333333
0.125
0.19999999999999998
0.11764705882352941
0.26666666666666666
0.1875
0.27906976744186046
0.23255813953488372
0.1935483870967742
0.05714285714285714
0.16666666666666666
0.125
0.33333333333333337
0.35555555555555557
0.18181818181818182
0.06451612903225806
0.06451612903225806
0.06666666666666667
0.052631578947368425
0.25806451612903225
0.25
0.1935483870967742
0.2758620689655173
0.12903225806451613
0.06451612903225806
0.20512820512820512
0.19999999999999998
0.4444444444444445
0.13333333333333333
0.2758620689655173
0.2758620689655173
0.06451612903225806
0.13793103448275865
0.26666666666666666
0.12121212121212122
0.5128205128205129
0.18181818181818182
0.24242424242424243
0.1764705882352941
0.3225806451612903
0.1568627450980392
0.43243243243243246
0.052631578947368425
0.12121212121212122
0.1875
0.1935483870967742
0.125
0.36363636363636365
0.125
0.4444444444444444
0.30303030303030304
0.05714285714285714
0.22222222222222224
0.2631578947368421
0.39024390243902435
0.13793103448275865
0.13333333333333333
0.1935483870967742
0.22222222222222224
0.24242424242424243
0.13953488372093023
0.1935483870967742
0.0625
0.1764705882352941
0.2702702702702703
0.12903225806451613
0.06666666666666667
0.2727272727272727
0.33898305084745767
0.3125
0.29787234042553196
0.16666666666666666
0.0
0.23529411764705882
0.24242424242424243
0.13793103448275865
0.3111111111111111
0.03773584905660378
0.12903225806451613
0.16666666666666666
0.0
0.11428571428571428
0.11428571428571428
0.16666666666666666
0.30508474576271183
0.4
0.4117647058823529
0.09523809523809526
0.14814814814814817
0.19999999999999998
0.06451612903225806
0.19999999999999998
0.1764705882352941
0.125
0.17777777777777778
0.2702702702702703
0.5217391304347826
0.16666666666666666
0.125
0.06060606060606061
0.33802816901408445
0.12121212121212122
0.4444444444444444
0.2553191489361702
0.1875
0.2
0.25806451612903225
0.19999999999999998
0.0625
0.0
0.30769230769230765
0.33333333333333337
0.2926829268292683
0.2285714285714286
0.25806451612903225
0.45714285714285713
0.24242424242424243
0.2105263157894737
0.375
0.05128205128205128
0.2909090909090909
0.26666666666666666
0.125
0.3529411764705882
0.19999999999999998
0.2
0.20689655172413793
0.06666666666666667
0.4
0.15
0.26666666666666666
0.12903225806451613
0.26666666666666666
0.20689655172413793
0.13333333333333333
0.29411764705882354
0.26666666666666666
0.09756097560975609
0.32558139534883723
0.30303030303030304
0.23529411764705882
0.10810810810810811
0.13333333333333333
0.06896551724137932
0.16216216216216217
0.2777777777777778
0.12903225806451613
0.06666666666666667
0.29411764705882354
0.3225806451612903
0.21428571428571427
0.058823529411764705
0.13333333333333333
0.1797752808988764
0.06666666666666667
0.2222222222222222
0.13333333333333333
0.2380952380952381
0.06666666666666667
0.125
0.125
0.0
0.3529411764705882
0.11428571428571428
0.19999999999999998
0.09756097560975609
0.3225806451612903
0.2758620689655173
0.06451612903225806
0.19999999999999998
0.19999999999999998
0.1935483870967742
0.12903225806451613
0.4117647058823529
0.3125
0.13793103448275865
0.17391304347826086
0.23529411764705882
0.24242424242424243
0.42857142857142855
0.13333333333333333
0.20512820512820512
0.12121212121212122
