0.21428571428571425
0.06666666666666667
0.08000000000000002
0.23076923076923075
0.06896551724137932
0.30769230769230765
0.1142857142857143
0.13793103448275865
0.3846153846153846
0.16000000000000003
0.0779220779220779
0.125
0.2285714285714286
0.35714285714285715
0.15384615384615383
0.0
0.3448275862068966
0.21428571428571425
0.07692307692307691
0.060606060606060615
0.07692307692307691
0.29629629629629634
0.14285714285714288
0.14285714285714288
0.4666666666666667
0.16000000000000003
0.16000000000000003
0.33333333333333337
0.0909090909090909
0.13793103448275865
0.26229508196721313
0.4571428571428572
0.29629629629629634
0.125
0.2758620689655173
0.32000000000000006
0.2926829268292683
0.15384615384615383
0.1818181818181818
0.32
0.2285714285714286
0.3333333333333333
0.16000000000000003
0.2222222222222222
0.17391304347826086
0.08333333333333334
0.24999999999999997
0.48275862068965514
0.0625
0.45161290322580644
0.15384615384615383
0.11111111111111112
0.21428571428571425
0.16000000000000003
0.22727272727272727
0.2
0.24999999999999997
0.08888888888888889
0.32000000000000006
0.06666666666666667
0.24999999999999997
0.030769230769230767
0.26666666666666666
0.07692307692307691
0.2222222222222222
0.21428571428571425
0.08000000000000002
0.24242424242424246
0.11764705882352941
0.13333333333333333
0.14814814814814817
0.0
0.2758620689655173
0.32000000000000006
0.11764705882352941
0.14285714285714288
0.0
0.0
0.3870967741935483
0.30769230769230765
0.19753086419753088
0.24
0.2758620689655173
0.1142857142857143
0.0
0.07142857142857144
0.23076923076923075
0.23076923076923075
0.4
0.14814814814814817
0.24
0.4
0.0
0.16000000000000003
0.13793103448275865
0.27906976744186046
0.08000000000000002
0.18181818181818185
0.24
0.07407407407407408
0.08000000000000002
0.1142857142857143
0.18666666666666665
0.08000000000000002
0.16000000000000003
0.17391304347826086
0.28125000000000006
0.3157894736842105
0.0
0.30769230769230765
0.2758620689655173
0.29629629629629634
0.06451612903225806
0.27027027027027023
0.125
0.1904761904761905
0.12903225806451613
0.08695652173913043
0.2758620689655173
0.21428571428571425
0.24390243902439024
0.16000000000000003
0.29629629629629634
0.0625
0.14285714285714288
0.18181818181818182
0.16000000000000003
0.14814814814814817
0.14285714285714282
0.060606060606060615
0.1764705882352941
0.0625
0.07407407407407408
0.0
0.08333333333333334
0.2222222222222222
0.12903225806451613
0.37499999999999994
0.12698412698412698
0.45161290322580644
0.2
0.15384615384615385
0.2222222222222222
0.14814814814814817
0.4
0.12903225806451613
0.08000000000000002
0.19354838709677416
0.16000000000000003
0.14814814814814817
0.20512820512820512
0.23076923076923075
0.0
0.625
0.07142857142857144
0.2777777777777778
0.2926829268292683
0.25
0.41379310344827586
0.08000000000000002
0.1728395061728395
0.15384615384615385
0.13333333333333333
0.16666666666666669
0.08000000000000002
0.24489795918367346
0.20689655172413793
0.07407407407407408
0.25
0.5333333333333333
0.16000000000000003
0.1904761904761905
0.07692307692307691
0.33333333333333337
0.29629629629629634
0.16000000000000003
0.15384615384615383
0.06451612903225806
0.2105263157894737
0.2285714285714286
0.35714285714285715
0.5185185185185185
0.0
0.35714285714285715
0.19607843137254902
0.2222222222222222
0.07142857142857144
0.043478260869565216
0.24
0.2926829268292683
0.16161616161616163
0.23529411764705882
0.24
0.30769230769230765
0.3225806451612903
0.20560747663551404
0.25806451612903225
0.16000000000000003
0.15384615384615383
0.08000000000000002
0.13793103448275865
0.2631578947368421
0.2
0.11764705882352941
0.35714285714285715
0.14634146341463414
0.1764705882352941
0.27586206896551724
0.3076923076923077
0.4
0.23076923076923075
0.07142857142857144
0.23076923076923075
0.26666666666666666
0.4878048780487805
0.30769230769230765
0.3333333333333333
0.0
0.35714285714285715
0.4117647058823529
0.27027027027027023
0.16000000000000003
0.28571428571428575
0.26666666666666666
0.24137931034482757
0.14285714285714285
0.15384615384615383
0.14285714285714288
0.2941176470588235
0.27906976744186046
0.17142857142857143
0.14285714285714288
0.0392156862745098
0.2222222222222222
0.4615384615384615
0.16000000000000003
0.5
0.22222222222222224
0.28571428571428575
0.13333333333333333
0.29629629629629634
0.0
0.25806451612903225
0.6666666666666667
0.3225806451612903
0.45161290322580644
0.21428571428571425
0.15384615384615383
0.11764705882352941
0.07692307692307691
0.25
0.16000000000000003
0.30303030303030304
0.26666666666666666
0.5806451612903226
0.16000000000000003
0.37499999999999994
0.24
0.4
0.14285714285714288
0.37037037037037035
0.24999999999999997
0.16000000000000003
0.27027027027027023
0.16
0.5714285714285715
0.4
0.4615384615384615
0.24
0.07692307692307691
0.30769230769230765
0.1702127659574468
0.4242424242424242
0.07692307692307691
0.125
0.3846153846153846
0.0
0.06666666666666667
0.10526315789473685
0.08333333333333334
0.2
0.5
0.32000000000000006
0.3125
0.3846153846153846
0.11764705882352941
0.125
0.2285714285714286
0.29629629629629634
0.0
0.125
0.23076923076923075
0.08000000000000002
0.14814814814814817
0.19354838709677416
0.4615384615384615
0.18749999999999997
0.15384615384615383
0.23255813953488372
0.07692307692307691
0.08
0.2926829268292683
0.4285714285714285
0.24
0.15384615384615383
0.16666666666666669
0.08163265306122448
0.21428571428571425
0.07692307692307691
0.14814814814814817
0.16666666666666663
0.16000000000000003
0.4999999999999999
0.2926829268292683
0.2222222222222222
0.32000000000000006
0.07142857142857144
0.20689655172413793
0.07407407407407408
0.3846153846153846
0.16000000000000003
0.2127659574468085
0.28571428571428575
0.15789473684210525
0.14285714285714288
0.0
0.20689655172413793
0.4000000000000001
0.4285714285714285
0.24999999999999997
0.5
0.16000000000000003
0.4285714285714285
0.09523809523809525
0.0
0.24
0.14583333333333331
0.33333333333333337
0.23076923076923075
0.5
0.24999999999999997
0.0975609756097561
0.16666666666666669
0.1764705882352941
0.0
0.25
0.30769230769230765
0.4444444444444445
0.2
0.0
0.4666666666666667
0.33333333333333337
0.08000000000000002
0.24999999999999997
0.4666666666666667
0.06896551724137932
0.28571428571428575
0.14814814814814817
0.32000000000000006
0.08333333333333334
0.1643835616438356
0.16216216216216214
0.0
0.14285714285714288
0.25
0.18604651162790697
0.08333333333333334
0.21428571428571425
0.18749999999999997
0.1081081081081081
0.07407407407407408
0.2758620689655173
0.13793103448275865
0.07692307692307691
0.24
0.24
0.14285714285714288
0.10810810810810811
0.07407407407407408
0.29629629629629634
0.32000000000000006
0.20689655172413793
0.24999999999999997
0.24
0.19354838709677416
0.2222222222222222
0.24
0.2
0.2222222222222222
0.20689655172413793
0.23076923076923075
0.11111111111111112
0.32000000000000006
0.24
0.15384615384615383
0.3225806451612903
0.125
0.07142857142857144
0.27906976744186046
0.08000000000000002
0.20689655172413793
0.1142857142857143
0.23076923076923075
0.07407407407407408
0.08333333333333334
0.14285714285714288
0.24999999999999997
0.07407407407407408
0.4117647058823529
0.14814814814814817
0.16000000000000003
0.13793103448275865
0.3529411764705882
0.08333333333333334
0.1492537313432836
0.3157894736842105
0.23076923076923075
0.32727272727272727
0.23076923076923075
0.18749999999999997
0.5142857142857143
0.16666666666666669
0.24242424242424246
0.3846153846153846
0.1818181818181818
0.10526315789473685
0.29629629629629634
0.14285714285714288
0.14285714285714288
0.0625
0.0
0.08000000000000002
0.3870967741935483
0.20689655172413793
0.21875
0.16666666666666669
0.2
0.14285714285714282
0.125
0.16666666666666669
0.16666666666666669
0.060606060606060615
0.36842105263157887
0.14035087719298245
0.14814814814814817
0.4999999999999999
0.37037037037037035
0.28571428571428564
0.28571428571428575
0.06666666666666667
0.24
0.08000000000000002
0.08000000000000002
0.06896551724137932
0.3225806451612903
0.16000000000000003
0.058823529411764705
0.2222222222222222
0.19354838709677416
0.14285714285714288
0.5161290322580645
0.24
0.4
0.36842105263157887
0.2105263157894737
0.07692307692307691
0.32000000000000006
0.23076923076923075
0.21428571428571425
0.1333333333333333
0.1142857142857143
0.10810810810810811
0.30769230769230765
0.06896551724137932
0.16000000000000003
0.2162162162162162
0.21428571428571425
0.1
0.23076923076923075
0.30303030303030304
0.358974358974359
0.25806451612903225
0.24
0.16666666666666669
0.380952380952381
0.16000000000000003
0.06666666666666667
0.25641025641025644
0.07692307692307691
0.3529411764705882
0.15384615384615383
0.07692307692307691
0.2758620689655173
0.4999999999999999
0.16666666666666669
0.3448275862068966
0.16000000000000003
0.29629629629629634
0.19354838709677416
0.24
0.13793103448275865
0.08000000000000002
0.11111111111111112
0.07407407407407408
0.4
0.3414634146341463
0.29629629629629634
0.1348314606741573
0.20689655172413793
0.3225806451612903
0.16000000000000003
0.28571428571428575
0.23076923076923075
0.06896551724137932
0.15384615384615383
0.2222222222222222
0.18749999999999997
0.19354838709677416
0.3
0.32000000000000006
0.125
0.07407407407407408
0.0
0.06451612903225806
0.0
0.18749999999999997
0.2758620689655173
0.16000000000000003
0.2727272727272727
0.2666666666666666
0.28571428571428575
0.14285714285714288
0.16000000000000003
0.2
0.18749999999999997
0.05128205128205128
0.11764705882352941
0.24
0.16326530612244897
0.16666666666666669
0.2222222222222222
0.16666666666666669
0.14814814814814817
0.1971830985915493
0.16393442622950818
0.45161290322580644
0.07692307692307691
0.16000000000000003
0.16000000000000003
0.24999999999999997
0.19354838709677416
0.19354838709677416
0.14285714285714288
0.2222222222222222
0.19354838709677416
0.18867924528301888
0.07407407407407408
0.3076923076923077
0.24
0.21428571428571425
0.29629629629629634
0.07692307692307691
0.2941176470588235
0.0
0.11320754716981132
0.34285714285714286
0.30769230769230765
0.18518518518518517
0.3529411764705882
0.07407407407407408
0.28571428571428575
0.28571428571428575
0.28571428571428575
0.24
0.28571428571428564
0.23076923076923075
0.3636363636363637
0.14814814814814817
0.2222222222222222
0.32000000000000006
0.37037037037037035
0.3255813953488372
0.4848484848484849
0.23076923076923075
0.24
0.2758620689655173
0.2222222222222222
0.0851063829787234
0.2777777777777778
0.28571428571428575
0.16000000000000003
0.07142857142857144
0.15789473684210525
0.19354838709677416
0.08695652173913043
0.33333333333333337
0.30769230769230765
0.08000000000000002
0.14814814814814817
0.4
0.14814814814814817
0.3157894736842105
0.16000000000000003
0.16666666666666663
0.2285714285714286
0.32000000000000006
0.24
0.3846153846153846
0.3636363636363637
0.24999999999999997
0.5
0.16000000000000003
0.24
0.24
0.0
0.21428571428571425
0.16666666666666669
0.13333333333333333
0.24242424242424246
0.2758620689655173
0.2
0.16000000000000003
0.24999999999999997
0.5625000000000001
0.13793103448275865
0.2758620689655173
0.24
0.29629629629629634
0.24
0.36842105263157887
0.4
0.34285714285714286
0.3333333333333333
0.22222222222222224
0.0
0.15384615384615385
0.0
0.30303030303030304
0.13043478260869565
0.07017543859649122
0.16666666666666669
0.27027027027027023
0.5454545454545455
0.37037037037037035
0.4074074074074075
0.33333333333333337
0.07547169811320756
0.07142857142857144
0.24
0.30769230769230765
0.32000000000000006
0.37037037037037035
0.4117647058823529
0.0
0.2173913043478261
0.32000000000000006
0.20000000000000004
0.24
0.16000000000000003
0.12903225806451613
0.24
0.13333333333333333
0.35714285714285715
0.18749999999999997
0.2222222222222222
0.24999999999999997
0.13333333333333333
0.08000000000000002
0.0625
0.3255813953488372
0.0930232558139535
0.16000000000000003
0.08333333333333334
0.30769230769230765
0.0
0.32000000000000006
0.24
0.07142857142857144
0.21428571428571425
0.12
0.4000000000000001
0.33333333333333337
0.1764705882352941
0.38888888888888884
0.16000000000000003
0.12903225806451613
0.5714285714285715
0.11594202898550723
0.06779661016949151
0.15384615384615383
0.5185185185185185
0.08000000000000002
0.16666666666666663
0.2222222222222222
0.13333333333333333
0.20689655172413793
0.4
0.15384615384615383
0.19753086419753088
0.4736842105263158
0.3870967741935483
0.29629629629629634
0.08333333333333334
0.07407407407407408
0.08333333333333334
0.16666666666666669
0.07142857142857144
0.16000000000000003
0.13333333333333333
0.13333333333333333
0.29629629629629634
0.24
0.26666666666666666
0.11764705882352941
0.0
0.20689655172413793
0.3076923076923077
0.24
0.0
0.14814814814814817
0.2222222222222222
0.20000000000000004
0.16000000000000003
0.32000000000000006
0.48648648648648646
0.15789473684210525
0.07142857142857144
0.24999999999999997
0.2926829268292683
0.32000000000000006
0.07407407407407408
0.30769230769230765
0.30769230769230765
0.13043478260869565
0.29629629629629634
0.2631578947368421
0.24999999999999997
0.13793103448275865
0.125
0.0
0.24
0.15384615384615383
0.08333333333333333
0.24
0.11320754716981132
0.14285714285714288
0.13793103448275865
0.2941176470588235
0.20000000000000004
0.2040816326530612
0.07142857142857144
0.11627906976744187
0.16000000000000003
0.15384615384615383
0.16666666666666669
0.5806451612903226
0.13793103448275865
0.07142857142857144
0.24
0.3225806451612903
0.33333333333333337
0.14814814814814817
0.3333333333333333
0.16666666666666669
0.2745098039215686
0.23076923076923075
0.09090909090909091
0.16666666666666669
0.3157894736842105
0.3255813953488372
0.30769230769230765
0.07960199004975124
0.20000000000000004
0.06451612903225806
0.23076923076923075
0.1081081081081081
0.28571428571428575
0.14814814814814817
0.0851063829787234
0.25806451612903225
0.23076923076923075
0.32000000000000006
0.21428571428571425
0.08000000000000002
0.47058823529411764
0.038461538461538464
0.18749999999999997
0.15789473684210525
0.2162162162162162
0.3125
0.08000000000000002
0.24242424242424246
0.2
0.06451612903225806
0.2916666666666667
0.13333333333333333
0.13793103448275865
0.18181818181818185
0.2222222222222222
0.1951219512195122
0.5238095238095238
0.21428571428571425
0.26666666666666666
0.24242424242424243
0.14814814814814817
0.14814814814814817
0.16666666666666669
0.4666666666666667
0.3333333333333333
0.06666666666666667
0.24242424242424246
0.23076923076923075
0.2105263157894737
0.21428571428571425
0.3333333333333333
0.3243243243243243
0.2222222222222222
0.21428571428571425
0.16000000000000003
0.14285714285714282
0.3846153846153846
0.2
0.14285714285714282
0.32000000000000006
0.4615384615384615
0.32000000000000006
0.2285714285714286
0.6060606060606061
0.5116279069767442
0.2758620689655173
0.13333333333333333
0.08333333333333334
0.3125
0.20689655172413793
0.23076923076923075
0.1904761904761905
0.24
0.23076923076923075
0.21428571428571425
0.30769230769230765
0.17142857142857143
0.3225806451612903
0.10909090909090909
0.23076923076923075
0.16666666666666669
0.1702127659574468
0.0
0.16666666666666669
0.20689655172413793
0.29629629629629634
0.23076923076923075
0.3333333333333333
0.18749999999999997
0.33333333333333337
0.05000000000000001
0.37037037037037035
0.29629629629629634
0.5333333333333333
0.07692307692307691
0.16000000000000003
0.125
0.29629629629629634
0.28571428571428575
0.07407407407407408
0.24
0.29629629629629634
0.07692307692307691
0.07692307692307691
0.14285714285714288
0.24
0.26666666666666666
0.20689655172413793
0.1081081081081081
0.33333333333333337
0.3076923076923077
0.4999999999999999
0.3448275862068966
0.029411764705882353
0.4
0.22727272727272727
0.28571428571428575
0.14814814814814817
0.24999999999999997
0.2758620689655173
0.1702127659574468
0.29629629629629634
0.14634146341463414
0.23076923076923075
0.16666666666666669
0.2777777777777778
0.24
0.06896551724137932
0.18867924528301888
0.19354838709677416
0.16666666666666669
0.10256410256410256
0.37037037037037035
0.4615384615384615
0.37037037037037035
0.24
0.23076923076923075
0.32000000000000006
0.2941176470588235
0.07692307692307691
0.15384615384615383
0.16000000000000003
0.16000000000000003
0.15789473684210525
0.12244897959183673
0.5
0.14285714285714288
0.3225806451612903
0.3448275862068966
0.3846153846153846
0.13793103448275862
0.24
0.16000000000000003
0.0
0.2631578947368421
0.3125
0.15384615384615383
0.24
0.11764705882352941
0.4666666666666667
0.16666666666666669
0.45161290322580644
0.24
0.24
0.12121212121212123
0.24
0.12903225806451613
0.1971830985915493
0.18749999999999997
0.4444444444444444
0.2222222222222222
0.32000000000000006
0.125
0.4375
0.21428571428571425
0.16666666666666669
0.1951219512195122
0.0
0.17142857142857143
0.3333333333333333
0.09302325581395349
0.48275862068965514
0.29629629629629634
0.28571428571428575
0.08000000000000002
0.22222222222222224
0.24
0.06451612903225806
0.13333333333333333
0.20689655172413793
0.4285714285714285
0.24
0.2758620689655173
0.33333333333333337
0.33333333333333326
0.24
0.29629629629629634
0.32000000000000006
0.08000000000000002
0.4285714285714285
0.26666666666666666
0.3846153846153846
0.625
0.1142857142857143
0.07692307692307691
0.32000000000000006
0.29629629629629634
0.32000000000000006
0.4
0.3846153846153846
0.34285714285714286
0.07142857142857144
0.0
0.20833333333333331
0.23076923076923075
0.08000000000000002
0.16666666666666663
0.15384615384615385
0.10000000000000002
0.0
0.0
0.23076923076923075
0.07692307692307691
0.28571428571428575
0.4210526315789474
0.3846153846153846
0.5161290322580645
0.3225806451612903
0.06666666666666667
0.16129032258064516
0.32000000000000006
0.033898305084745756
0.08000000000000002
0.15384615384615383
0.06451612903225806
0.08333333333333334
0.23076923076923075
0.15384615384615383
0.6451612903225806
0.16000000000000003
0.25806451612903225
0.4444444444444445
0.21428571428571425
0.14285714285714288
0.5454545454545455
0.3529411764705882
0.0909090909090909
0.4285714285714285
0.32000000000000006
0.12903225806451613
0.32727272727272727
0.35555555555555557
0.3333333333333333
0.23255813953488372
0.15384615384615385
0.17142857142857143
0.30769230769230765
0.35714285714285715
0.16000000000000003
0.33333333333333337
0.23076923076923075
0.16000000000000003
0.1764705882352941
0.25806451612903225
0.2285714285714286
0.07142857142857144
0.13793103448275865
0.32000000000000006
0.07407407407407408
0.12121212121212123
0.20689655172413793
0.24999999999999997
0.3243243243243243
0.3846153846153846
0.25806451612903225
0.0
0.2758620689655173
0.20689655172413793
0.2909090909090909
0.4285714285714285
0.11111111111111112
0.32000000000000006
0.22222222222222224
0.35714285714285715
0.24
0.08000000000000002
0.2
0.24
0.16000000000000003
0.22222222222222224
0.23076923076923075
0.16000000000000003
0.4444444444444445
0.2222222222222222
0.3333333333333333
0.16666666666666669
0.37037037037037035
0.4
0.13636363636363635
0.4666666666666667
0.3846153846153846
0.33333333333333337
0.33333333333333337
0.29629629629629634
0.2222222222222222
0.14814814814814817
0.26666666666666666
0.24999999999999997
0.30769230769230765
0.21428571428571425
0.21428571428571425
0.16000000000000003
0.07142857142857144
0.07692307692307691
0.30769230769230765
0.21428571428571425
0.1391304347826087
0.0
0.24999999999999997
0.14634146341463414
0.32000000000000006
0.23076923076923075
0.24
0.1818181818181818
0.13793103448275865
0.3529411764705882
0.0
0.22222222222222224
0.35714285714285715
0.16000000000000003
0.08333333333333334
0.3333333333333333
0.46153846153846156
0.24
0.24
0.19354838709677416
0.24
0.14814814814814817
0.37037037037037035
0.24
0.0
0.15384615384615383
0.2
0.07407407407407408
0.24324324324324323
0.16000000000000003
0.25806451612903225
0.33333333333333337
0.16000000000000003
0.15384615384615383
0.21428571428571425
0.07407407407407408
0.4666666666666667
0.23076923076923075
0.06666666666666667
0.24999999999999997
0.0625
0.0
0.29629629629629634
0.29629629629629634
0.4666666666666667
0.2222222222222222
0.16000000000000003
0.10256410256410256
0.2
0.3448275862068966
0.24242424242424246
0.07407407407407408
0.33333333333333337
0.31818181818181823
0.18867924528301888
0.13793103448275865
0.24
0.20689655172413793
0.08333333333333334
0.07692307692307691
0.14814814814814817
0.37037037037037035
0.2222222222222222
0.2222222222222222
0.16666666666666669
0.32000000000000006
0.15384615384615383
0.13333333333333333
0.07692307692307691
0.25806451612903225
0.32
0.15384615384615383
0.16666666666666669
0.24
0.08000000000000002
0.625
0.0
0.28571428571428575
0.16666666666666669
0.06451612903225806
0.125
0.15384615384615383
0.3846153846153846
0.1764705882352941
0.11111111111111112
0.25806451612903225
0.4999999999999999
0.14285714285714288
0.0
0.33333333333333337
0.4571428571428572
0.18749999999999997
0.3243243243243243
0.14814814814814817
0.13793103448275865
0.12
0.3157894736842105
0.4615384615384615
0.18749999999999997
0.21428571428571425
0.3043478260869565
0.3846153846153846
0.1702127659574468
0.0
0.16000000000000003
0.24
0.15384615384615383
0.08000000000000002
0.07407407407407408
0.030303030303030304
0.2758620689655173
0.2222222222222222
0.25806451612903225
0.16000000000000003
0.33333333333333337
0.20689655172413793
0.08000000000000002
0.32142857142857145
0.24
0.0
0.28571428571428575
0.28571428571428575
0.4117647058823529
0.29629629629629634
0.2
0.24
0.28571428571428575
0.2
0.22222222222222224
0.4
0.48275862068965514
0.36842105263157887
0.15789473684210525
0.24999999999999997
0.125
0.08000000000000002
0.16000000000000003
0.23076923076923075
0.0
0.07407407407407408
0.08333333333333334
0.33333333333333337
0.10344827586206896
0.15384615384615383
0.23255813953488372
0.07407407407407408
0.125
0.08000000000000002
0.29629629629629634
0.14545454545454545
0.37837837837837834
0.0851063829787234
0.07407407407407408
0.24
0.20689655172413793
0.07407407407407408
0.358974358974359
0.12903225806451613
0.24
0.14285714285714288
0.18181818181818182
0.12903225806451613
0.0449438202247191
0.2941176470588235
0.23255813953488375
0.5142857142857143
0.2222222222222222
0.18749999999999997
0.29629629629629634
0.07142857142857142
0.08000000000000002
0.13793103448275862
0.2857142857142857
0.24
0.14285714285714288
0.08000000000000002
0.3076923076923077
0.2727272727272727
0.32000000000000006
0.32000000000000006
0.14285714285714288
0.0
0.3636363636363637
0.2727272727272727
0.16666666666666669
0.2631578947368421
0.07142857142857144
0.588235294117647
0.3225806451612903
0.14285714285714288
0.18749999999999997
0.08333333333333333
0.47058823529411764
0.32000000000000006
0.16666666666666669
0.14285714285714288
0.08333333333333334
0.21428571428571425
0.3043478260869565
0.08333333333333334
0.4615384615384615
0.24
0.28571428571428575
0.16666666666666669
0.16000000000000003
0.13333333333333333
0.05714285714285715
0.2162162162162162
0.16666666666666669
0.3333333333333333
0.0
0.2222222222222222
0.08000000000000002
0.30769230769230765
0.20689655172413793
0.4
0.4615384615384615
0.14814814814814817
0.24
0.24999999999999997
0.28571428571428575
0.30303030303030304
0.3255813953488372
0.08000000000000002
0.4
0.29629629629629634
0.125
0.13793103448275865
0.33333333333333337
0.30769230769230765
0.21875
0.24
0.3333333333333333
0.28571428571428575
0.30769230769230765
0.18604651162790697
0.16666666666666663
0.16666666666666669
0.15384615384615383
0.41379310344827586
0.34285714285714286
0.08000000000000002
0.30303030303030304
0.20408163265306123
0.21428571428571425
0.36842105263157887
0.0
0.07142857142857144
0.2222222222222222
0.15384615384615383
0.24
0.11764705882352941
0.0
0.12903225806451613
0.33333333333333337
0.14814814814814817
0.18749999999999997
0.32000000000000006
0.6
0.1142857142857143
0.1818181818181818
0.07692307692307691
0.41379310344827586
0.24242424242424246
0.4
0.10256410256410256
0.2162162162162162
0.07692307692307691
0.21428571428571425
0.24999999999999997
0.16326530612244897
0.37037037037037035
0.21428571428571425
0.0
0.2105263157894737
0.24
0.5517241379310346
0.4
0.14285714285714288
0.24242424242424246
0.15
0.16216216216216214
0.4
0.25806451612903225
0.37037037037037035
0.5714285714285715
0.1904761904761905
0.15384615384615383
0.4
0.5
0.24
0.2758620689655173
0.0
0.3243243243243243
0.14285714285714288
0.08000000000000002
0.14035087719298245
0.13793103448275865
0.48275862068965514
0.25
0.16000000000000003
0.04545454545454545
0.07692307692307691
0.24
0.2222222222222222
0.2222222222222222
0.08333333333333334
0.2941176470588235
0.06666666666666667
0.24
0.3529411764705882
0.14814814814814817
0.1558441558441558
0.0975609756097561
0.5333333333333333
0.17391304347826086
0.0625
0.30769230769230765
0.3125
0.2222222222222222
0.18348623853211007
0.18604651162790697
0.29629629629629634
0.32
0.08000000000000002
0.2222222222222222
0.24999999999999997
0.18181818181818185
0.3448275862068966
0.22727272727272727
0.0625
0.14285714285714288
0.4878048780487805
0.2666666666666666
0.18749999999999997
0.25
0.37837837837837834
0.2222222222222222
0.2
0.28571428571428575
0.24489795918367346
0.4
0.24999999999999997
0.08
0.24999999999999997
0.30769230769230765
0.15384615384615383
0.32000000000000006
0.2631578947368421
0.2222222222222222
0.24999999999999997
0.41379310344827586
0.5806451612903226
0.2
0.4
0.12121212121212123
0.06779661016949151
0.16666666666666669
0.16666666666666669
0.25
0.16000000000000003
0.125
0.11764705882352941
0.23076923076923075
0.3125
0.09302325581395349
0.4
0.5454545454545455
0.16000000000000003
0.6470588235294117
0.0
0.23076923076923075
0.37037037037037035
0.26666666666666666
0.48275862068965514
0.4375
0.16666666666666669
0.32000000000000006
0.29629629629629634
0.47058823529411764
0.3846153846153846
0.24999999999999997
0.22641509433962265
0.20512820512820512
0.15
0.14814814814814817
0.23809523809523808
0.06666666666666667
0.33333333333333326
0.05555555555555556
0.25806451612903225
0.28571428571428575
0.24
0.12903225806451613
0.07692307692307691
0.17142857142857143
0.14814814814814817
0.07407407407407408
0.4285714285714285
0.16000000000000003
0.29629629629629634
0.2285714285714286
0.24242424242424246
0.18749999999999997
0.1904761904761905
0.11764705882352941
0.0
0.07407407407407408
0.20512820512820512
0.37499999999999994
0.3333333333333333
0.3111111111111111
0.12903225806451613
0.4117647058823529
0.28571428571428575
0.16000000000000003
0.058823529411764705
0.4
0.30769230769230765
0.08333333333333334
0.30769230769230765
0.14285714285714288
0.3333333333333333
0.16000000000000003
0.28571428571428575
0.24999999999999997
0.18749999999999997
0.24096385542168675
0.15384615384615383
0.0
0.28571428571428575
0.16666666666666669
0.26666666666666666
0.21428571428571425
0.3529411764705882
0.2285714285714286
0.20512820512820512
0.30769230769230765
0.31818181818181823
0.07407407407407408
0.2285714285714286
0.30769230769230765
0.24
0.13793103448275865
0.28571428571428575
0.3
0.29629629629629634
0.35
0.14285714285714288
0.33333333333333337
0.26666666666666666
0.16393442622950818
0.07142857142857144
0.3636363636363637
0.24
0.3157894736842105
0.22727272727272727
0.23529411764705882
0.06521739130434782
0.3846153846153846
0.2222222222222222
0.24
0.24390243902439024
0.13513513513513514
0.19354838709677416
0.20408163265306123
0.23809523809523808
0.28571428571428575
0.33333333333333337
0.28571428571428575
0.2
0.5333333333333333
0.0
0.625
0.0
0.18749999999999997
0.23076923076923075
0.3870967741935483
0.07692307692307691
0.07407407407407408
0.24
0.23076923076923075
0.4999999999999999
0.32000000000000006
0.2
0.20689655172413793
0.2631578947368421
0.32000000000000006
0.0425531914893617
0.1694915254237288
0.15384615384615383
0.3076923076923077
0.32000000000000006
0.26666666666666666
0.32000000000000006
0.16666666666666669
0.0
0.2
0.17142857142857143
0.14285714285714288
0.5185185185185185
0.15384615384615383
0.48275862068965514
0.16666666666666669
0.4444444444444444
0.34285714285714286
0.3243243243243243
0.03636363636363636
0.35714285714285715
0.4
0.4
0.19354838709677416
0.1764705882352941
0.4444444444444445
0.26666666666666666
0.33333333333333337
0.32000000000000006
0.14814814814814817
0.24242424242424246
0.16000000000000003
0.23255813953488372
0.08333333333333334
0.25
0.08888888888888889
0.23529411764705882
0.09523809523809525
0.24
0.17777777777777778
0.36000000000000004
0.29787234042553196
0.3529411764705882
0.4
0.3870967741935483
0.29629629629629634
0.23529411764705882
0.15384615384615383
0.16666666666666669
0.08000000000000002
0.23076923076923075
0.6874999999999999
0.18749999999999997
0.24999999999999997
0.29787234042553196
0.16000000000000003
0.09523809523809525
0.25
0.25
0.26666666666666666
0.16666666666666663
0.2222222222222222
0.16000000000000003
0.30769230769230765
0.16000000000000003
0.08000000000000002
0.23076923076923075
0.1904761904761905
0.20689655172413793
0.3529411764705882
0.08333333333333334
0.2222222222222222
0.25
0.10714285714285714
0.16000000000000003
0.0
0.3636363636363637
0.24
0.15151515151515152
0.3902439024390244
0.32000000000000006
0.35714285714285715
0.30303030303030304
0.11111111111111112
0.1818181818181818
0.41379310344827586
0.45
0.3870967741935483
0.2758620689655173
0.21428571428571425
0.24
0.14285714285714288
0.24
0.48275862068965514
0.4
0.16000000000000003
0.23076923076923075
0.19354838709677416
0.24
0.4
0.0
0.2
0.08000000000000002
0.25806451612903225
0.06451612903225806
0.12048192771084337
0.3
0.24
0.13793103448275865
0.0
0.16000000000000003
0.14814814814814817
0.13793103448275865
0.5517241379310346
0.3157894736842105
0.125
0.1904761904761905
0.1754385964912281
0.14285714285714288
0.17142857142857143
0.08000000000000002
0.16666666666666669
0.3448275862068966
0.07142857142857142
0.20833333333333331
0.33333333333333326
0.05405405405405405
0.3846153846153846
0.058823529411764705
0.14814814814814817
0.15789473684210525
0.25806451612903225
0.4
0.14814814814814817
0.4
0.3125
0.28571428571428575
0.26415094339622636
0.08000000000000002
0.23076923076923075
0.24
0.4571428571428572
0.33333333333333337
0.3
0.16
0.05714285714285715
0.07692307692307691
0.3243243243243243
0.5161290322580645
0.18749999999999997
0.6666666666666666
0.14285714285714288
0.16000000000000003
0.38888888888888884
0.3157894736842105
0.4
0.2941176470588235
0.37037037037037035
0.11764705882352941
0.32000000000000006
0.4210526315789474
0.14285714285714288
0.4444444444444444
0.26666666666666666
0.09876543209876544
0.1951219512195122
0.24
0.2222222222222222
0.4390243902439024
0.21428571428571425
0.13333333333333333
0.4
0.15384615384615383
0.2692307692307692
0.2926829268292683
0.07407407407407408
0.23076923076923075
0.4
0.15384615384615383
0.4
0.13793103448275865
0.37037037037037035
0.32000000000000006
0.24
0.24
0.24999999999999997
0.12121212121212123
0.28571428571428575
0.04
0.08000000000000002
0.14814814814814817
0.5161290322580645
0.26666666666666666
0.5405405405405405
0.07142857142857142
0.2105263157894737
0.21428571428571425
0.4375
0.3846153846153846
0.23076923076923075
0.2222222222222222
0.06666666666666667
0.2222222222222222
0.4
0.2222222222222222
0.15384615384615383
0.07407407407407408
0.4
0.4375
0.0
0.20689655172413793
0.37037037037037035
0.2
0.23076923076923075
0.20689655172413793
0.16666666666666669
0.32000000000000006
0.24999999999999997
0.24
0.3333333333333333
0.18181818181818185
0.13793103448275865
0.12121212121212123
0.25
0.29629629629629634
0.23076923076923075
0.08000000000000002
0.5454545454545455
0.3448275862068966
0.12903225806451613
0.30769230769230765
0.35714285714285715
0.20689655172413793
0.16000000000000003
0.2222222222222222
0.2222222222222222
0.24242424242424246
0.02469135802469136
0.08000000000000002
0.32000000000000006
0.15384615384615383
0.2
0.20689655172413793
0.30769230769230765
0.24
0.29629629629629634
0.25806451612903225
0.2692307692307692
0.4210526315789474
0.16666666666666669
0.28571428571428575
0.1764705882352941
0.30769230769230765
0.11764705882352941
0.20000000000000004
0.3414634146341463
0.2222222222222222
0.06451612903225806
0.23529411764705882
0.2
0.2758620689655173
0.14814814814814817
0.16666666666666669
0.380952380952381
0.23529411764705882
0.08000000000000002
0.06779661016949151
0.24999999999999997
0.2777777777777778
0.12765957446808512
0.24999999999999997
0.0
0.20689655172413793
0.19354838709677416
0.13333333333333333
0.2222222222222222
0.37037037037037035
0.2222222222222222
0.19354838709677416
0.3529411764705882
0.09677419354838708
0.4
0.14285714285714288
0.08000000000000002
0.0
0.19672131147540983
0.45161290322580644
0.23529411764705882
0.0
0.2666666666666666
0.07692307692307691
0.0
0.19354838709677416
0.23076923076923075
0.08163265306122448
0.14814814814814817
0.16000000000000003
0.07142857142857144
0.16666666666666669
0.25
0.3846153846153846
0.30769230769230765
0.16666666666666669
0.17142857142857143
0.28571428571428575
0.2758620689655173
0.07407407407407408
0.2
0.06666666666666667
0.1142857142857143
0.05128205128205128
0.16000000000000003
0.16000000000000003
0.4
0.3225806451612903
0.15384615384615383
0.4444444444444445
0.0
0.4999999999999999
0.23529411764705882
0.23076923076923075
0.07692307692307691
0.30769230769230765
0.14285714285714285
0.07407407407407408
0.3846153846153846
0.33333333333333337
0.2941176470588235
0.0
0.17391304347826086
0.19230769230769232
0.24999999999999997
0.20689655172413793
0.4
0.2222222222222222
0.24999999999999997
0.06666666666666667
0.21428571428571425
0.10126582278481014
0.14814814814814817
0.25
0.32000000000000006
0.2745098039215686
0.3333333333333333
0.24999999999999997
0.2758620689655173
0.10389610389610389
0.0
0.07692307692307691
0.2758620689655173
0.4285714285714285
0.24242424242424246
0.23076923076923075
0.16666666666666669
0.12
0.2222222222222222
0.09523809523809525
0.25806451612903225
0.37037037037037035
0.32000000000000006
0.30769230769230765
0.14285714285714288
0.34285714285714286
0.21428571428571425
0.13333333333333333
0.47058823529411764
0.15384615384615383
0.12903225806451613
0.16000000000000003
0.1702127659574468
0.4444444444444445
0.07692307692307691
0.08333333333333334
0.06666666666666667
0.2105263157894737
0.08333333333333334
0.24999999999999997
0.12121212121212123
0.25806451612903225
0.08000000000000002
0.15384615384615383
0.08333333333333334
0.25
0.15
0.23076923076923075
0.5294117647058824
0.06521739130434782
0.34285714285714286
0.13592233009708737
0.6060606060606061
0.4285714285714285
0.3636363636363637
0.14285714285714288
0.3870967741935483
0.1818181818181818
0.05555555555555556
0.06896551724137932
0.20689655172413793
0.14814814814814817
0.5
0.3333333333333333
0.0
0.21428571428571425
0.24999999999999997
0.11111111111111112
0.358974358974359
0.24999999999999997
0.21428571428571425
0.14814814814814817
0.2
0.15384615384615383
0.08163265306122448
0.3529411764705882
0.20000000000000004
0.08333333333333334
0.06896551724137932
0.30769230769230765
0.4
0.3846153846153846
0.4615384615384615
0.26666666666666666
0.5161290322580645
0.24
0.32653061224489793
0.14285714285714288
0.2777777777777778
0.4666666666666667
0.15384615384615383
0.07692307692307691
0.4615384615384615
0.04938271604938272
0.29629629629629634
0.23076923076923075
0.3076923076923077
0.18749999999999997
0.2222222222222222
0.12121212121212123
0.23076923076923075
0.1142857142857143
0.24
0.20779220779220778
0.4615384615384615
0.13793103448275865
0.20689655172413793
0.16000000000000003
0.24999999999999997
0.33333333333333337
0.32000000000000006
0.1702127659574468
0.18421052631578946
0.15789473684210525
0.16000000000000003
0.0
0.3870967741935483
0.27692307692307694
0.2
0.15384615384615383
0.37037037037037035
0.4736842105263158
0.30769230769230765
0.5333333333333333
0.22222222222222224
0.24
0.16000000000000003
0.19354838709677416
0.13333333333333333
0.2
0.2222222222222222
0.14285714285714288
0.14814814814814817
0.2758620689655173
0.24
0.15384615384615383
0.2222222222222222
0.28571428571428575
0.08333333333333334
0.12121212121212123
0.08000000000000002
0.12903225806451613
0.1764705882352941
0.4285714285714285
0.0
0.2222222222222222
0.4324324324324324
0.29629629629629634
0.24999999999999997
0.3448275862068966
0.07692307692307691
0.1081081081081081
0.24999999999999997
0.07142857142857144
0.29629629629629634
0.23809523809523808
0.1415929203539823
0.4444444444444445
0.1702127659574468
0.07142857142857142
0.24
0.08000000000000002
0.0851063829787234
0.25
0.33333333333333337
0.30769230769230765
0.6
0.5517241379310346
0.24
0.18749999999999997
0.06451612903225806
0.14814814814814817
0.07407407407407408
0.23076923076923075
0.0
0.12903225806451613
0.10000000000000002
0.0
0.24
0.13793103448275865
0.0
0.3333333333333333
0.24999999999999997
0.34285714285714286
0.28571428571428575
0.16216216216216214
0.30769230769230765
0.08000000000000002
0.29629629629629634
0.18749999999999997
0.08333333333333334
0.13333333333333333
0.27906976744186046
0.4375
0.14285714285714288
0.2
0.18181818181818185
0.32000000000000006
0.15384615384615383
0.23076923076923075
0.15384615384615383
0.18749999999999997
0.37735849056603776
0.29629629629629634
0.16000000000000003
0.029411764705882353
0.33333333333333326
0.19354838709677416
0.27906976744186046
0.23076923076923075
0.2105263157894737
0.24242424242424246
0.14814814814814817
0.046511627906976744
0.37837837837837834
0.0975609756097561
0.15384615384615383
0.07142857142857144
0.14814814814814817
0.32000000000000006
0.02127659574468085
0.16129032258064516
0.0
0.26666666666666666
0.22222222222222224
0.33333333333333337
0.15384615384615383
0.3636363636363636
0.0
0.13333333333333333
0.2758620689655173
0.25641025641025644
0.24999999999999997
0.22222222222222224
0.29629629629629634
0.2
0.3448275862068966
0.2
0.28571428571428575
0.1142857142857143
0.16666666666666669
0.16000000000000003
0.17142857142857143
0.24
0.34285714285714286
0.16000000000000003
0.13333333333333333
0.4285714285714285
0.10975609756097562
0.29629629629629634
0.2285714285714286
0.24
0.24
0.23529411764705882
0.15384615384615383
0.3333333333333333
0.24137931034482757
0.15384615384615383
0.14285714285714288
0.2222222222222222
0.4571428571428572
0.5217391304347826
0.13953488372093023
0.37499999999999994
0.0784313725490196
0.3870967741935483
0.07142857142857144
0.3157894736842105
0.15533980582524273
0.08000000000000002
0.35714285714285715
0.28571428571428575
0.15
0.45161290322580644
0.22222222222222224
0.16666666666666669
0.3333333333333333
0.10000000000000002
0.14285714285714285
0.16000000000000003
0.13333333333333333
0.4
0.13793103448275865
0.12121212121212123
0.10526315789473685
0.4848484848484849
0.19354838709677416
0.06666666666666667
0.1951219512195122
0.0
0.13636363636363635
0.19444444444444445
0.07142857142857144
0.380952380952381
0.3225806451612903
0.3043478260869565
0.24
0.24242424242424246
0.4615384615384615
0.17142857142857143
0.36842105263157887
0.17142857142857143
0.26666666666666666
0.11594202898550723
0.24999999999999997
0.0
0.3225806451612903
0.37209302325581395
0.19354838709677416
0.21428571428571425
0.24
0.09677419354838708
0.43999999999999995
0.15
0.07547169811320756
0.2222222222222222
0.08333333333333334
0.5
0.05714285714285715
0.21428571428571425
0.14814814814814817
0.3636363636363637
0.07692307692307691
0.12121212121212123
0.20000000000000004
0.08000000000000002
0.23076923076923075
0.29629629629629634
0.13333333333333333
0.6
0.0
0.35714285714285715
0.16666666666666663
0.28571428571428575
0.08333333333333334
0.08000000000000002
0.2
0.24999999999999997
0.20689655172413793
0.375
0.125
0.20689655172413793
0.3404255319148936
0.2285714285714286
0.41379310344827586
0.16000000000000003
0.29629629629629634
0.2
0.3636363636363637
0.33333333333333337
0.18749999999999997
0.2222222222222222
0.07692307692307691
0.06896551724137932
0.4444444444444444
0.3846153846153846
0.20689655172413793
0.1904761904761905
0.25
0.30769230769230765
0.07407407407407408
0.07407407407407408
0.2222222222222222
0.13793103448275865
0.14814814814814817
0.08333333333333334
0.2222222222222222
0.06896551724137932
0.14285714285714288
0.0
0.0
0.16666666666666663
0.37837837837837834
0.07142857142857144
0.1568627450980392
0.06896551724137931
0.2105263157894737
0.3157894736842105
0.041666666666666664
0.15384615384615383
0.2631578947368421
0.3846153846153846
0.22727272727272727
0.14285714285714288
0.12345679012345678
0.24
0.09302325581395349
0.3846153846153846
0.11904761904761904
0.41379310344827586
0.16000000000000003
0.08333333333333334
0.27906976744186046
0.08000000000000002
0.2666666666666666
0.32
0.4375
0.2631578947368421
0.30769230769230765
0.16000000000000003
0.2285714285714286
0.14814814814814817
0.09374999999999999
0.27906976744186046
0.07142857142857144
0.3225806451612903
0.25
0.16000000000000003
0.14634146341463414
0.28571428571428575
0.14634146341463414
0.35714285714285715
0.25
0.25
0.26666666666666666
0.29787234042553196
0.25
0.07692307692307691
0.24
0.21428571428571425
0.16000000000000003
0.4444444444444444
0.2758620689655173
0.16000000000000003
0.23076923076923075
0.4242424242424242
0.2666666666666666
0.24999999999999997
0.23076923076923075
0.15151515151515152
0.07142857142857144
0.07692307692307691
0.38888888888888884
0.16000000000000003
0.380952380952381
0.125
0.07142857142857144
0.25
0.4242424242424242
0.16000000000000003
0.0
0.37037037037037035
0.23076923076923075
0.20689655172413793
0.16000000000000003
0.16000000000000003
0.24
0.24
0.0
0.07407407407407408
0.24999999999999997
0.4
0.15384615384615385
0.4
0.3333333333333333
0.08000000000000002
0.4242424242424242
0.4117647058823529
0.125
0.24
0.14545454545454545
0.14285714285714288
0.4
0.20833333333333331
0.1904761904761905
0.14285714285714288
0.15384615384615383
0.1081081081081081
0.23076923076923075
0.33333333333333337
0.28571428571428575
0.16666666666666669
0.3
0.24
0.0
0.23529411764705882
0.07407407407407408
0.2777777777777778
0.15384615384615383
0.25806451612903225
0.058823529411764705
0.3333333333333333
0.2777777777777778
0.08333333333333334
0.4375
0.07692307692307691
0.37837837837837834
0.0
0.05000000000000001
0.08333333333333334
0.05128205128205128
0.0
0.25
0.3404255319148936
0.3243243243243243
0.4186046511627907
0.07142857142857144
0.125
0.45161290322580644
0.05405405405405405
0.3125
0.0
0.3846153846153846
0.23076923076923075
0.16666666666666669
0.5161290322580645
0.23076923076923075
0.358974358974359
0.16326530612244897
0.4
0.15384615384615383
0.4
0.05660377358490566
0.28571428571428575
0.18749999999999997
0.15384615384615383
0.0
0.2758620689655173
0.2
0.18181818181818185
0.08333333333333334
0.07894736842105263
0.28571428571428575
0.358974358974359
0.24
0.18749999999999997
0.3243243243243243
0.15384615384615385
0.33333333333333337
0.08333333333333334
0.24
0.21428571428571425
0.25806451612903225
0.08000000000000002
0.15789473684210525
0.6470588235294117
0.06666666666666667
0.20512820512820512
0.13793103448275865
0.29629629629629634
0.24
0.2
0.2222222222222222
0.3333333333333333
0.35714285714285715
0.3846153846153846
0.34285714285714286
0.22727272727272727
0.07692307692307691
0.20689655172413793
0.15384615384615383
0.23529411764705882
0.18749999999999997
0.23076923076923075
0.2222222222222222
0.20289855072463767
0.06666666666666667
0.08333333333333334
0.16
0.0
0.13333333333333333
0.08333333333333334
0.23809523809523808
0.2222222222222222
0.25806451612903225
0.37499999999999994
0.08
0.07407407407407408
0.14285714285714288
0.5714285714285715
0.16000000000000003
0.20689655172413793
0.3529411764705882
0.3157894736842105
0.16666666666666669
0.12903225806451613
0.5142857142857143
0.30769230769230765
0.2222222222222222
0.08
0.32000000000000006
0.16000000000000003
0.08333333333333334
0.16000000000000003
0.060606060606060615
0.14285714285714288
0.32000000000000006
0.4
0.05714285714285715
0.2222222222222222
0.20689655172413793
0.29629629629629634
0.28571428571428575
0.12903225806451613
0.16000000000000003
0.24
0.07692307692307691
0.11111111111111112
0.13043478260869565
0.16000000000000003
0.25806451612903225
0.125
0.16666666666666669
0.0
0.11111111111111112
0.4444444444444445
0.05555555555555556
0.3333333333333333
0.21428571428571425
0.0
0.30769230769230765
0.5625000000000001
0.18749999999999997
0.21428571428571425
0.23529411764705882
0.37499999999999994
0.0
0.13043478260869565
0.2222222222222222
0.48648648648648646
0.15384615384615383
0.3846153846153846
0.5185185185185185
0.32000000000000006
0.26666666666666666
0.25806451612903225
0.16666666666666666
0.24
0.24
0.1142857142857143
0.04705882352941177
0.16000000000000003
0.15384615384615383
0.07142857142857144
0.3
0.16000000000000003
0.08000000000000002
0.14285714285714288
0.20689655172413793
0.08000000000000002
0.15
0.5641025641025641
0.37499999999999994
0.16326530612244897
0.1724137931034483
0.3125
0.24
0.4666666666666667
0.4
0.16666666666666666
0.2
0.2758620689655173
0.25
0.0
0.08000000000000002
0.28571428571428575
0.2222222222222222
0.30769230769230765
0.24
0.15
0.15384615384615383
0.0
0.4
0.12765957446808512
0.27027027027027023
0.07142857142857144
0.21428571428571425
0.13793103448275865
0.19354838709677416
0.08000000000000002
0.16000000000000003
0.2222222222222222
0.08000000000000002
0.37931034482758624
0.4
0.4117647058823529
0.16000000000000003
0.2745098039215686
0.16000000000000003
0.588235294117647
0.16000000000000003
0.24999999999999997
0.10144927536231883
0.08333333333333334
0.32000000000000006
0.5185185185185185
0.19354838709677416
0.0
0.1764705882352941
0.125
0.08333333333333334
0.16000000000000003
0.08333333333333334
0.20689655172413793
0.48275862068965514
0.24
0.16000000000000003
0.3333333333333333
0.0
0.22727272727272727
0.25
0.34285714285714286
0.2
0.2222222222222222
0.4999999999999999
0.32000000000000006
0.28571428571428575
0.06666666666666667
0.4
0.15384615384615385
0.20512820512820512
0.5
0.08000000000000002
0.16666666666666669
0.16000000000000003
0.16666666666666669
0.08000000000000002
0.29629629629629634
0.15384615384615383
0.1333333333333333
0.3076923076923077
0.07407407407407408
0.23076923076923075
0.08333333333333334
0.2222222222222222
0.1702127659574468
0.16000000000000003
0.08000000000000002
0.28571428571428575
0.15384615384615383
0.15384615384615383
0.2941176470588235
0.18181818181818185
0.32000000000000006
0.2222222222222222
0.20689655172413793
0.19354838709677416
0.08000000000000002
0.3076923076923077
0.09523809523809525
0.32000000000000006
0.3243243243243243
0.1081081081081081
0.29629629629629634
0.2222222222222222
0.0
0.37499999999999994
0.30769230769230765
0.16000000000000003
0.2727272727272727
0.4444444444444444
0.23809523809523808
0.3846153846153846
0.4210526315789474
0.3333333333333333
0.2222222222222222
0.0
0.22222222222222224
0.10909090909090909
0.2222222222222222
0.3125
0.18749999999999997
0.33333333333333337
0.20000000000000004
0.16000000000000003
0.37037037037037035
0.24
0.1971830985915493
0.23076923076923075
0.06451612903225806
0.23809523809523808
0.07407407407407408
0.24
0.2285714285714286
0.3076923076923077
0.3125
0.23809523809523808
0.1951219512195122
0.25
0.2608695652173913
0.32000000000000006
0.35
0.2105263157894737
0.5161290322580645
0.07692307692307691
0.2
0.14285714285714288
0.06521739130434782
0.2758620689655173
0.0909090909090909
0.2222222222222222
0.32000000000000006
0.15384615384615383
0.1702127659574468
0.06741573033707865
0.14705882352941177
0.23529411764705882
0.20689655172413793
0.12903225806451613
0.24
0.08823529411764706
0.4285714285714285
0.15384615384615383
0.0
0.07692307692307691
0.07407407407407408
0.18181818181818182
0.5333333333333333
0.08000000000000002
0.1764705882352941
0.28571428571428575
0.10000000000000002
0.2105263157894737
0.4
0.23076923076923075
0.14814814814814817
0.060606060606060615
0.21428571428571425
0.2222222222222222
0.10619469026548671
0.2285714285714286
0.15384615384615383
0.07692307692307691
0.12121212121212123
0.08333333333333334
0.08888888888888889
0.23333333333333334
0.23076923076923075
0.25
0.3333333333333333
0.16666666666666669
0.16666666666666669
0.14285714285714288
0.24
0.22222222222222224
0.07407407407407408
0.16000000000000003
0.2926829268292683
0.5714285714285713
0.07407407407407408
0.08333333333333334
0.08333333333333334
0.2162162162162162
0.24242424242424246
0.48275862068965514
0.17142857142857143
0.3870967741935483
0.24999999999999997
0.2222222222222222
0.08000000000000002
0.2105263157894737
0.3414634146341463
0.07142857142857144
0.29629629629629634
0.28571428571428575
0.09302325581395349
0.26666666666666666
0.27027027027027023
0.23076923076923075
0.35714285714285715
0.25806451612903225
0.3636363636363637
0.4
0.3846153846153846
0.30769230769230765
0.3333333333333333
0.30769230769230765
0.07407407407407408
0.12903225806451613
0.14814814814814817
0.0625
0.30769230769230765
0.4615384615384615
0.10000000000000002
0.16000000000000003
0.3636363636363637
0.3870967741935483
0.23076923076923075
0.2285714285714286
0.24
0.17142857142857143
0.09677419354838708
0.41379310344827586
0.0625
0.3333333333333333
0.5185185185185185
0.24
0.14814814814814817
0.23076923076923075
0.3043478260869565
0.24
0.4324324324324324
0.4186046511627907
0.3846153846153846
0.3255813953488372
0.20689655172413793
0.32000000000000006
0.24
0.5161290322580645
0.2285714285714286
0.13333333333333333
0.060606060606060615
0.13793103448275865
0.13636363636363638
0.06896551724137932
0.23076923076923075
0.23076923076923075
0.2
0.23076923076923075
0.32000000000000006
0.37037037037037035
0.33333333333333337
0.23076923076923075
0.08000000000000002
0.24999999999999997
0.23076923076923075
0.08000000000000002
0.13953488372093023
0.09677419354838708
0.23076923076923075
0.3111111111111111
0.25
0.29787234042553196
0.07142857142857144
0.16666666666666669
0.13333333333333333
0.14285714285714288
0.14285714285714282
0.06896551724137932
0.14814814814814817
0.2222222222222222
0.15384615384615383
0.12244897959183673
0.16000000000000003
0.16000000000000003
0.23076923076923075
0.3448275862068966
0.20689655172413793
0.4285714285714285
0.23076923076923075
0.2
0.15384615384615383
0.24
0.3333333333333333
0.2222222222222222
0.10000000000000002
0.13793103448275865
0.23333333333333334
0.16666666666666669
0.13793103448275865
0.32000000000000006
0.5641025641025641
0.35714285714285715
0.4242424242424242
0.07407407407407408
0.5625000000000001
0.2222222222222222
0.16666666666666669
0.0
0.19354838709677416
0.15384615384615383
0.125
0.19354838709677416
0.13333333333333333
0.3125
0.24999999999999997
0.07692307692307691
0.33333333333333337
0.125
0.06666666666666667
0.16666666666666663
0.4
0.29629629629629634
0.30769230769230765
0.13953488372093023
0.24999999999999997
0.2162162162162162
0.30769230769230765
0.05128205128205128
0.3529411764705882
0.16666666666666669
0.2
0.06666666666666667
0.0
0.07692307692307691
0.15384615384615383
0.0
0.32000000000000006
0.125
0.12
0.07692307692307691
0.0
0.16000000000000003
0.21428571428571425
0.23076923076923075
0.06451612903225806
0.13793103448275865
0.29629629629629634
0.3529411764705882
0.5
0.16666666666666669
0.19354838709677416
0.07142857142857142
0.14285714285714288
0.16000000000000003
0.25531914893617025
0.2
0.23076923076923075
0.08333333333333334
0.30769230769230765
0.16000000000000003
0.2758620689655173
0.24
0.08000000000000002
0.23076923076923075
0.12903225806451613
0.22727272727272727
0.46153846153846156
0.3448275862068966
0.2745098039215686
0.15384615384615383
0.3225806451612903
0.14285714285714282
0.13793103448275865
0.16666666666666669
0.16000000000000003
0.16000000000000003
0.20689655172413793
0.11111111111111112
0.07142857142857144
0.16000000000000003
0.32000000000000006
0.10062893081761008
0.07142857142857144
0.07142857142857144
0.16000000000000003
0.20689655172413793
0.16000000000000003
0.14814814814814817
0.22727272727272727
0.2758620689655173
0.11764705882352941
0.5161290322580645
0.2105263157894737
0.15384615384615383
0.08000000000000002
0.4
0.3125
0.16666666666666669
0.0
0.23076923076923075
0.08333333333333334
0.24999999999999997
0.25
0.32000000000000006
0.2597402597402597
0.21428571428571425
0.13793103448275865
0.07407407407407408
0.19354838709677416
0.19230769230769232
0.0625
0.12903225806451613
0.30769230769230765
0.14814814814814817
0.0
0.13333333333333333
0.06896551724137932
0.14285714285714288
0.061538461538461535
0.2222222222222222
0.08000000000000002
0.4
0.07692307692307691
0.33333333333333337
0.14814814814814817
0.14285714285714288
0.28571428571428575
0.05555555555555556
0.33333333333333337
0.2916666666666667
0.1818181818181818
0.14814814814814817
0.2222222222222222
0.17721518987341772
0.11764705882352941
0.20689655172413793
0.32000000000000006
0.5
0.19354838709677416
0.14814814814814817
0.08333333333333334
0.14285714285714288
0.21428571428571425
0.08000000000000002
0.32000000000000006
0.27027027027027023
0.37837837837837834
0.06451612903225806
0.08000000000000002
0.2222222222222222
0.15384615384615383
0.19354838709677416
0.24
0.16666666666666669
0.33333333333333337
0.0625
0.07692307692307691
0.18749999999999997
0.33333333333333326
0.2
0.09677419354838708
0.08333333333333334
0.32000000000000006
0.23376623376623376
0.16000000000000003
0.2758620689655173
0.18749999999999997
0.30769230769230765
0.16091954022988506
0.14814814814814817
0.12903225806451613
0.19354838709677416
0.18181818181818185
0.06060606060606061
0.125
0.33333333333333337
0.11320754716981132
0.5185185185185185
0.0
0.3846153846153846
0.06451612903225806
0.30303030303030304
0.125
0.27027027027027023
0.13333333333333333
0.09756097560975609
0.125
0.4
0.29629629629629634
0.30769230769230765
0.29629629629629634
0.1904761904761905
0.37499999999999994
0.30769230769230765
0.0909090909090909
0.3846153846153846
0.3333333333333333
0.20000000000000004
0.07407407407407408
0.12121212121212123
0.3103448275862069
0.1764705882352941
0.33333333333333337
0.4
0.2222222222222222
0.16666666666666669
0.41379310344827586
0.06666666666666667
0.15384615384615383
0.10714285714285714
0.3846153846153846
0.13793103448275865
0.07142857142857144
0.28571428571428575
0.21428571428571427
0.33333333333333337
0.38888888888888884
0.14285714285714288
0.30769230769230765
0.15789473684210525
0.044444444444444446
0.30769230769230765
0.2631578947368421
0.16000000000000003
0.24615384615384614
0.125
0.10810810810810811
0.25641025641025644
0.16000000000000003
0.25
0.20588235294117646
0.16000000000000003
0.380952380952381
0.25
0.32000000000000006
0.20689655172413793
0.3333333333333333
0.21428571428571425
0.2105263157894737
0.28571428571428575
0.20833333333333331
0.3448275862068966
0.07142857142857144
0.17391304347826086
0.0
0.08695652173913043
0.2127659574468085
0.12903225806451613
0.30769230769230765
0.588235294117647
0.15384615384615383
0.11111111111111112
0.28571428571428575
0.14814814814814817
0.11764705882352941
0.15384615384615383
0.15384615384615385
0.15384615384615383
0.24999999999999997
0.20689655172413793
0.47058823529411764
0.060606060606060615
0.3255813953488372
0.41379310344827586
0.24
0.2222222222222222
0.07142857142857144
0.4117647058823529
0.0
0.5161290322580645
0.4
0.6206896551724138
0.16666666666666663
0.16000000000000003
0.06666666666666667
0.0
0.21428571428571425
0.15384615384615383
0.4
0.1081081081081081
0.15384615384615383
0.0975609756097561
0.23529411764705882
0.16000000000000003
0.19178082191780824
0.3125
0.1142857142857143
0.23076923076923075
0.24
0.2222222222222222
0.2
0.30769230769230765
0.24
0.4
0.15625
0.21428571428571425
0.24242424242424246
0.23076923076923075
0.37837837837837834
0.37037037037037035
0.11111111111111112
0.07142857142857144
0.0
0.125
0.28571428571428575
0.12121212121212123
0.33333333333333337
0.3225806451612903
0.16000000000000003
0.24
0.19354838709677416
0.2777777777777778
0.24
0.0
0.24
0.4
0.11764705882352941
0.41379310344827586
0.06666666666666667
0.08000000000000002
0.4444444444444444
0.0
0.32000000000000006
0.4848484848484849
0.12121212121212123
0.08333333333333334
0.5714285714285715
0.3404255319148936
0.18749999999999997
0.21428571428571425
0.08000000000000002
0.23076923076923075
0.05714285714285715
0.24
0.08000000000000002
0.25000000000000006
0.07692307692307691
0.13793103448275865
0.14285714285714288
0.3636363636363637
0.15094339622641512
0.35714285714285715
0.07692307692307691
0.2285714285714286
0.14285714285714288
0.11764705882352941
0.3404255319148936
0.28571428571428575
0.07692307692307691
0.29629629629629634
0.29629629629629634
0.06666666666666667
0.23076923076923075
0.15384615384615383
0.29629629629629634
0.4615384615384615
0.11111111111111112
0.4615384615384615
0.24
0.07692307692307691
0.14814814814814817
0.4
0.0
0.2758620689655173
0.2
0.14893617021276595
0.24
0.2758620689655173
0.30769230769230765
0.16000000000000003
0.14814814814814817
0.35714285714285715
0.339622641509434
0.0625
0.16000000000000003
0.15384615384615383
0.16000000000000003
0.3111111111111111
0.052631578947368425
0.06896551724137932
0.04761904761904762
0.30769230769230765
0.23076923076923075
0.0
0.13333333333333333
0.5185185185185185
0.0
0.24242424242424246
0.24999999999999997
0.4
0.12121212121212123
0.3243243243243243
0.4
0.07407407407407408
0.10909090909090909
0.3225806451612903
0.5517241379310346
0.14814814814814817
0.15384615384615383
0.15384615384615383
0.24
0.2758620689655173
0.08000000000000002
0.4615384615384615
0.0
0.28571428571428564
0.28571428571428575
0.15384615384615383
0.29629629629629634
0.1764705882352941
0.4444444444444444
0.3902439024390244
0.35714285714285715
0.3333333333333333
0.15384615384615383
0.13793103448275865
0.16000000000000003
0.07692307692307691
0.41379310344827586
0.2631578947368421
0.0
0.0
0.23076923076923075
0.22727272727272727
0.24
0.0625
0.35714285714285715
0.25
0.15384615384615383
0.13793103448275865
0.48275862068965514
0.24
0.4444444444444444
0.0
0.20833333333333331
0.10526315789473685
0.1724137931034483
0.35714285714285715
0.06666666666666667
0.32000000000000006
0.2666666666666666
0.26666666666666666
0.14814814814814817
0.21428571428571425
0.05128205128205128
0.16666666666666669
0.5625000000000001
0.0
0.3529411764705882
0.06666666666666667
0.30769230769230765
0.25925925925925924
0.1142857142857143
0.1702127659574468
0.22222222222222224
0.1951219512195122
0.2727272727272727
0.4242424242424242
0.4210526315789474
0.23076923076923075
0.10126582278481014
0.20512820512820512
0.16666666666666669
0.0392156862745098
0.38888888888888884
0.24999999999999997
0.4347826086956522
0.15789473684210525
0.4
0.15789473684210525
0.16666666666666669
0.21428571428571425
0.24
0.35714285714285715
0.4666666666666667
0.09302325581395349
0.23188405797101447
0.3076923076923077
0.22727272727272727
0.5
0.21428571428571425
0.02898550724637681
0.16666666666666669
0.30303030303030304
0.31818181818181823
0.34782608695652173
0.4
0.2
0.3846153846153846
0.16666666666666669
0.10958904109589042
0.4
0.16666666666666669
0.15384615384615383
0.0
0.4285714285714285
0.32000000000000006
0.22222222222222224
0.23809523809523808
0.37037037037037035
0.13333333333333333
0.25806451612903225
0.0
0.07407407407407408
0.16000000000000003
0.14285714285714288
0.28571428571428575
0.4285714285714285
0.23076923076923075
0.1333333333333333
0.30769230769230765
0.23076923076923075
0.15384615384615383
0.14814814814814817
0.2941176470588235
0.24999999999999997
0.0
0.21428571428571425
0.16000000000000003
0.5
0.5365853658536585
0.37499999999999994
0.4117647058823529
0.0
0.10526315789473685
0.24999999999999997
0.21428571428571425
0.0
0.15384615384615385
0.07407407407407408
0.20000000000000004
0.16000000000000003
0.21428571428571425
0.5714285714285715
0.4117647058823529
0.4999999999999999
0.0
0.05714285714285715
0.0
0.28571428571428575
0.19354838709677416
0.15384615384615383
0.4615384615384615
0.20512820512820512
0.32000000000000006
0.18749999999999997
0.37037037037037035
0.23076923076923075
0.16666666666666663
0.4999999999999999
0.14285714285714288
0.25
0.15384615384615385
0.12903225806451613
0.08888888888888889
0.06896551724137932
0.4375
0.24999999999999997
0.28571428571428575
0.26666666666666666
0.30769230769230765
0.22222222222222224
0.075
0.4444444444444444
0.24999999999999997
0.380952380952381
0.16000000000000003
0.06896551724137932
0.30769230769230765
0.27906976744186046
0.15384615384615383
0.10526315789473685
0.31818181818181823
0.3529411764705882
0.2222222222222222
0.14814814814814817
0.16000000000000003
0.13333333333333333
0.15384615384615383
0.3076923076923077
0.08333333333333333
0.24999999999999997
0.0392156862745098
0.3076923076923077
0.5714285714285715
0.33333333333333337
0.07692307692307691
0.13636363636363635
0.13793103448275865
0.1142857142857143
0.08333333333333334
0.16000000000000003
0.30769230769230765
0.26666666666666666
0.3111111111111111
0.5806451612903226
0.5
0.35714285714285715
0.32000000000000006
0.2777777777777778
0.2631578947368421
0.07142857142857144
0.30769230769230765
0.2105263157894737
0.19607843137254902
0.22222222222222224
0.16000000000000003
0.2222222222222222
0.24
0.0
0.0
0.16000000000000003
0.4666666666666667
0.2162162162162162
0.05405405405405405
0.21428571428571425
0.35714285714285715
0.2222222222222222
0.13333333333333333
0.4210526315789474
0.15384615384615383
0.0779220779220779
0.28571428571428575
0.15384615384615383
0.25
0.41379310344827586
0.3529411764705882
0.07692307692307691
0.1739130434782609
0.24
0.5333333333333333
0.3870967741935483
0.0
0.26666666666666666
0.4444444444444444
0.08333333333333334
0.12903225806451613
0.4999999999999999
0.22222222222222224
0.29787234042553196
0.14285714285714288
0.23076923076923075
0.20512820512820512
0.16666666666666669
0.25
0.3846153846153846
0.058823529411764705
0.3125
0.24
0.0
0.14285714285714288
0.24
0.3846153846153846
0.30769230769230765
0.30303030303030304
0.24
0.16000000000000003
0.37037037037037035
0.07692307692307691
0.23076923076923075
0.25
0.0
0.06896551724137932
0.24
0.30303030303030304
0.33333333333333337
0.32000000000000006
0.45161290322580644
0.23076923076923075
0.23809523809523808
0.24390243902439024
0.28571428571428575
0.15384615384615383
0.2222222222222222
0.16000000000000003
0.13953488372093023
0.13793103448275865
0.30769230769230765
0.45
0.1333333333333333
0.47058823529411764
0.3448275862068966
0.3902439024390244
0.34285714285714286
0.30188679245283023
0.15384615384615383
0.1764705882352941
0.18000000000000002
0.2222222222222222
0.07407407407407408
0.15384615384615383
0.14814814814814817
0.24
0.11494252873563218
0.24
0.14814814814814817
0.16666666666666663
0.3529411764705882
0.17699115044247787
0.29629629629629634
0.24242424242424246
0.07407407407407408
0.16666666666666669
0.17142857142857143
0.06666666666666667
0.28571428571428575
0.1
0.37837837837837834
0.25
0.23076923076923075
0.24
0.5625000000000001
0.2222222222222222
0.16666666666666669
0.5
0.3870967741935483
0.14814814814814817
0.2222222222222222
0.10000000000000002
0.07692307692307691
0.21428571428571425
0.07692307692307691
0.3870967741935483
0.16666666666666669
0.24
0.23076923076923075
0.26666666666666666
0.32000000000000006
0.23076923076923075
0.26666666666666666
0.41379310344827586
0.32653061224489793
0.24
0.3448275862068966
0.1764705882352941
0.0851063829787234
0.4375
0.4
0.16666666666666669
0.23076923076923075
0.2222222222222222
0.24
0.16000000000000003
0.10526315789473685
0.17142857142857143
0.24999999999999997
0.11627906976744187
0.04878048780487805
0.0851063829787234
0.2758620689655173
0.32000000000000006
0.32000000000000006
0.18749999999999997
0.08000000000000002
0.07142857142857144
0.19354838709677416
0.15384615384615383
0.32000000000000006
0.3225806451612903
0.0
0.35714285714285715
0.48275862068965514
0.13333333333333333
0.32000000000000006
0.16666666666666669
0.5
0.3225806451612903
0.23529411764705882
0.15384615384615383
0.27027027027027023
0.24999999999999997
0.15384615384615383
0.4615384615384615
0.27027027027027023
0.25806451612903225
0.07547169811320756
0.3225806451612903
0.24
0.28571428571428575
0.18181818181818185
0.16000000000000003
0.3125
0.24999999999999997
0.2222222222222222
0.12903225806451613
0.30769230769230765
0.38888888888888884
0.14814814814814817
0.28571428571428575
0.2
0.4
0.14814814814814817
0.15384615384615385
0.3448275862068966
0.07407407407407408
0.24999999999999997
0.14285714285714288
0.07407407407407408
0.16666666666666666
0.33333333333333337
0.060606060606060615
0.24
0.29629629629629634
0.19354838709677416
0.15384615384615383
0.16000000000000003
0.24
0.4
0.2173913043478261
0.3333333333333333
0.09803921568627451
0.30188679245283023
0.3111111111111111
0.588235294117647
0.45161290322580644
0.24
0.32000000000000006
0.14814814814814817
0.18181818181818185
0.24999999999999997
0.2222222222222222
0.6
0.48275862068965514
0.15151515151515152
0.4444444444444444
0.08163265306122448
0.25
0.14285714285714288
0.08333333333333334
0.3414634146341463
0.4
0.3846153846153846
0.0
0.3255813953488372
0.12121212121212123
0.0
0.14814814814814817
0.18604651162790697
0.11764705882352941
0.25806451612903225
0.0
0.08000000000000002
0.23529411764705882
0.08000000000000002
0.24
0.060606060606060615
0.12121212121212123
0.41025641025641024
0.16666666666666669
0.5185185185185185
0.0779220779220779
0.09836065573770492
0.33333333333333337
0.2222222222222222
0.22535211267605632
0.22222222222222227
0.16000000000000003
0.1764705882352941
0.025316455696202535
0.13333333333333333
0.07142857142857144
0.18749999999999997
0.15789473684210525
0.16666666666666669
0.14285714285714288
0.1764705882352941
0.35714285714285715
0.0
0.2545454545454545
0.038461538461538464
0.07407407407407408
0.32000000000000006
0.3225806451612903
0.4
0.2162162162162162
0.23076923076923075
0.2941176470588235
0.4
0.12121212121212123
0.30769230769230765
0.3846153846153846
0.15625
0.2758620689655173
0.04878048780487805
0.1694915254237288
0.17777777777777778
0.25
0.16000000000000003
0.3846153846153846
0.23076923076923075
0.32000000000000006
0.28571428571428575
0.0
0.16666666666666669
0.16000000000000003
0.33333333333333337
0.2
0.23809523809523808
0.2222222222222222
0.23076923076923075
0.3225806451612903
0.12987012987012986
0.27027027027027023
0.32000000000000006
0.24242424242424246
0.33333333333333326
0.23529411764705882
0.125
0.0
0.4444444444444445
0.19354838709677416
0.48275862068965514
0.08000000000000002
0.13333333333333333
0.08000000000000002
0.08333333333333334
0.5161290322580645
0.08333333333333333
0.16666666666666663
0.27118644067796605
0.18181818181818185
0.32000000000000006
0.1081081081081081
0.17142857142857143
0.13793103448275865
0.19230769230769232
0.25641025641025644
0.29629629629629634
0.0
0.1142857142857143
0.18604651162790697
0.32000000000000006
0.07692307692307691
0.19230769230769232
0.16666666666666669
0.1764705882352941
0.3243243243243243
0.07142857142857144
0.35714285714285715
0.4
0.12765957446808512
0.2222222222222222
0.3333333333333333
0.24
0.13333333333333333
0.2
0.24
0.16666666666666669
0.2222222222222222
0.16000000000000003
0.45161290322580644
0.16000000000000003
0.2777777777777778
0.29629629629629634
0.4375
0.3414634146341463
0.16000000000000003
0.13636363636363635
0.3636363636363637
0.14814814814814817
0.14285714285714288
0.33333333333333337
0.4615384615384615
0.29629629629629634
0.2941176470588235
0.3333333333333333
0.3529411764705882
0.588235294117647
0.06896551724137932
0.08000000000000002
0.3125
0.23809523809523808
0.2222222222222222
0.15384615384615383
0.16000000000000003
0.4444444444444445
0.4
0.13793103448275865
0.5
0.0
0.08000000000000002
0.45161290322580644
0.29629629629629634
0.28571428571428575
0.24999999999999997
0.24
0.2941176470588235
0.0
0.5238095238095238
0.2285714285714286
0.08000000000000002
0.2941176470588235
0.15384615384615383
0.380952380952381
0.06666666666666667
0.13793103448275865
0.2631578947368421
0.17721518987341772
0.4
0.08000000000000002
0.07692307692307691
0.1142857142857143
0.32000000000000006
0.23809523809523808
0.2631578947368421
0.25806451612903225
0.14814814814814817
0.13333333333333333
0.09032258064516129
0.16000000000000003
0.37037037037037035
0.29629629629629634
0.09523809523809525
0.4285714285714285
0.23076923076923075
0.3846153846153846
0.0
0.16216216216216214
0.19354838709677416
0.28571428571428575
0.3846153846153846
0.4
0.24242424242424246
0.30769230769230765
0.24
0.18181818181818185
0.24
0.1388888888888889
0.05714285714285715
0.20689655172413793
0.4117647058823529
0.30769230769230765
0.14814814814814817
0.5
0.3125
0.06666666666666667
0.1904761904761905
0.0
0.24
0.16666666666666669
0.20689655172413793
0.48648648648648646
0.33333333333333337
0.4615384615384615
0.21428571428571425
0.21428571428571425
0.25806451612903225
0.18181818181818185
0.07692307692307691
0.3870967741935483
0.0
0.24
0.2222222222222222
0.2777777777777778
0.16666666666666669
0.3225806451612903
0.16000000000000003
0.04597701149425287
0.10000000000000002
0.4
0.23076923076923075
0.13793103448275865
0.08333333333333334
0.07407407407407408
0.2285714285714286
0.06896551724137932
0.37499999999999994
0.07692307692307691
0.24
0.08333333333333334
0.2
0.07142857142857144
0.27906976744186046
0.29629629629629634
0.22727272727272727
0.30303030303030304
0.2162162162162162
0.2285714285714286
0.16000000000000003
0.2127659574468085
0.4999999999999999
0.26666666666666666
0.14285714285714288
0.20689655172413793
0.4
0.13043478260869565
0.3243243243243243
0.19354838709677416
0.20689655172413793
0.20833333333333331
0.07692307692307691
0.0
0.08333333333333334
0.14814814814814817
0.24
0.12121212121212123
0.2
0.46808510638297873
0.0
0.2941176470588235
0.24242424242424246
0.06896551724137932
0.14285714285714288
0.2222222222222222
0.3333333333333333
0.2
0.28571428571428575
0.30769230769230765
0.14814814814814817
0.1016949152542373
0.36363636363636365
0.3448275862068966
0.14814814814814817
0.24999999999999997
0.15384615384615383
0.3157894736842105
0.21428571428571425
0.07692307692307691
0.06896551724137932
0.15384615384615383
0.07692307692307691
0.25
0.0
0.32727272727272727
0.3529411764705882
0.20689655172413793
0.18749999999999997
0.07407407407407408
0.29629629629629634
0.27027027027027023
0.07692307692307691
0.06451612903225806
0.2
0.14814814814814817
0.4
0.21428571428571425
0.24
0.3243243243243243
0.29629629629629634
0.10958904109589042
0.18181818181818185
0.21428571428571425
0.21428571428571425
0.2545454545454545
0.0
0.35714285714285715
0.18181818181818185
0.07407407407407408
0.14814814814814817
0.1333333333333333
0.3728813559322034
0.2631578947368421
0.16666666666666663
0.2
0.058823529411764705
0.33333333333333337
0.16666666666666669
0.14814814814814817
0.5
0.21428571428571425
0.06666666666666667
0.15384615384615383
0.24
0.07692307692307691
0.18181818181818185
0.30769230769230765
0.13333333333333333
0.08333333333333333
0.23529411764705882
0.08
0.23076923076923075
0.23076923076923075
0.11764705882352941
0.358974358974359
0.26666666666666666
0.32000000000000006
0.27027027027027023
0.0625
0.0
0.22727272727272727
0.14814814814814817
0.12903225806451613
0.4444444444444444
0.16000000000000003
0.14545454545454545
0.14285714285714288
0.3125
0.16000000000000003
0.08000000000000002
0.20833333333333331
0.16666666666666669
0.18749999999999997
0.16000000000000003
0.0
0.12244897959183673
0.0
0.4285714285714285
0.16326530612244897
0.3870967741935483
0.060606060606060615
0.14814814814814817
0.29629629629629634
0.0
0.2758620689655173
0.23076923076923075
0.12
0.08333333333333334
0.23076923076923075
0.2222222222222222
0.4
0.20689655172413793
0.2
0.2222222222222222
0.10000000000000002
0.06451612903225806
0.125
0.24999999999999997
0.13793103448275865
0.21428571428571425
0.2758620689655173
0.13333333333333333
0.14814814814814817
0.19354838709677416
0.23188405797101447
0.4666666666666667
0.08000000000000002
0.4
0.07692307692307691
0.1333333333333333
0.4
0.0
0.29411764705882354
0.19354838709677416
0.16666666666666669
0.052631578947368425
0.14814814814814817
0.22727272727272727
0.3333333333333333
0.23255813953488372
0.16666666666666669
0.1764705882352941
0.125
0.5365853658536585
0.08333333333333334
0.23255813953488372
0.13793103448275865
0.27027027027027023
0.29629629629629634
0.0
0.20689655172413793
0.14285714285714288
0.14285714285714288
0.2285714285714286
0.07692307692307691
0.16000000000000003
0.06451612903225806
0.45
0.11111111111111112
0.08333333333333334
0.4
0.1142857142857143
0.0
0.07692307692307691
0.33333333333333337
0.0
0.12903225806451613
0.41379310344827586
0.24
0.0
0.14285714285714282
0.625
0.24242424242424246
0.07407407407407408
0.37499999999999994
0.15384615384615383
0.05128205128205128
0.32000000000000006
0.5
0.08000000000000002
0.08000000000000002
0.30769230769230765
0.06896551724137932
0.26666666666666666
0.2777777777777778
0.14814814814814817
0.32000000000000006
0.35714285714285715
0.3043478260869565
0.1951219512195122
0.15384615384615383
0.2105263157894737
0.16216216216216214
0.1904761904761905
0.4848484848484849
0.08333333333333334
0.3
0.3076923076923077
0.14814814814814817
0.24
0.30769230769230765
0.28571428571428575
0.16666666666666669
0.0
0.4
0.12903225806451613
0.24
0.10000000000000002
0.25806451612903225
0.1333333333333333
0.1142857142857143
0.07142857142857144
0.13043478260869565
0.3448275862068966
0.0
0.2285714285714286
0.20689655172413793
0.0
0.14285714285714288
0.23076923076923075
0.05714285714285715
0.25806451612903225
0.0
0.4
0.16000000000000003
0.2758620689655173
0.16000000000000003
0.28571428571428575
0.07692307692307691
0.2758620689655173
0.15
0.1142857142857143
0.32000000000000006
0.4
0.35555555555555557
0.21428571428571425
0.34285714285714286
0.47058823529411764
0.15384615384615383
0.10526315789473685
0.30769230769230765
0.30769230769230765
0.2222222222222222
0.13333333333333333
0.18749999999999997
0.13793103448275865
0.16666666666666669
0.08333333333333334
0.15384615384615383
0.2162162162162162
0.16666666666666669
0.12048192771084337
0.1951219512195122
0.14814814814814817
0.2758620689655173
0.125
0.23076923076923075
0.27027027027027023
0.08000000000000002
0.07692307692307691
0.07142857142857144
0.2909090909090909
0.043478260869565216
0.11267605633802816
0.0
0.0
0.4117647058823529
0.3508771929824562
0.2222222222222222
0.29629629629629634
0.16666666666666669
0.30303030303030304
0.08333333333333334
0.22222222222222224
0.05714285714285715
0.33333333333333337
0.06896551724137932
0.33333333333333326
0.08000000000000002
0.4242424242424242
0.23076923076923075
0.4444444444444445
0.046511627906976744
0.37735849056603776
0.07142857142857144
0.48275862068965514
0.08
0.24999999999999997
0.3333333333333333
0.37037037037037035
0.30769230769230765
0.23076923076923075
0.27586206896551724
0.27027027027027023
0.2758620689655173
0.2692307692307692
0.32000000000000006
0.3913043478260869
0.3225806451612903
0.4285714285714285
0.20689655172413793
0.24
0.4
0.1558441558441558
0.32000000000000006
0.0
0.24561403508771934
0.2222222222222222
0.29629629629629634
0.4
0.2
0.4571428571428572
0.4571428571428572
0.24
0.32000000000000006
0.38888888888888884
0.14285714285714288
0.24175824175824173
0.07142857142857144
0.28571428571428575
0.34285714285714286
0.16000000000000003
0.2758620689655173
0.19444444444444445
0.06779661016949151
0.24999999999999997
0.13793103448275865
0.30769230769230765
0.16000000000000003
0.22857142857142856
0.23076923076923075
0.4999999999999999
0.16000000000000003
0.11235955056179776
0.2222222222222222
0.21538461538461537
0.2222222222222222
0.2608695652173913
0.37499999999999994
0.23529411764705882
0.2941176470588235
0.27586206896551724
0.24
0.0
0.14814814814814817
0.5333333333333333
0.16000000000000003
0.24
0.15384615384615383
0.12903225806451613
0.24242424242424246
0.2222222222222222
0.30303030303030304
0.15384615384615383
0.2909090909090909
0.0
0.2222222222222222
0.48275862068965514
0.21428571428571425
0.24
0.5
0.13333333333333333
0.24
0.12121212121212123
0.5806451612903226
0.20689655172413793
0.23076923076923075
0.060606060606060615
0.16000000000000003
0.11764705882352941
0.28571428571428575
0.14285714285714288
0.07407407407407408
0.05714285714285715
0.07407407407407408
0.28571428571428575
0.3125
0.07692307692307691
0.16216216216216214
0.16666666666666669
0.5
0.2222222222222222
0.24
0.16216216216216214
0.08333333333333334
0.32000000000000006
0.28571428571428564
0.14814814814814817
0.1764705882352941
0.24999999999999997
0.32000000000000006
0.11650485436893204
0.21428571428571425
0.37037037037037035
0.16000000000000003
0.0
0.16000000000000003
0.37037037037037035
0.2
0.0625
0.16666666666666669
0.0
0.20689655172413793
0.2222222222222222
0.3111111111111111
0.2727272727272727
0.2162162162162162
0.02857142857142857
0.30769230769230765
0.25531914893617025
0.0
0.06666666666666667
0.27027027027027023
0.4
0.3846153846153846
0.14634146341463414
0.4
0.14814814814814817
0.37837837837837834
0.5333333333333333
0.45833333333333337
0.15384615384615383
0.24
0.28571428571428575
0.20689655172413793
0.16666666666666669
0.13333333333333333
0.2033898305084746
0.21428571428571425
0.28571428571428575
0.6470588235294117
0.43137254901960786
0.07692307692307691
0.08333333333333334
0.07407407407407408
0.15384615384615383
0.29629629629629634
0.13793103448275865
0.32653061224489793
0.08333333333333334
0.061538461538461535
0.13333333333333333
0.32000000000000006
0.06451612903225806
0.23076923076923075
0.38888888888888884
0.16000000000000003
0.21428571428571425
0.07407407407407408
0.4666666666666667
0.26415094339622636
0.16000000000000003
0.08000000000000002
0.14285714285714288
0.16666666666666669
0.19230769230769232
0.4285714285714285
0.0
0.2
0.22222222222222224
0.15384615384615383
0.15384615384615385
0.12903225806451613
0.1818181818181818
0.0
0.2222222222222222
0.07407407407407408
0.16666666666666669
0.23529411764705882
0.2222222222222222
0.12345679012345678
0.24999999999999997
0.26666666666666666
0.4999999999999999
0.33333333333333337
0.48275862068965514
0.24
0.06666666666666667
0.16666666666666669
0.0
0.3846153846153846
0.24999999999999997
0.1764705882352941
0.16000000000000003
0.16393442622950818
0.20689655172413793
0.3529411764705882
0.32000000000000006
0.08333333333333334
0.30769230769230765
0.4
0.4999999999999999
0.28571428571428564
0.24999999999999997
0.23076923076923075
0.19354838709677416
0.30303030303030304
0.16666666666666669
0.30303030303030304
0.14814814814814817
0.4444444444444445
0.25806451612903225
0.15384615384615383
0.24
0.08000000000000002
0.15384615384615383
0.3846153846153846
0.06896551724137932
0.32000000000000006
0.12121212121212123
0.2758620689655173
0.2285714285714286
0.25925925925925924
0.25806451612903225
0.18181818181818185
0.30769230769230765
0.12
0.20689655172413793
0.07142857142857144
0.2222222222222222
0.125
0.2222222222222222
0.4285714285714285
0.2941176470588235
0.07142857142857144
0.0
0.0
0.15384615384615383
0.16666666666666669
0.08000000000000002
0.24
0.20689655172413793
0.24242424242424246
0.07692307692307691
0.08000000000000002
0.17142857142857143
0.46511627906976744
0.14814814814814817
0.2222222222222222
0.20512820512820512
0.4999999999999999
0.14814814814814817
0.058823529411764705
0.17142857142857143
0.4375
0.14634146341463414
0.2
0.15384615384615383
0.26666666666666666
0.16000000000000003
0.25641025641025644
0.24
0.24
0.32000000000000006
0.04878048780487805
0.37037037037037035
0.20689655172413793
0.08333333333333334
0.5161290322580645
0.2222222222222222
0.33333333333333337
0.28571428571428564
0.15094339622641512
0.16216216216216214
0.09302325581395349
0.1333333333333333
0.2631578947368421
0.24
0.27027027027027023
0.15384615384615383
0.13793103448275865
0.28571428571428575
0.16000000000000003
0.25
0.5806451612903226
0.24
0.07692307692307691
0.060606060606060615
0.0
0.30303030303030304
0.11764705882352941
0.15384615384615383
0.07407407407407408
0.18181818181818185
0.24999999999999997
0.33333333333333337
0.07407407407407408
0.16666666666666669
0.14814814814814817
0.23076923076923075
0.07751937984496124
0.3
0.21428571428571425
0.28571428571428575
0.11764705882352941
0.18181818181818185
0.4878048780487805
0.23529411764705882
0.3448275862068966
0.2222222222222222
0.14814814814814817
0.32000000000000006
0.15384615384615385
0.14814814814814817
0.28571428571428575
0.14814814814814817
0.07692307692307691
0.13793103448275865
0.16666666666666663
0.35714285714285715
0.28571428571428575
0.09523809523809525
0.06382978723404256
0.3846153846153846
0.3225806451612903
0.1764705882352941
0.35714285714285715
0.24
0.3157894736842105
0.1951219512195122
0.3448275862068966
0.16000000000000003
0.33333333333333337
0.41379310344827586
0.15384615384615383
0.29629629629629634
0.20689655172413793
0.07692307692307691
0.32000000000000006
0.14285714285714282
0.07142857142857144
0.08000000000000002
0.3333333333333333
0.0
0.2222222222222222
0.32000000000000006
0.4615384615384615
0.29629629629629634
0.11111111111111112
0.15384615384615383
0.20689655172413793
0.16666666666666669
0.19354838709677416
0.33333333333333337
0.18181818181818185
0.07692307692307691
0.09803921568627451
0.38888888888888884
0.3846153846153846
0.4444444444444445
0.10000000000000002
0.0
0.27027027027027023
0.24999999999999997
0.19230769230769232
0.5185185185185185
0.48275862068965514
0.33333333333333337
0.3673469387755102
0.19354838709677416
0.24
0.15384615384615383
0.07142857142857144
0.24
0.23333333333333334
0.37499999999999994
0.13636363636363635
0.28571428571428575
0.35
0.17391304347826086
0.23076923076923075
0.23076923076923075
0.08000000000000002
0.07142857142857144
0.16666666666666663
0.3225806451612903
0.17777777777777778
0.1764705882352941
0.16000000000000003
0.37037037037037035
0.20689655172413793
0.3846153846153846
0.35555555555555557
0.0
0.3846153846153846
0.24
0.28571428571428575
0.30769230769230765
0.14814814814814817
0.2
0.4285714285714285
0.0
0.08000000000000002
0.15384615384615383
0.47058823529411764
0.1904761904761905
0.24
0.0
0.2
0.14285714285714288
0.3846153846153846
0.30769230769230765
0.37837837837837834
0.24
0.26666666666666666
0.0
0.2285714285714286
0.0625
0.3636363636363637
0.0
0.15625
0.32000000000000006
0.08000000000000002
0.24999999999999997
0.2222222222222222
0.4999999999999999
0.20512820512820512
0.28571428571428575
0.125
0.33333333333333337
0.15384615384615383
0.06666666666666667
0.24390243902439024
0.13793103448275865
0.08000000000000002
0.22222222222222224
0.2727272727272727
0.48275862068965514
0.23076923076923075
0.14285714285714288
0.48275862068965514
0.08000000000000002
0.06896551724137932
0.2758620689655173
0.16000000000000003
0.06896551724137932
0.07692307692307691
0.16666666666666669
0.30769230769230765
0.23809523809523808
0.08695652173913043
0.24999999999999997
0.5263157894736842
0.08333333333333334
0.15384615384615383
0.25806451612903225
0.12658227848101267
0.25
0.23076923076923075
0.125
0.4
0.16000000000000003
0.2222222222222222
0.5161290322580645
0.19672131147540983
0.05405405405405405
0.23076923076923075
0.20689655172413793
0.24
0.16000000000000003
0.19354838709677416
0.25
0.4324324324324324
0.11764705882352941
0.3636363636363637
0.14814814814814817
0.16666666666666669
0.15384615384615383
0.18181818181818185
0.0
0.08000000000000002
0.16326530612244897
0.30769230769230765
0.33333333333333337
0.32000000000000006
0.25806451612903225
0.37209302325581395
0.28571428571428575
0.41379310344827586
0.16666666666666663
0.15384615384615383
0.34920634920634924
0.37499999999999994
0.09836065573770492
0.06896551724137932
0.058823529411764705
0.2
0.26666666666666666
0.16000000000000003
0.19354838709677416
0.4
0.24
0.2758620689655173
0.32000000000000006
0.13793103448275865
0.3846153846153846
0.16666666666666669
0.46511627906976744
0.5581395348837209
0.33333333333333337
0.23076923076923075
0.24
0.15384615384615383
0.16000000000000003
0.17391304347826086
0.07692307692307691
0.2727272727272727
0.29629629629629634
0.06666666666666667
0.23076923076923075
0.30769230769230765
0.14814814814814817
0.2857142857142857
0.20000000000000004
0.12658227848101267
0.48275862068965514
0.4
0.5185185185185185
0.29629629629629634
0.13793103448275865
0.20000000000000004
0.19354838709677416
0.18749999999999997
0.48275862068965514
0.19354838709677416
0.24137931034482757
0.07272727272727272
0.08333333333333334
0.2758620689655173
0.10526315789473685
0.4615384615384615
0.23076923076923075
0.0
0.12903225806451613
0.3636363636363637
0.14814814814814817
0.3870967741935483
0.07407407407407408
0.4324324324324324
0.2758620689655173
0.23076923076923075
0.13793103448275865
0.30769230769230765
0.20689655172413793
0.35714285714285715
0.32000000000000006
0.08000000000000002
0.37837837837837834
0.2926829268292683
0.16000000000000003
0.07142857142857144
0.18518518518518517
0.16666666666666663
0.06451612903225806
0.24
0.08000000000000002
0.48275862068965514
0.15384615384615383
0.0
0.13793103448275865
0.2105263157894737
0.11428571428571428
0.06666666666666667
0.08333333333333334
0.2222222222222222
0.23529411764705882
0.08000000000000002
0.16000000000000003
0.23076923076923075
0.5333333333333333
0.3846153846153846
0.16000000000000003
0.2222222222222222
0.3225806451612903
0.4615384615384615
0.06896551724137932
0.25806451612903225
0.24999999999999997
0.07692307692307691
0.24
0.13333333333333333
0.24242424242424246
0.07692307692307691
0.41379310344827586
0.16326530612244897
0.08000000000000002
0.06896551724137932
0.30769230769230765
0.16666666666666669
0.3636363636363637
0.1818181818181818
0.0
0.0
0.08163265306122448
0.08333333333333334
0.16666666666666669
0.14285714285714285
0.28571428571428575
0.29629629629629634
0.08000000000000002
0.20833333333333331
0.15
0.14285714285714288
0.19354838709677416
0.0975609756097561
0.48648648648648646
0.2758620689655173
0.0
0.4666666666666667
0.26666666666666666
0.2926829268292683
0.16666666666666669
0.5
0.1081081081081081
0.17777777777777776
0.14285714285714288
0.04545454545454545
0.3225806451612903
0.30303030303030304
0.35714285714285715
0.22222222222222224
0.15384615384615383
0.13333333333333333
0.4
0.18181818181818185
0.08000000000000002
0.30769230769230765
0.3636363636363637
0.4
0.08000000000000002
0.07407407407407408
0.15217391304347827
0.3243243243243243
0.14285714285714288
0.29629629629629634
0.23809523809523808
0.24
0.22222222222222224
0.2285714285714286
0.1142857142857143
0.16000000000000003
0.0625
0.06451612903225806
0.34285714285714286
0.07692307692307691
0.18181818181818185
0.08000000000000002
0.33333333333333337
0.41379310344827586
0.2941176470588235
0.18181818181818185
0.0
0.06896551724137932
0.5454545454545455
0.5714285714285715
0.07142857142857144
0.07407407407407408
0.15384615384615383
0.16000000000000003
0.4
0.33333333333333337
0.2162162162162162
0.24
0.0
0.3870967741935483
0.4615384615384615
0.28571428571428575
0.22727272727272727
0.11111111111111112
0.1754385964912281
0.3333333333333333
0.1568627450980392
0.14285714285714288
0.0
0.3125
0.24
0.06666666666666667
0.14285714285714288
0.4444444444444444
0.2105263157894737
0.12
0.30303030303030304
0.24
0.125
0.4285714285714285
0.08000000000000002
0.32000000000000006
0.14814814814814817
0.08000000000000002
0.18181818181818182
0.19354838709677416
0.26666666666666666
0.13793103448275865
0.06896551724137931
0.23076923076923075
0.45161290322580644
0.3243243243243243
0.32000000000000006
0.16216216216216214
0.13333333333333333
0.34285714285714286
0.37037037037037035
0.4285714285714285
0.0
0.15789473684210525
0.29629629629629634
0.5333333333333332
0.15384615384615385
0.37837837837837834
0.13793103448275865
0.07407407407407408
0.3225806451612903
0.12765957446808512
0.0
0.15384615384615383
0.0
0.37209302325581395
0.08333333333333334
0.30769230769230765
0.060606060606060615
0.26666666666666666
0.06666666666666667
0.2941176470588235
0.14814814814814817
0.24999999999999997
0.23529411764705882
0.5365853658536585
0.10256410256410256
0.29629629629629634
0.24
0.48275862068965514
0.5161290322580645
0.13793103448275865
0.06451612903225806
0.10526315789473685
0.06060606060606061
0.28571428571428575
0.2
0.08163265306122448
0.15384615384615383
0.26666666666666666
0.15384615384615383
0.08000000000000002
0.26666666666666666
0.05555555555555556
0.33333333333333337
0.37499999999999994
0.08333333333333334
0.13333333333333333
0.33333333333333337
0.3846153846153846
0.23076923076923075
0.22222222222222224
0.23529411764705882
0.2222222222222222
0.3870967741935483
0.4444444444444444
0.08000000000000002
0.37837837837837834
0.19230769230769232
0.08333333333333334
0.11764705882352941
0.16000000000000003
0.14814814814814817
0.24
0.13043478260869565
0.32000000000000006
0.2222222222222222
0.3157894736842105
0.2105263157894737
0.23076923076923075
0.06666666666666667
0.19354838709677416
0.07407407407407408
0.4
0.35
0.21428571428571425
0.07692307692307691
0.07692307692307691
0.08000000000000002
0.060606060606060615
0.23076923076923075
0.28571428571428575
0.15384615384615383
0.33333333333333337
0.15384615384615383
0.07692307692307691
0.23529411764705882
0.24
0.45
0.08000000000000002
0.33333333333333337
0.33333333333333337
0.07692307692307691
0.16666666666666669
0.32000000000000006
0.14285714285714288
0.5294117647058824
0.21428571428571425
0.28571428571428575
0.20689655172413793
0.3846153846153846
0.17391304347826086
0.5
0.060606060606060615
0.14285714285714288
0.2222222222222222
0.15384615384615383
0.14814814814814817
0.4285714285714285
0.14814814814814817
0.45161290322580644
0.35714285714285715
0.06666666666666667
0.25
0.30303030303030304
0.38888888888888884
0.16666666666666669
0.16000000000000003
0.23076923076923075
0.15
0.28571428571428575
0.12345679012345678
0.23076923076923075
0.07407407407407408
0.13793103448275865
0.3125
0.10084033613445378
0.08000000000000002
0.25641025641025644
0.25925925925925924
0.29629629629629634
0.28571428571428564
0.19354838709677416
0.0
0.20689655172413793
0.28571428571428575
0.16666666666666669
0.3
0.041666666666666664
0.15384615384615383
0.19354838709677416
0.0
0.13333333333333333
0.13333333333333333
0.19354838709677416
0.29629629629629634
0.4571428571428572
0.48275862068965514
0.1081081081081081
0.16326530612244897
0.24
0.07692307692307691
0.24
0.20689655172413793
0.14814814814814817
0.20000000000000004
0.3125
0.5365853658536585
0.12903225806451613
0.14814814814814817
0.07142857142857144
0.2727272727272727
0.14285714285714288
0.5161290322580645
0.23809523809523808
0.2222222222222222
0.17142857142857143
0.23076923076923075
0.24
0.07407407407407408
0.0
0.25531914893617025
0.4
0.33333333333333326
0.21538461538461537
0.30769230769230765
0.5333333333333333
0.28571428571428575
0.24242424242424246
0.37037037037037035
0.058823529411764705
0.24761904761904766
0.24
0.14814814814814817
0.41379310344827586
0.24
0.2285714285714286
0.24999999999999997
0.08000000000000002
0.4
0.05714285714285715
0.32000000000000006
0.15384615384615383
0.32000000000000006
0.24999999999999997
0.16000000000000003
0.3448275862068966
0.32000000000000006
0.10389610389610389
0.2631578947368421
0.28571428571428575
0.2758620689655173
0.0625
0.14545454545454545
0.08333333333333334
0.18749999999999997
0.25806451612903225
0.15384615384615383
0.08000000000000002
0.3448275862068966
0.3846153846153846
0.23529411764705882
0.06896551724137932
0.16000000000000003
0.16666666666666666
0.08000000000000002
0.25806451612903225
0.16000000000000003
0.2162162162162162
0.08000000000000002
0.14814814814814817
0.14814814814814817
0.0
0.41379310344827586
0.13333333333333333
0.24
0.11111111111111112
0.3846153846153846
0.33333333333333337
0.07692307692307691
0.24
0.24
0.15384615384615383
0.07692307692307691
0.48275862068965514
0.37037037037037035
0.08333333333333334
0.14634146341463414
0.2758620689655173
0.28571428571428575
0.3529411764705882
0.08000000000000002
0.23529411764705882
0.14285714285714288
