0.3076923076923077
0.0
0.20000000000000004
0.3636363636363636
0.14285714285714285
0.0
0.1
0.14285714285714285
0.5454545454545454
0.20000000000000004
0.0
0.23529411764705882
0.1
0.15384615384615385
0.1818181818181818
0.0
0.14285714285714285
0.3076923076923077
0.1818181818181818
0.0
0.1818181818181818
0.3333333333333333
0.0
0.15384615384615385
0.4
0.20000000000000004
0.20000000000000004
0.4444444444444445
0.0
0.14285714285714285
0.08695652173913045
0.3
0.16666666666666666
0.11764705882352941
0.14285714285714285
0.6
0.23076923076923073
0.3636363636363636
0.0
0.05714285714285715
0.4
0.26666666666666666
0.20000000000000004
0.0
0.06451612903225806
0.22222222222222224
0.22222222222222224
0.42857142857142855
0.11764705882352941
0.37499999999999994
0.3636363636363636
0.09523809523809523
0.3076923076923077
0.4000000000000001
0.06896551724137931
0.26666666666666666
0.6666666666666665
0.0
0.20000000000000004
0.13333333333333333
0.6666666666666665
0.039999999999999994
0.13333333333333333
0.0
0.3333333333333333
0.15384615384615385
0.20000000000000004
0.2222222222222222
0.10526315789473682
0.13333333333333333
0.3333333333333333
0.0
0.42857142857142855
0.6
0.21052631578947364
0.15384615384615385
0.0
0.0
0.25000000000000006
0.1818181818181818
0.12121212121212123
0.20000000000000004
0.2857142857142857
0.2
0.0
0.15384615384615385
0.3636363636363636
0.3636363636363636
0.3
0.3333333333333333
0.4000000000000001
0.4000000000000001
0.0
0.0
0.14285714285714285
0.07142857142857142
0.0
0.2222222222222222
0.6
0.16666666666666666
0.0
0.2
0.09999999999999999
0.0
0.20000000000000004
0.12903225806451613
0.0816326530612245
0.2608695652173913
0.0
0.3636363636363636
0.42857142857142855
0.3333333333333333
0.12500000000000003
0.0909090909090909
0.0
0.07407407407407407
0.0
0.0
0.14285714285714285
0.15384615384615385
0.07692307692307693
0.20000000000000004
0.3333333333333333
0.0
0.0
0.0392156862745098
0.4000000000000001
0.15384615384615385
0.07407407407407407
0.0
0.10526315789473682
0.0
0.16666666666666666
0.0
0.22222222222222224
0.16666666666666666
0.12500000000000003
0.23529411764705882
0.041666666666666664
0.37499999999999994
0.13333333333333333
0.16666666666666666
0.3333333333333333
0.16666666666666666
0.6
0.25000000000000006
0.0
0.12500000000000003
0.4000000000000001
0.16666666666666666
0.08333333333333333
0.1818181818181818
0.0
0.47058823529411764
0.15384615384615385
0.19047619047619047
0.07692307692307693
0.23529411764705882
0.2857142857142857
0.20000000000000004
0.030303030303030307
0.08333333333333333
0.26666666666666666
0.4444444444444445
0.20000000000000004
0.0588235294117647
0.2857142857142857
0.16666666666666666
0.23529411764705882
0.4
0.4000000000000001
0.041666666666666664
0.1818181818181818
0.888888888888889
0.0
0.20000000000000004
0.1818181818181818
0.0
0.2608695652173913
0.3
0.3076923076923077
0.5
0.0
0.3076923076923077
0.1111111111111111
0.3333333333333333
0.15384615384615385
0.06451612903225806
0.20000000000000004
0.15384615384615385
0.07142857142857144
0.21052631578947364
0.4000000000000001
0.3636363636363636
0.12500000000000003
0.043478260869565216
0.12500000000000003
0.4000000000000001
0.1818181818181818
0.20000000000000004
0.2857142857142857
0.08695652173913045
0.0
0.0
0.6153846153846154
0.15384615384615385
0.21052631578947364
0.09302325581395349
0.08333333333333333
0.3
0.1818181818181818
0.15384615384615385
0.3636363636363636
0.4
0.23076923076923073
0.3636363636363636
0.26666666666666666
0.0
0.3076923076923077
0.21052631578947364
0.1818181818181818
0.4000000000000001
0.15384615384615385
0.13333333333333333
0.046511627906976744
0.14634146341463414
0.3636363636363636
0.3076923076923077
0.21052631578947364
0.07142857142857142
0.2
0.3076923076923077
0.0
0.16666666666666666
0.5454545454545454
0.4000000000000001
0.24
0.2857142857142857
0.0
0.13333333333333333
0.5
0.0
0.25000000000000006
0.4444444444444444
0.37499999999999994
0.25000000000000006
0.3076923076923077
0.3636363636363636
0.10526315789473682
0.1818181818181818
0.11764705882352941
0.20000000000000004
0.2222222222222222
0.26666666666666666
0.25000000000000006
0.4000000000000001
0.47058823529411764
0.20000000000000004
0.4000000000000001
0.3076923076923077
0.16666666666666666
0.4444444444444445
0.4000000000000001
0.1818181818181818
0.05714285714285715
0.6153846153846154
0.6
0.9090909090909091
0.6
0.1818181818181818
0.7272727272727272
0.0625
0.33333333333333337
0.0
0.11764705882352941
0.7272727272727272
0.0
0.0
0.0
0.0
0.26666666666666666
0.24242424242424243
0.6
0.23529411764705882
0.5454545454545454
0.1111111111111111
0.11764705882352941
0.2
0.3333333333333333
0.0
0.23529411764705882
0.5454545454545454
0.20000000000000004
0.16666666666666666
0.25000000000000006
0.7272727272727272
0.35294117647058826
0.0
0.0
0.1818181818181818
0.05714285714285715
0.07692307692307693
0.3076923076923077
0.4000000000000001
0.3636363636363636
0.22222222222222224
0.0588235294117647
0.4615384615384615
0.0
0.3333333333333333
0.09523809523809523
0.20000000000000004
0.15384615384615385
0.15384615384615385
0.16666666666666666
0.6
0.15384615384615385
0.2857142857142857
0.16666666666666666
0.5454545454545454
0.20000000000000004
0.0625
0.3076923076923077
0.1739130434782609
0.15384615384615385
0.0
0.14285714285714285
0.32000000000000006
0.3076923076923077
0.22222222222222224
0.23529411764705882
0.0
0.4615384615384615
0.041666666666666664
0.0
0.20000000000000004
0.04938271604938271
0.22222222222222224
0.1818181818181818
0.47058823529411764
0.22222222222222224
0.07692307692307693
0.22222222222222224
0.21052631578947364
0.0
0.23529411764705882
0.3636363636363636
0.38095238095238093
0.26666666666666666
0.0
0.26666666666666666
0.22222222222222224
0.20000000000000004
0.4444444444444445
0.26666666666666666
0.14285714285714285
0.3076923076923077
0.16666666666666666
0.4000000000000001
0.22222222222222224
0.06896551724137931
0.2727272727272727
0.0
0.15384615384615385
0.23529411764705882
0.14285714285714285
0.0
0.4615384615384615
0.23529411764705882
0.0
0.16666666666666666
0.2857142857142857
0.2857142857142857
0.1818181818181818
0.4000000000000001
0.4000000000000001
0.15384615384615385
0.06779661016949153
0.0
0.0
0.4000000000000001
0.14285714285714285
0.4444444444444445
0.6
0.12500000000000003
0.16666666666666666
0.6
0.26666666666666666
0.3333333333333333
0.2857142857142857
0.1818181818181818
0.15384615384615385
0.4000000000000001
0.4000000000000001
0.1818181818181818
0.25000000000000006
0.23529411764705882
0.15384615384615385
0.14285714285714285
0.20000000000000004
0.2857142857142857
0.2
0.1818181818181818
0.05128205128205128
0.22222222222222224
0.15384615384615385
0.4444444444444445
0.0
0.21052631578947364
0.16666666666666666
0.20000000000000004
0.14285714285714285
0.21052631578947364
0.22222222222222224
0.03846153846153846
0.08695652173913045
0.1818181818181818
0.09999999999999999
0.3636363636363636
0.23529411764705882
0.5
0.4444444444444445
0.2222222222222222
0.3636363636363636
0.13793103448275862
0.1739130434782609
0.16666666666666666
0.15384615384615385
0.0
0.11764705882352941
0.0
0.20000000000000004
0.37499999999999994
0.14285714285714285
0.0816326530612245
0.4444444444444445
0.13333333333333333
0.0
0.06060606060606061
0.4444444444444445
0.22222222222222224
0.0
0.2608695652173913
0.047619047619047616
0.16666666666666666
0.15384615384615385
0.3333333333333333
0.22222222222222218
0.4615384615384615
0.13333333333333333
0.4000000000000001
0.0
0.20000000000000004
0.14285714285714285
0.12500000000000003
0.20000000000000004
0.10526315789473682
0.3333333333333333
0.12500000000000003
0.15384615384615385
0.37499999999999994
0.6
0.26666666666666666
0.1739130434782609
0.047619047619047616
0.0
0.6
0.1818181818181818
0.15384615384615385
0.06666666666666667
0.1
0.06779661016949153
0.5454545454545454
0.14285714285714285
0.0
0.0909090909090909
0.3076923076923077
0.0
0.1818181818181818
0.2222222222222222
0.25
0.12500000000000003
0.4000000000000001
0.22222222222222224
0.22222222222222218
0.20000000000000004
0.13333333333333333
0.25
0.0
0.10526315789473682
0.3636363636363636
0.1818181818181818
0.14285714285714285
0.6153846153846154
0.22222222222222224
0.2857142857142857
0.20000000000000004
0.3333333333333333
0.25000000000000006
0.6
0.14285714285714285
0.20000000000000004
0.0
0.16666666666666666
0.13333333333333333
0.3076923076923077
0.16666666666666666
0.0
0.14285714285714285
0.12500000000000003
0.20000000000000004
0.1
0.1818181818181818
0.14285714285714285
0.1818181818181818
0.5
0.11764705882352941
0.25000000000000006
0.24
0.20000000000000004
0.11764705882352941
0.16666666666666666
0.0
0.12500000000000003
0.0
0.11764705882352941
0.14285714285714285
0.20000000000000004
0.20689655172413793
0.13333333333333333
0.15384615384615385
0.15384615384615385
0.4000000000000001
0.0
0.23529411764705882
0.08333333333333333
0.21052631578947364
0.4000000000000001
0.0588235294117647
0.4444444444444445
0.10526315789473685
0.22222222222222224
0.16666666666666666
0.03571428571428571
0.04347826086956522
0.37499999999999994
0.0
0.20000000000000004
0.0
0.4444444444444445
0.25000000000000006
0.25000000000000006
0.15384615384615385
0.16666666666666666
0.25000000000000006
0.10526315789473685
0.16666666666666666
0.08333333333333333
0.4000000000000001
0.15384615384615385
0.16666666666666666
0.1818181818181818
0.21052631578947364
0.0
0.052631578947368425
0.3
0.3636363636363636
0.10256410256410256
0.10526315789473682
0.16666666666666666
0.15384615384615385
0.2
0.2
0.4000000000000001
0.14814814814814814
0.1818181818181818
0.33333333333333337
0.16666666666666666
0.0
0.6
0.3333333333333333
0.21428571428571427
0.1111111111111111
0.3636363636363636
0.20000000000000004
0.14285714285714285
0.3333333333333333
0.0
0.09523809523809523
0.1
0.4000000000000001
0.15384615384615385
0.08695652173913045
0.25000000000000006
0.06451612903225806
0.6666666666666665
0.3636363636363636
0.0
0.3333333333333333
0.26666666666666666
0.16666666666666666
0.1739130434782609
0.4000000000000001
0.09523809523809523
0.2
0.20000000000000004
0.20000000000000004
0.3636363636363636
0.1111111111111111
0.22222222222222224
0.35294117647058826
0.20000000000000004
0.4000000000000001
0.4000000000000001
0.0
0.15384615384615385
0.4444444444444445
0.26666666666666666
0.2222222222222222
0.14285714285714285
0.26666666666666666
0.4000000000000001
0.4444444444444445
0.35294117647058826
0.14285714285714285
0.5714285714285714
0.4000000000000001
0.16666666666666666
0.20000000000000004
0.08695652173913045
0.6
0.2
0.13333333333333333
0.09523809523809523
0.0
0.08333333333333333
0.0
0.4444444444444444
0.0
0.047619047619047616
0.22222222222222224
0.1818181818181818
0.33333333333333337
0.3333333333333333
0.15384615384615385
0.6666666666666665
0.10526315789473685
0.15384615384615385
0.4000000000000001
0.5454545454545454
0.20000000000000004
0.16666666666666666
0.3157894736842105
0.0
0.12903225806451613
0.0
0.24
0.0
0.20000000000000004
0.25000000000000006
0.0
0.13333333333333333
0.3076923076923077
0.0
0.3333333333333333
0.6666666666666665
0.13333333333333333
0.0
0.11764705882352941
0.14285714285714285
0.05263157894736843
0.20000000000000004
0.22222222222222224
0.7272727272727272
0.0
0.4000000000000001
0.20000000000000004
0.15384615384615385
0.15384615384615385
0.0
0.16000000000000003
0.4444444444444445
0.21052631578947364
0.2857142857142857
0.20000000000000004
0.12500000000000003
0.4615384615384615
0.1111111111111111
0.045454545454545456
0.1818181818181818
0.5
0.20000000000000004
0.09523809523809523
0.5
0.04444444444444445
0.2857142857142857
0.26666666666666666
0.3636363636363636
0.030303030303030307
0.2608695652173913
0.12500000000000003
0.16666666666666666
0.22222222222222224
0.16666666666666666
0.22222222222222224
0.22222222222222224
0.15384615384615385
0.4000000000000001
0.26666666666666666
0.13333333333333333
0.3333333333333333
0.4000000000000001
0.13333333333333333
0.10526315789473682
0.0
0.14285714285714285
0.16666666666666666
0.4000000000000001
0.0
0.16666666666666666
0.0
0.16000000000000003
0.4000000000000001
0.4000000000000001
0.3636363636363636
0.1739130434782609
0.15384615384615385
0.22222222222222224
0.15384615384615385
0.20000000000000004
0.16666666666666666
0.1818181818181818
0.3636363636363636
0.12903225806451613
0.3333333333333333
0.1739130434782609
0.22222222222222224
0.2857142857142857
0.23529411764705882
0.0
0.4000000000000001
0.0
0.12121212121212122
0.4000000000000001
0.10526315789473685
0.15384615384615385
0.2857142857142857
0.3157894736842105
0.08000000000000002
0.09638554216867469
0.15384615384615385
0.05633802816901409
0.4000000000000001
0.1818181818181818
0.22222222222222224
0.37499999999999994
0.2857142857142857
0.0
0.4000000000000001
0.12500000000000003
0.4444444444444445
0.16666666666666666
0.4
0.22222222222222224
0.1111111111111111
0.1818181818181818
0.11764705882352941
0.4444444444444445
0.1739130434782609
0.07142857142857142
0.5454545454545454
0.043010752688172046
0.16000000000000003
0.0
0.1818181818181818
0.0909090909090909
0.15384615384615385
0.0
0.0
0.37499999999999994
0.3636363636363636
0.4000000000000001
0.0
0.0
0.10526315789473682
0.0
0.11764705882352941
0.0
0.0909090909090909
0.47058823529411764
0.0
0.1111111111111111
0.13333333333333333
0.0
0.18181818181818182
0.13333333333333333
0.14285714285714285
0.2222222222222222
0.3333333333333333
0.15384615384615385
0.2962962962962963
0.3076923076923077
0.13333333333333333
0.1568627450980392
0.0
0.3333333333333333
0.4444444444444445
0.26666666666666666
0.5333333333333333
0.13333333333333333
0.2222222222222222
0.1818181818181818
0.1739130434782609
0.3076923076923077
0.22222222222222218
0.0909090909090909
0.3333333333333333
0.15384615384615385
0.20000000000000004
0.07407407407407407
0.5454545454545454
0.13333333333333333
0.14814814814814814
0.4000000000000001
0.3636363636363636
0.6
0.1
0.33333333333333337
0.3571428571428571
0.2857142857142857
0.13333333333333333
0.22222222222222224
0.35294117647058826
0.14285714285714285
0.1818181818181818
0.14814814814814814
0.6
0.05405405405405406
0.3076923076923077
0.3636363636363636
0.07272727272727272
0.25000000000000006
0.09999999999999999
0.3636363636363636
0.0
0.18750000000000003
0.0
0.22222222222222224
0.2857142857142857
0.3333333333333333
0.1818181818181818
0.4
0.23529411764705882
0.4444444444444445
0.08000000000000002
0.3333333333333333
0.3333333333333333
0.5333333333333333
0.1818181818181818
0.4000000000000001
0.23529411764705882
0.5
0.3076923076923077
0.16666666666666666
0.6
0.3333333333333333
0.1818181818181818
0.1818181818181818
0.15384615384615385
0.6
0.26666666666666666
0.14285714285714285
0.1818181818181818
0.22222222222222224
0.0
0.4615384615384615
0.14285714285714285
0.0
0.26666666666666666
0.13793103448275862
0.3
0.016666666666666666
0.4444444444444445
0.2857142857142857
0.0625
0.16666666666666666
0.15384615384615385
0.3636363636363636
0.22222222222222224
0.19047619047619047
0.4000000000000001
0.14285714285714285
0.052631578947368425
0.25000000000000006
0.4444444444444445
0.08333333333333333
0.3333333333333333
0.3636363636363636
0.3333333333333333
0.4000000000000001
0.1818181818181818
0.20000000000000004
0.21052631578947364
0.1818181818181818
0.1818181818181818
0.20000000000000004
0.20000000000000004
0.08695652173913045
0.1176470588235294
0.32000000000000006
0.15384615384615385
0.25000000000000006
0.14285714285714285
0.5454545454545454
0.09302325581395349
0.4000000000000001
0.20000000000000004
0.0
0.1739130434782609
0.23529411764705882
0.3636363636363636
0.4000000000000001
0.10526315789473682
0.5333333333333333
0.22222222222222224
0.37499999999999994
0.4000000000000001
0.4000000000000001
0.2222222222222222
0.4000000000000001
0.25000000000000006
0.0
0.23529411764705882
0.5
0.3333333333333333
0.4000000000000001
0.11764705882352941
0.35294117647058826
0.15384615384615385
0.22222222222222224
0.15384615384615385
0.0
0.1
0.1777777777777778
0.0
0.42857142857142855
0.3333333333333333
0.15384615384615385
0.20000000000000004
0.19047619047619047
0.20000000000000004
0.12500000000000003
0.13333333333333333
0.2857142857142857
0.4615384615384615
0.4000000000000001
0.14285714285714285
0.22222222222222224
0.2857142857142857
0.6
0.3333333333333333
0.0
0.20000000000000004
0.3076923076923077
0.13333333333333333
0.5454545454545454
0.35294117647058826
0.1
0.0
0.4000000000000001
0.16666666666666666
0.4000000000000001
0.4000000000000001
0.1818181818181818
0.1
0.15384615384615385
0.0
0.12121212121212122
0.1818181818181818
0.20000000000000004
0.19047619047619047
0.05405405405405406
0.08000000000000002
0.0
0.0
0.5454545454545454
0.0
0.3076923076923077
0.08695652173913045
0.1818181818181818
0.25000000000000006
0.25000000000000006
0.13333333333333333
0.0851063829787234
0.4000000000000001
0.0
0.0
0.1818181818181818
0.12500000000000003
0.22222222222222224
0.3636363636363636
0.1818181818181818
0.25000000000000006
0.4000000000000001
0.12500000000000003
0.19047619047619047
0.15384615384615385
0.15384615384615385
0.4444444444444444
0.21052631578947364
0.06896551724137931
0.4615384615384615
0.4000000000000001
0.12500000000000003
0.09999999999999999
0.19999999999999998
0.26666666666666666
0.2857142857142857
0.08333333333333333
0.1
0.3636363636363636
0.3076923076923077
0.20000000000000004
0.4444444444444445
0.1818181818181818
0.4000000000000001
0.21052631578947364
0.37499999999999994
0.1
0.15384615384615385
0.14285714285714285
0.4000000000000001
0.0
0.0
0.14285714285714285
0.22222222222222224
0.1818181818181818
0.5454545454545454
0.12500000000000003
0.0
0.2857142857142857
0.14285714285714285
0.15
0.3076923076923077
0.10256410256410256
0.4000000000000001
0.0
0.3076923076923077
0.0
0.20000000000000004
0.13333333333333333
0.4000000000000001
0.4000000000000001
0.15384615384615385
0.3636363636363636
0.20000000000000004
0.38095238095238093
0.0
0.13333333333333333
0.22222222222222224
0.3333333333333333
0.4
0.06896551724137931
0.13333333333333333
0.3636363636363636
0.4444444444444445
0.4444444444444445
0.16666666666666666
0.3333333333333333
0.3333333333333333
0.4
0.4444444444444445
0.1818181818181818
0.15384615384615385
0.0
0.4000000000000001
0.15384615384615385
0.0
0.5454545454545454
0.3076923076923077
0.019999999999999997
0.0
0.4444444444444445
0.15384615384615385
0.6
0.3636363636363636
0.4000000000000001
0.06896551724137931
0.2857142857142857
0.3157894736842105
0.0
0.10256410256410256
0.3076923076923077
0.0
0.22222222222222224
0.14814814814814814
0.16666666666666666
0.4000000000000001
0.0
0.25000000000000006
0.4000000000000001
0.16666666666666666
0.5
0.6
0.0
0.1818181818181818
0.26666666666666666
0.0
0.10169491525423728
0.4000000000000001
0.25000000000000006
0.6666666666666665
0.4000000000000001
0.1818181818181818
0.3076923076923077
0.16666666666666666
0.26666666666666666
0.3636363636363636
0.04444444444444445
0.6666666666666665
0.11764705882352941
0.0
0.5
0.3333333333333333
0.5333333333333333
0.3333333333333333
0.20000000000000004
0.0
0.26666666666666666
0.14285714285714285
0.2222222222222222
0.16666666666666666
0.6666666666666665
0.06896551724137931
0.052631578947368425
0.14285714285714285
0.6
0.14285714285714285
0.0
0.1818181818181818
0.3333333333333333
0.3333333333333333
0.16666666666666666
0.5
0.4444444444444445
0.6
0.3636363636363636
0.13333333333333333
0.0
0.12500000000000003
0.1142857142857143
0.0
0.0
0.20000000000000004
0.20000000000000004
0.23529411764705882
0.0
0.4615384615384615
0.22222222222222224
0.12500000000000003
0.23529411764705882
0.0
0.1818181818181818
0.10526315789473682
0.0
0.12500000000000003
0.3076923076923077
0.15384615384615385
0.0
0.6666666666666665
0.3
0.11764705882352941
0.1818181818181818
0.16666666666666666
0.14285714285714285
0.05714285714285715
0.3478260869565218
0.5454545454545454
0.23529411764705882
0.15384615384615385
0.12903225806451613
0.5454545454545454
0.125
0.0
0.20000000000000004
0.4000000000000001
0.3636363636363636
0.20000000000000004
0.16666666666666666
0.0
0.42857142857142855
0.16666666666666666
0.37499999999999994
0.0
0.4444444444444445
0.09302325581395349
0.20000000000000004
0.14634146341463414
0.4000000000000001
0.0
0.15384615384615385
0.3076923076923077
0.4210526315789473
0.3333333333333333
0.26666666666666666
0.05714285714285715
0.3076923076923077
0.4
0.09523809523809523
0.4000000000000001
0.42857142857142855
0.1739130434782609
0.08695652173913045
0.22222222222222224
0.11764705882352941
0.0
0.20000000000000004
0.3636363636363636
0.0
0.0
0.22222222222222224
0.20512820512820512
0.046511627906976744
0.1818181818181818
0.21428571428571427
0.10256410256410256
0.06060606060606061
0.20000000000000004
0.16666666666666666
0.09999999999999999
0.2727272727272727
0.0
0.16666666666666666
0.20000000000000004
0.42857142857142855
0.0
0.4166666666666667
0.12500000000000003
0.20000000000000004
0.15384615384615385
0.0
0.25000000000000006
0.05405405405405405
0.3157894736842105
0.05633802816901409
0.5
0.16666666666666666
0.1224489795918367
0.3333333333333333
0.0
0.0
0.09302325581395349
0.0
0.6
0.15384615384615385
0.20000000000000004
0.16666666666666666
0.11764705882352941
0.6
0.0
0.15384615384615385
0.0
0.2222222222222222
0.0
0.22222222222222224
0.08695652173913045
0.0
0.3157894736842105
0.12500000000000003
0.15384615384615385
0.23529411764705882
0.0
0.5263157894736842
0.4000000000000001
0.4444444444444445
0.15384615384615385
0.22222222222222224
0.3076923076923077
0.12903225806451613
0.22222222222222224
0.7272727272727272
0.4000000000000001
0.1
0.22222222222222224
0.20000000000000004
0.0
0.0
0.1818181818181818
0.22222222222222224
0.26666666666666666
0.0
0.16666666666666666
0.20000000000000004
0.5454545454545454
0.2857142857142857
0.2
0.5454545454545454
0.16666666666666666
0.20000000000000004
0.4444444444444445
0.15384615384615385
0.33333333333333337
0.14285714285714285
0.20000000000000004
0.4000000000000001
0.3333333333333333
0.11764705882352941
0.0
0.6666666666666665
0.3636363636363636
0.1224489795918367
0.4000000000000001
0.4
0.2
0.1818181818181818
0.14285714285714285
0.19047619047619047
0.4444444444444445
0.1818181818181818
0.42857142857142855
0.4
0.20000000000000004
0.33333333333333337
0.1176470588235294
0.15384615384615385
0.1739130434782609
0.0
0.15384615384615385
0.3333333333333333
0.3636363636363636
0.20000000000000004
0.10526315789473682
0.0
0.25000000000000006
0.4444444444444445
0.16666666666666666
0.11764705882352941
0.4000000000000001
0.5333333333333333
0.2
0.06896551724137931
0.1818181818181818
0.2857142857142857
0.2222222222222222
0.4000000000000001
0.16666666666666666
0.1818181818181818
0.1818181818181818
0.15384615384615385
0.4444444444444445
0.0
0.3333333333333333
0.15384615384615385
0.0
0.08695652173913045
0.0
0.42857142857142855
0.4
0.15384615384615385
0.2222222222222222
0.16000000000000003
0.0909090909090909
0.6
0.25000000000000006
0.16666666666666666
0.4615384615384615
0.07407407407407407
0.1818181818181818
0.4
0.35294117647058826
0.6
0.14285714285714285
0.0
0.1818181818181818
0.15384615384615385
0.20000000000000004
0.047619047619047616
0.14285714285714285
0.2857142857142857
0.11764705882352941
0.20000000000000004
0.06896551724137931
0.1818181818181818
0.6
0.3333333333333333
0.3333333333333333
0.22222222222222224
0.21052631578947364
0.13333333333333333
0.20000000000000004
0.21052631578947364
0.16666666666666666
0.06451612903225806
0.15384615384615385
0.26666666666666666
0.12903225806451613
0.11764705882352941
0.3636363636363636
0.11764705882352941
0.16666666666666666
0.0
0.07142857142857142
0.16666666666666666
0.17142857142857143
0.20000000000000004
0.3333333333333333
0.6666666666666665
0.2222222222222222
0.42857142857142855
0.20689655172413793
0.11764705882352941
0.15384615384615385
0.3846153846153846
0.13333333333333333
0.11764705882352941
0.11764705882352941
0.2727272727272727
0.16666666666666666
0.26666666666666666
0.15384615384615385
0.0588235294117647
0.6
0.4444444444444445
0.05714285714285715
0.4444444444444445
0.1818181818181818
0.3636363636363636
0.4000000000000001
0.1739130434782609
0.16666666666666666
0.4444444444444445
0.42857142857142855
0.25000000000000006
0.26666666666666666
0.26666666666666666
0.2222222222222222
0.045454545454545456
0.22222222222222224
0.22222222222222224
0.35294117647058826
0.4000000000000001
0.11764705882352941
0.10526315789473682
0.1818181818181818
0.35294117647058826
0.07142857142857142
0.6
0.5555555555555556
0.20000000000000004
0.5263157894736842
0.0
0.1818181818181818
0.5
0.26666666666666666
0.42857142857142855
0.35294117647058826
0.4444444444444445
0.6
0.3333333333333333
0.3157894736842105
0.3636363636363636
0.6666666666666665
0.10526315789473685
0.16666666666666666
0.0
0.16666666666666666
0.14814814814814814
0.0
0.19047619047619047
0.09523809523809523
0.37499999999999994
0.3
0.4000000000000001
0.25000000000000006
0.1818181818181818
0.1
0.16666666666666666
0.0
0.15384615384615385
0.4000000000000001
0.0
0.2
0.2222222222222222
0.11764705882352941
0.14814814814814814
0.10526315789473682
0.0
0.16666666666666666
0.16666666666666666
0.35294117647058826
0.14814814814814814
0.19999999999999998
0.25000000000000006
0.21052631578947364
0.4615384615384615
0.20000000000000004
0.10526315789473682
0.4000000000000001
0.3636363636363636
0.22222222222222224
0.5454545454545454
0.15384615384615385
0.13333333333333333
0.4000000000000001
0.2
0.6666666666666665
0.11764705882352941
0.08823529411764705
0.3636363636363636
0.0
0.2
0.4444444444444445
0.26666666666666666
0.3076923076923077
0.21052631578947364
0.0
0.08333333333333333
0.1818181818181818
0.06896551724137931
0.0
0.2
0.5454545454545454
0.20000000000000004
0.0
0.1
0.16000000000000003
0.16666666666666666
0.32000000000000006
0.0
0.4444444444444445
0.26666666666666666
0.13043478260869565
0.15384615384615385
0.1111111111111111
0.6
0.1739130434782609
0.20689655172413793
0.10526315789473682
0.051948051948051945
0.3636363636363636
0.3333333333333333
0.6
0.15384615384615385
0.06779661016949153
0.0
0.17647058823529413
0.14814814814814814
0.3076923076923077
0.6666666666666665
0.3076923076923077
0.26666666666666666
0.4
0.0
0.23529411764705882
0.0
0.23529411764705882
0.16216216216216214
0.25000000000000006
0.1818181818181818
0.0
0.4000000000000001
0.5454545454545454
0.3076923076923077
0.4000000000000001
0.26666666666666666
0.14285714285714285
0.2608695652173913
0.6
0.0
0.09090909090909091
0.1818181818181818
0.16216216216216214
0.6
0.13333333333333333
0.6
0.22222222222222224
0.0
0.13333333333333333
0.0
0.15384615384615385
0.3333333333333333
0.1818181818181818
0.42857142857142855
0.22222222222222224
0.3333333333333333
0.4
0.1818181818181818
0.0
0.3076923076923077
0.3
0.20000000000000004
0.12500000000000003
0.09195402298850576
0.2857142857142857
0.13333333333333333
0.4444444444444445
0.4000000000000001
0.16666666666666666
0.2222222222222222
0.4000000000000001
0.07142857142857142
0.22222222222222224
0.0
0.06666666666666667
0.3157894736842105
0.07407407407407407
0.6
0.06666666666666667
0.1142857142857143
0.125
0.21052631578947364
0.26666666666666666
0.37499999999999994
0.5
0.3157894736842105
0.1818181818181818
0.4444444444444445
0.20000000000000004
0.3636363636363636
0.47058823529411764
0.11764705882352941
0.4444444444444445
0.18750000000000003
0.4000000000000001
0.14814814814814814
0.11764705882352941
0.23529411764705882
0.13333333333333333
0.0
0.3333333333333333
0.4000000000000001
0.5454545454545454
0.0
0.20000000000000004
0.1818181818181818
0.07407407407407407
0.2857142857142857
0.16666666666666666
0.22222222222222224
0.3333333333333333
0.23529411764705882
0.09756097560975609
0.4000000000000001
0.0
0.1111111111111111
0.6
0.0784313725490196
0.3076923076923077
0.6
0.15384615384615385
0.4444444444444444
0.09523809523809523
0.06896551724137931
0.5714285714285714
0.32000000000000006
0.5000000000000001
0.42857142857142855
0.15384615384615385
0.05714285714285715
0.3076923076923077
0.4000000000000001
0.2857142857142857
0.4
0.0
0.0
0.25000000000000006
0.4000000000000001
0.4000000000000001
0.0
0.26666666666666666
0.20000000000000004
0.25000000000000006
0.12500000000000003
0.058823529411764705
0.16000000000000003
0.20000000000000004
0.14285714285714285
0.0
0.20000000000000004
0.16666666666666666
0.14285714285714285
0.42857142857142855
0.1739130434782609
0.0
0.07407407407407407
0.14285714285714288
0.15384615384615385
0.3
0.20000000000000004
0.4444444444444445
0.2857142857142857
0.0
0.06060606060606061
0.09523809523809523
0.0909090909090909
0.5454545454545454
0.10526315789473682
0.16666666666666666
0.08695652173913045
0.1276595744680851
0.4000000000000001
0.3333333333333333
0.20000000000000004
0.11764705882352941
0.3076923076923077
0.10526315789473685
0.0
0.0
0.6
0.4
0.6666666666666665
0.16000000000000003
0.05714285714285715
0.1
0.0
0.0909090909090909
0.25000000000000006
0.23529411764705882
0.14814814814814814
0.3076923076923077
0.20000000000000004
0.2857142857142857
0.1739130434782609
0.4000000000000001
0.3157894736842105
0.3333333333333333
0.0
0.6
0.4347826086956522
0.15384615384615385
0.16666666666666666
0.26666666666666666
0.030303030303030307
0.15384615384615385
0.4000000000000001
0.3333333333333333
0.3846153846153846
0.15384615384615385
0.13333333333333333
0.6
0.3636363636363636
0.16216216216216214
0.15384615384615385
0.16666666666666666
0.1818181818181818
0.4
0.1818181818181818
0.6
0.2857142857142857
0.16666666666666666
0.20000000000000004
0.4000000000000001
0.4000000000000001
0.22222222222222224
0.2222222222222222
0.4615384615384615
0.0
0.20000000000000004
0.16666666666666666
0.5000000000000001
0.13333333333333333
0.2727272727272727
0.048780487804878044
0.1739130434782609
0.3076923076923077
0.23529411764705882
0.5454545454545454
0.3636363636363636
0.16666666666666666
0.0
0.3333333333333333
0.6
0.3333333333333333
0.1818181818181818
0.16666666666666666
0.6
0.5882352941176471
0.0
0.14285714285714285
0.6666666666666666
0.26666666666666666
0.3636363636363636
0.2857142857142857
0.22222222222222224
0.6
0.6666666666666665
0.6
0.22222222222222218
0.1111111111111111
0.14285714285714285
0.1111111111111111
0.08000000000000002
0.3333333333333333
0.05405405405405406
0.20000000000000004
0.33333333333333337
0.14285714285714285
0.0851063829787234
0.5454545454545454
0.4615384615384615
0.09302325581395349
0.0
0.16666666666666666
0.3333333333333333
0.33333333333333337
0.0
0.20000000000000004
0.6
0.3636363636363636
0.26666666666666666
0.14285714285714285
0.5454545454545454
0.4000000000000001
0.16666666666666666
0.25000000000000006
0.05405405405405406
0.1739130434782609
0.4444444444444445
0.3
0.21052631578947364
0.3636363636363636
0.10526315789473682
0.16000000000000003
0.23076923076923073
0.16666666666666666
0.12500000000000003
0.10526315789473682
0.13333333333333333
0.14285714285714285
0.16666666666666666
0.4444444444444445
0.2962962962962963
0.10526315789473682
0.20000000000000004
0.0
0.22222222222222224
0.2857142857142857
0.125
0.4444444444444445
0.0
0.14285714285714285
0.0
0.26666666666666666
0.16666666666666666
0.5
0.0
0.25000000000000006
0.10526315789473682
0.0425531914893617
0.26666666666666666
0.15384615384615385
0.20000000000000004
0.0
0.0
0.37499999999999994
0.3157894736842105
0.0
0.13333333333333333
0.1818181818181818
0.0
0.0
0.1818181818181818
0.0
0.0
0.4000000000000001
0.15384615384615385
0.4444444444444445
0.23529411764705882
0.3636363636363636
0.5454545454545454
0.22222222222222224
0.1
0.15384615384615385
0.42857142857142855
0.16666666666666666
0.4
0.0
0.1
0.08333333333333333
0.20000000000000004
0.20000000000000004
0.5333333333333333
0.37499999999999994
0.3636363636363636
0.2857142857142857
0.0
0.4615384615384615
0.21052631578947364
0.1818181818181818
0.0
0.1818181818181818
0.048780487804878044
0.16666666666666666
0.5454545454545454
0.888888888888889
0.21052631578947364
0.0
0.1111111111111111
0.05405405405405406
0.4444444444444445
0.14285714285714285
0.4000000000000001
0.3333333333333333
0.4444444444444445
0.13333333333333333
0.15384615384615385
0.09375000000000001
0.16666666666666666
0.23529411764705882
0.6
0.2222222222222222
0.4
0.22222222222222224
0.14285714285714285
0.03225806451612903
0.0
0.1818181818181818
0.2857142857142857
0.6153846153846154
0.1111111111111111
0.3636363636363636
0.22222222222222224
0.0
0.3333333333333333
0.07407407407407407
0.12500000000000003
0.5
0.4000000000000001
0.1818181818181818
0.15384615384615385
0.1
0.4615384615384615
0.13333333333333333
0.4210526315789473
0.0
0.12500000000000003
0.20000000000000004
0.125
0.19047619047619047
0.1818181818181818
0.22222222222222224
0.13333333333333333
0.2608695652173913
0.22222222222222224
0.4444444444444445
0.1111111111111111
0.12500000000000003
0.0
0.1818181818181818
0.22222222222222224
0.23529411764705882
0.08000000000000002
0.3636363636363636
0.3157894736842105
0.025974025974025972
0.2
0.045454545454545456
0.33333333333333337
0.4615384615384615
0.4444444444444444
0.15384615384615385
0.5000000000000001
0.13793103448275862
0.09523809523809523
0.14285714285714285
0.1395348837209302
0.16666666666666666
0.32000000000000006
0.13333333333333333
0.0
0.15384615384615385
0.22222222222222224
0.10256410256410256
0.3333333333333333
0.6666666666666665
0.4615384615384615
0.16666666666666666
0.4
0.1818181818181818
0.0
0.21052631578947364
0.16000000000000003
0.0
0.14285714285714285
0.3636363636363636
0.26666666666666666
0.5454545454545454
0.7272727272727272
0.13333333333333333
0.25000000000000006
0.4000000000000001
0.1176470588235294
0.3076923076923077
0.07017543859649124
0.26666666666666666
0.0
0.1818181818181818
0.0
0.030303030303030307
0.0
0.1818181818181818
0.16666666666666666
0.1224489795918367
0.16666666666666666
0.1111111111111111
0.1818181818181818
0.1
0.4000000000000001
0.09677419354838708
0.3636363636363636
0.14285714285714285
0.2857142857142857
0.20000000000000004
0.6666666666666665
0.6666666666666665
0.20000000000000004
0.125
0.03278688524590164
0.1739130434782609
0.20000000000000004
0.0
0.0
0.12000000000000001
0.26666666666666666
0.1818181818181818
0.6666666666666666
0.08695652173913045
0.3636363636363636
0.26666666666666666
0.2857142857142857
0.4000000000000001
0.4000000000000001
0.25000000000000006
0.13333333333333333
0.13333333333333333
0.16666666666666666
0.15384615384615385
0.3333333333333333
0.2857142857142857
0.6
0.1818181818181818
0.16666666666666666
0.15384615384615385
0.22222222222222224
0.2222222222222222
0.0
0.12500000000000003
0.21052631578947364
0.4615384615384615
0.0
0.3333333333333333
0.1818181818181818
0.3333333333333333
0.4444444444444445
0.2857142857142857
0.1818181818181818
0.0909090909090909
0.22222222222222224
0.15384615384615385
0.5
0.14814814814814814
0.020408163265306128
0.2857142857142857
0.18750000000000003
0.028985507246376812
0.6
0.20000000000000004
0.0
0.11764705882352941
0.4444444444444445
0.5454545454545454
0.4
0.5714285714285714
0.20000000000000004
0.11764705882352941
0.12500000000000003
0.3333333333333333
0.16666666666666666
0.5454545454545454
0.0
0.12500000000000003
0.08000000000000002
0.0
0.6
0.14285714285714285
0.0
0.13333333333333333
0.22222222222222224
0.1
0.15384615384615385
0.1818181818181818
0.3636363636363636
0.20000000000000004
0.3333333333333333
0.23529411764705882
0.22222222222222224
0.13333333333333333
0.07142857142857142
0.35294117647058826
0.3076923076923077
0.13333333333333333
0.2222222222222222
0.8000000000000002
0.0
0.3636363636363636
0.1818181818181818
0.23529411764705882
0.10526315789473685
0.5
0.4000000000000001
0.03773584905660377
0.19047619047619047
0.25000000000000006
0.14285714285714285
0.0
0.1739130434782609
0.1111111111111111
0.16666666666666666
0.07142857142857142
0.1818181818181818
0.15384615384615385
0.3636363636363636
0.15384615384615385
0.0
0.6
0.0
0.0851063829787234
0.0
0.5333333333333333
0.13333333333333333
0.4444444444444445
0.3636363636363636
0.20689655172413793
0.0
0.26666666666666666
0.2857142857142857
0.16666666666666666
0.4444444444444445
0.19047619047619047
0.16666666666666666
0.13333333333333333
0.2857142857142857
0.26666666666666666
0.6153846153846154
0.1
0.4444444444444445
0.4000000000000001
0.2
0.20000000000000004
0.2
0.20000000000000004
0.13333333333333333
0.3076923076923077
0.053691275167785234
0.3333333333333333
0.1
0.20000000000000004
0.4000000000000001
0.21052631578947364
0.3636363636363636
0.26666666666666666
0.09302325581395349
0.1818181818181818
0.15384615384615385
0.16666666666666666
0.1
0.25806451612903225
0.14285714285714285
0.11764705882352941
0.0
0.37499999999999994
0.0
0.1739130434782609
0.0
0.20000000000000004
0.4615384615384615
0.15384615384615385
0.24
0.5000000000000001
0.09523809523809523
0.4444444444444445
0.4
0.0
0.0
0.20000000000000004
0.13333333333333333
0.13333333333333333
0.14285714285714285
0.1111111111111111
0.1739130434782609
0.2222222222222222
0.0
0.13333333333333333
0.15384615384615385
0.0
0.13793103448275862
0.03508771929824562
0.15384615384615385
0.22222222222222218
0.37499999999999994
0.12903225806451613
0.20000000000000004
0.2222222222222222
0.5454545454545454
0.2
0.08695652173913045
0.2
0.4
0.03703703703703703
0.6666666666666665
0.0
0.12500000000000003
0.07142857142857142
0.25000000000000006
0.3076923076923077
0.6
0.0425531914893617
0.2857142857142857
0.08000000000000002
0.0
0.16666666666666666
0.22222222222222224
0.2857142857142857
0.1
0.15384615384615385
0.3333333333333333
0.33333333333333337
0.1818181818181818
0.2222222222222222
0.24
0.0
0.3636363636363636
0.3333333333333333
0.13333333333333333
0.4
0.0
0.15384615384615385
0.09523809523809523
0.15384615384615385
0.22222222222222224
0.20000000000000004
0.26666666666666666
0.6666666666666665
0.0
0.12121212121212122
0.11764705882352941
0.09302325581395349
0.18750000000000003
0.3
0.42857142857142855
0.20000000000000004
0.16666666666666666
0.0
0.2222222222222222
0.4444444444444445
0.0
0.3333333333333333
0.1818181818181818
0.14285714285714285
0.5
0.3636363636363636
0.14285714285714285
0.041666666666666664
0.35294117647058826
0.1818181818181818
0.16666666666666666
0.16666666666666666
0.3333333333333333
0.14285714285714285
0.0
0.22222222222222224
0.16666666666666666
0.14285714285714285
0.15384615384615385
0.0
0.0
0.19047619047619047
0.2727272727272727
0.15384615384615385
0.0
0.019801980198019802
0.08695652173913045
0.2608695652173913
0.0
0.1818181818181818
0.3478260869565218
0.3636363636363636
0.13793103448275862
0.15384615384615385
0.060606060606060615
0.20000000000000004
0.07142857142857142
0.1818181818181818
0.08695652173913043
0.42857142857142855
0.20000000000000004
0.0
0.2857142857142857
0.20000000000000004
0.13333333333333333
0.1142857142857143
0.35294117647058826
0.2608695652173913
0.0
0.4000000000000001
0.2
0.0
0.04081632653061225
0.21428571428571427
0.15384615384615385
0.37499999999999994
0.23529411764705882
0.20000000000000004
0.15384615384615385
0.6153846153846154
0.07692307692307693
0.3076923076923077
0.11764705882352941
0.11764705882352941
0.13333333333333333
0.125
0.14634146341463414
0.1818181818181818
0.6
0.3076923076923077
0.20000000000000004
0.5
0.14285714285714285
0.20000000000000004
0.1818181818181818
0.5555555555555556
0.13333333333333333
0.6666666666666665
0.3636363636363636
0.0392156862745098
0.15384615384615385
0.0
0.47619047619047616
0.20000000000000004
0.14814814814814814
0.23529411764705882
0.0
0.0
0.4444444444444444
0.20000000000000004
0.0
0.5
0.3636363636363636
0.14285714285714285
0.4000000000000001
0.0
0.20000000000000004
0.20000000000000004
0.0
0.16666666666666666
0.6666666666666665
0.8000000000000002
0.08333333333333333
0.8000000000000002
0.26666666666666666
0.20000000000000004
0.1111111111111111
0.3157894736842105
0.11764705882352941
0.4000000000000001
0.15
0.15384615384615385
0.6
0.06060606060606061
0.07407407407407407
0.15384615384615385
0.1818181818181818
0.0909090909090909
0.1818181818181818
0.888888888888889
0.3076923076923077
0.22222222222222224
0.0
0.6
0.0
0.1111111111111111
0.0
0.19047619047619047
0.1818181818181818
0.12500000000000003
0.10526315789473682
0.13333333333333333
0.19047619047619047
0.22222222222222224
0.35294117647058826
0.1818181818181818
0.0909090909090909
0.0
0.0
0.22222222222222224
0.0
0.0
0.11764705882352941
0.125
0.1818181818181818
0.2857142857142857
0.0
0.23529411764705882
0.37499999999999994
0.0909090909090909
0.35294117647058826
0.0
0.3636363636363636
0.1818181818181818
0.4444444444444445
0.12500000000000003
0.16216216216216214
0.08333333333333333
0.1176470588235294
0.8000000000000002
0.1818181818181818
0.6
0.0
0.3076923076923077
0.35294117647058826
0.0
0.0
0.2857142857142857
0.26666666666666666
0.33333333333333337
0.22222222222222224
0.0
0.3
0.08333333333333333
0.6
0.23529411764705882
0.1818181818181818
0.0
0.6666666666666665
0.0
0.20000000000000004
0.15384615384615385
0.12500000000000003
0.20000000000000004
0.08695652173913045
0.4210526315789473
0.13333333333333333
0.16666666666666666
0.14285714285714285
0.16666666666666666
0.6
0.13333333333333333
0.3333333333333333
0.4
0.3076923076923077
0.1818181818181818
0.2
0.20689655172413793
0.0
0.2857142857142857
0.1818181818181818
0.10526315789473682
0.11764705882352941
0.3636363636363636
0.3333333333333333
0.1851851851851852
0.13333333333333333
0.22222222222222224
0.1142857142857143
0.0
0.0
0.22222222222222224
0.22222222222222218
0.16666666666666666
0.25000000000000006
0.35294117647058826
0.0
0.16666666666666666
0.15384615384615385
0.6153846153846154
0.20000000000000004
0.14285714285714285
0.21052631578947364
0.1739130434782609
0.4444444444444445
0.1276595744680851
0.3
0.1818181818181818
0.16666666666666666
0.05714285714285715
0.4000000000000001
0.0
0.22222222222222224
0.4000000000000001
0.1111111111111111
0.3076923076923077
0.4000000000000001
0.6
0.1
0.3333333333333333
0.2857142857142857
0.3333333333333333
0.3076923076923077
0.12500000000000003
0.20000000000000004
0.6
0.1818181818181818
0.09523809523809523
0.1935483870967742
0.20000000000000004
0.12500000000000003
0.11764705882352941
0.0
0.0
0.19047619047619047
0.38095238095238093
0.09523809523809523
0.22222222222222218
0.15384615384615385
0.0
0.1818181818181818
0.35294117647058826
0.11764705882352941
0.4615384615384615
0.3157894736842105
0.35294117647058826
0.0
0.06451612903225806
0.16666666666666666
0.1818181818181818
0.1818181818181818
0.7272727272727272
0.5
0.6
0.26666666666666666
0.37499999999999994
0.06060606060606061
0.20000000000000004
0.4000000000000001
0.1
0.0
0.4000000000000001
0.3636363636363636
0.15384615384615385
0.16000000000000003
0.20000000000000004
0.0
0.15384615384615385
0.14285714285714285
0.20000000000000004
0.0
0.3333333333333333
0.23529411764705882
0.17647058823529413
0.046511627906976744
0.23529411764705882
0.4000000000000001
0.26666666666666666
0.2
0.13333333333333333
0.13333333333333333
0.14285714285714285
0.24
0.0
0.20000000000000004
0.0
0.3333333333333333
0.5454545454545454
0.20000000000000004
0.16000000000000003
0.3636363636363636
0.0
0.6
0.125
0.1818181818181818
0.15384615384615385
0.15384615384615385
0.14285714285714285
0.25000000000000006
0.20000000000000004
0.4000000000000001
0.16666666666666666
0.20000000000000004
0.18604651162790697
0.20000000000000004
0.4210526315789473
0.4000000000000001
0.2222222222222222
0.20000000000000004
0.5263157894736842
0.0
0.6666666666666665
0.032520325203252036
0.22222222222222224
0.6
0.5
0.25000000000000006
0.0
0.21052631578947364
0.23529411764705882
0.22222222222222224
0.4000000000000001
0.22222222222222224
0.2857142857142857
0.2857142857142857
0.4000000000000001
0.20000000000000004
0.26666666666666666
0.0
0.20689655172413793
0.16000000000000003
0.4
0.26666666666666666
0.16666666666666666
0.4615384615384615
0.6
0.15384615384615385
0.13333333333333333
0.3
0.08333333333333333
0.16666666666666666
0.23529411764705882
0.20000000000000004
0.0
0.4000000000000001
0.4444444444444445
0.0
0.5
0.3636363636363636
0.13333333333333333
0.08333333333333333
0.16666666666666666
0.1818181818181818
0.22222222222222224
0.16666666666666666
0.125
0.4000000000000001
0.20000000000000004
0.4615384615384615
0.1818181818181818
0.3636363636363636
0.3157894736842105
0.1111111111111111
0.4000000000000001
0.16666666666666666
0.2857142857142857
0.25000000000000006
0.20000000000000004
0.16216216216216214
0.14814814814814814
0.4000000000000001
0.2727272727272727
0.0909090909090909
0.3333333333333333
0.16666666666666666
0.0
0.35294117647058826
0.1818181818181818
0.4000000000000001
0.13793103448275862
0.3333333333333333
0.14814814814814814
0.3636363636363636
0.3478260869565218
0.13333333333333333
0.16666666666666666
0.0
0.15384615384615385
0.049999999999999996
0.0
0.23529411764705882
0.11764705882352941
0.4444444444444445
0.0
0.20000000000000004
0.16666666666666666
0.20000000000000004
0.03571428571428571
0.3636363636363636
0.12500000000000003
0.22222222222222218
0.16666666666666666
0.4000000000000001
0.3
0.16666666666666666
0.23529411764705882
0.07407407407407407
0.15384615384615385
0.24
0.0
0.20000000000000004
0.08000000000000002
0.1739130434782609
0.5000000000000001
0.1818181818181818
0.26666666666666666
0.15384615384615385
0.051948051948051945
0.14285714285714285
0.13793103448275862
0.3333333333333333
0.6
0.1818181818181818
0.125
0.027027027027027025
0.07547169811320754
0.21052631578947364
0.2857142857142857
0.25000000000000006
0.4000000000000001
0.11320754716981132
0.15384615384615385
0.1818181818181818
0.0
0.0
0.0
0.11764705882352941
0.4
0.20000000000000004
0.21052631578947364
0.3076923076923077
0.16000000000000003
0.2608695652173913
0.6
0.5454545454545454
0.3333333333333333
0.1111111111111111
0.15384615384615385
0.16666666666666666
0.0
0.1
0.1818181818181818
0.0
0.0
0.22222222222222224
0.0
0.13333333333333333
0.1818181818181818
0.09756097560975609
0.13333333333333333
0.22222222222222224
0.4444444444444445
0.3076923076923077
0.4000000000000001
0.09523809523809523
0.16666666666666666
0.20000000000000004
0.3076923076923077
0.22222222222222218
0.16666666666666666
0.22222222222222224
0.0
0.0
0.33333333333333337
0.42857142857142855
0.1
0.5000000000000001
0.6666666666666665
0.3333333333333333
0.0
0.1739130434782609
0.0
0.15384615384615385
0.3333333333333333
0.6153846153846154
0.14285714285714285
0.0888888888888889
0.1818181818181818
0.3636363636363636
0.4615384615384615
0.12500000000000003
0.33333333333333337
0.20000000000000004
0.3636363636363636
0.3636363636363636
0.4
0.5454545454545454
0.16666666666666666
0.12500000000000003
0.16666666666666666
0.11764705882352941
0.3636363636363636
0.3636363636363636
0.08000000000000002
0.4000000000000001
0.1111111111111111
0.5000000000000001
0.3636363636363636
0.1
0.4000000000000001
0.2
0.0425531914893617
0.42857142857142855
0.11764705882352941
0.13333333333333333
0.5
0.6
0.16666666666666666
0.3636363636363636
0.25806451612903225
0.4000000000000001
0.2727272727272727
0.14285714285714285
0.3636363636363636
0.21428571428571427
0.0
0.8000000000000002
0.4000000000000001
0.37499999999999994
0.3
0.26666666666666666
0.1111111111111111
0.14285714285714285
0.034188034188034185
0.0
0.3636363636363636
0.0
0.13333333333333333
0.3636363636363636
0.4000000000000001
0.5
0.6666666666666665
0.3636363636363636
0.20000000000000004
0.6666666666666665
0.1818181818181818
0.20000000000000004
0.07142857142857142
0.0851063829787234
0.5454545454545454
0.19999999999999998
0.08000000000000002
0.125
0.15384615384615385
0.4444444444444445
0.26666666666666666
0.15384615384615385
0.14814814814814814
0.14285714285714285
0.16666666666666666
0.3333333333333333
0.039999999999999994
0.0588235294117647
0.4000000000000001
0.20000000000000004
0.1818181818181818
0.14285714285714285
0.2857142857142857
0.4615384615384615
0.1818181818181818
0.26666666666666666
0.1818181818181818
0.20000000000000004
0.26666666666666666
0.16666666666666666
0.16000000000000003
0.2857142857142857
0.04444444444444445
0.22222222222222224
0.14285714285714285
0.6
0.25
0.3076923076923077
0.2222222222222222
0.16666666666666666
0.11764705882352941
0.0
0.4444444444444445
0.0
0.25000000000000006
0.1818181818181818
0.11764705882352941
0.12500000000000003
0.13333333333333333
0.11764705882352941
0.4444444444444445
0.1818181818181818
0.6666666666666665
0.23529411764705882
0.13333333333333333
0.19047619047619047
0.4
0.3333333333333333
0.5454545454545454
0.14285714285714285
0.4444444444444445
0.1818181818181818
0.0
0.0
0.2222222222222222
0.22222222222222224
0.26666666666666666
0.0
0.0
0.1818181818181818
0.3636363636363636
0.0
0.6
0.23529411764705882
0.05714285714285715
0.0
0.0
0.4000000000000001
0.15384615384615385
0.1818181818181818
0.0
0.14285714285714285
0.3333333333333333
0.21052631578947364
0.19047619047619047
0.0
0.25000000000000006
0.028985507246376812
0.15384615384615385
0.4000000000000001
0.18750000000000003
0.13333333333333333
0.0
0.22222222222222224
0.5454545454545454
0.20000000000000004
0.2857142857142857
0.6
0.20000000000000004
0.3636363636363636
0.12500000000000003
0.13793103448275862
0.25
0.42857142857142855
0.16666666666666666
0.3636363636363636
0.25000000000000006
0.14814814814814814
0.2857142857142857
0.22222222222222224
0.20000000000000004
0.20000000000000004
0.14285714285714285
0.05128205128205128
0.15384615384615385
0.4000000000000001
0.4000000000000001
0.04166666666666667
0.15384615384615385
0.15384615384615385
0.20000000000000004
0.2857142857142857
0.0
0.16666666666666666
0.06896551724137931
0.2857142857142857
0.21052631578947364
0.37499999999999994
0.08695652173913045
0.1818181818181818
0.20000000000000004
0.4000000000000001
0.23529411764705882
0.4444444444444445
0.0
0.3636363636363636
0.22222222222222224
0.4444444444444445
0.23529411764705882
0.6
0.09677419354838708
0.15384615384615385
0.14285714285714285
0.16666666666666666
0.12500000000000003
0.16216216216216214
0.0
0.12500000000000003
0.3636363636363636
0.16666666666666666
0.0
0.0
0.0
0.15384615384615385
0.039999999999999994
0.0
0.20000000000000004
0.4
0.1818181818181818
0.6666666666666665
0.16666666666666666
0.15384615384615385
0.15384615384615385
0.09523809523809523
0.22222222222222224
0.12121212121212122
0.06896551724137931
0.16666666666666666
0.16666666666666666
0.0625
0.0
0.2857142857142857
0.6
0.11764705882352941
0.12500000000000003
0.16666666666666666
0.22222222222222224
0.15384615384615385
0.15384615384615385
0.0
0.6
0.0909090909090909
0.2727272727272727
0.12500000000000003
0.0
0.16666666666666666
0.3636363636363636
0.37499999999999994
0.4000000000000001
0.22222222222222224
0.22222222222222224
0.11764705882352941
0.0
0.1224489795918367
0.2857142857142857
0.4
0.0851063829787234
0.22222222222222224
0.20000000000000004
0.09677419354838708
0.0
0.42857142857142855
0.11764705882352941
0.3636363636363636
0.0
0.3333333333333333
0.25000000000000006
0.25000000000000006
0.2222222222222222
0.0
0.06060606060606061
0.6666666666666665
0.052631578947368425
0.3333333333333333
0.0
0.5454545454545454
0.12500000000000003
0.33333333333333337
0.23529411764705882
0.0
0.13333333333333333
0.053691275167785234
0.0
0.26666666666666666
0.3333333333333333
0.0
0.3333333333333333
0.14814814814814814
0.23529411764705882
0.5454545454545454
0.13793103448275862
0.5454545454545454
0.4
0.16000000000000003
0.0
0.1111111111111111
0.18604651162790697
0.21052631578947364
0.6666666666666665
0.6
0.16666666666666666
0.4444444444444445
0.42857142857142855
0.13333333333333333
0.3636363636363636
0.0
0.3636363636363636
0.0
0.15384615384615385
0.3076923076923077
0.0
0.22222222222222224
0.19047619047619047
0.0
0.3636363636363636
0.06557377049180328
0.06666666666666667
0.7272727272727272
0.2608695652173913
0.20000000000000004
0.19999999999999998
0.11764705882352941
0.03389830508474576
0.16666666666666666
0.4000000000000001
0.23529411764705882
0.1509433962264151
0.20000000000000004
0.2962962962962963
0.23529411764705882
0.4000000000000001
0.14285714285714285
0.13333333333333333
0.15384615384615385
0.08695652173913045
0.2
0.12121212121212122
0.2857142857142857
0.15384615384615385
0.12903225806451613
0.0
0.06451612903225806
0.0625
0.12500000000000003
0.3636363636363636
0.21052631578947364
0.3636363636363636
0.19047619047619047
0.15384615384615385
0.16666666666666666
0.11320754716981132
0.0
0.16666666666666666
0.1818181818181818
0.4444444444444445
0.14285714285714285
0.5263157894736842
0.1111111111111111
0.07142857142857142
0.42857142857142855
0.4000000000000001
0.3333333333333333
0.15384615384615385
0.21052631578947364
0.0
0.37499999999999994
0.4000000000000001
0.5714285714285714
0.19047619047619047
0.0
0.0
0.0
0.0
0.3636363636363636
0.4000000000000001
0.1818181818181818
0.1818181818181818
0.08955223880597016
0.10526315789473682
0.4000000000000001
0.06896551724137931
0.0
0.2
0.1818181818181818
0.4000000000000001
0.0
0.13333333333333333
0.3636363636363636
0.4000000000000001
0.6
0.0
0.15384615384615385
0.2222222222222222
0.1818181818181818
0.3636363636363636
0.16666666666666666
0.09523809523809523
0.15384615384615385
0.0
0.23529411764705882
0.4615384615384615
0.2222222222222222
0.888888888888889
0.12500000000000003
0.20000000000000004
0.20000000000000004
0.12500000000000003
0.2857142857142857
0.4000000000000001
0.0
0.20000000000000004
0.4
0.0
0.2857142857142857
0.13333333333333333
0.20000000000000004
0.3333333333333333
0.0
0.4000000000000001
0.2222222222222222
0.0
0.22222222222222224
0.4615384615384615
0.0625
0.23529411764705882
0.15384615384615385
0.0
0.3636363636363636
0.1
0.20000000000000004
0.20000000000000004
0.1224489795918367
0.0
0.14285714285714285
0.0
0.33333333333333337
0.052631578947368425
0.4615384615384615
0.0
0.2
0.0
0.0
0.25
0.15384615384615385
0.1818181818181818
0.3333333333333333
0.16666666666666666
0.13333333333333333
0.3636363636363636
0.3636363636363636
0.16666666666666666
0.5454545454545454
0.19047619047619047
0.3636363636363636
0.6
0.1818181818181818
0.16666666666666666
0.8000000000000002
0.0
0.2857142857142857
0.26666666666666666
0.0
0.4000000000000001
0.42857142857142855
0.1818181818181818
0.20000000000000004
0.0
0.3076923076923077
0.052631578947368425
0.0
0.4000000000000001
0.1818181818181818
0.0
0.26666666666666666
0.0
0.0
0.07407407407407407
0.5454545454545454
0.1818181818181818
0.0
0.13333333333333333
0.6666666666666666
0.0
0.2222222222222222
0.22222222222222224
0.6
0.1111111111111111
0.1818181818181818
0.4
0.16666666666666666
0.049999999999999996
0.25000000000000006
0.42857142857142855
0.16666666666666666
0.3636363636363636
0.3636363636363636
0.20000000000000004
0.14285714285714285
0.20000000000000004
0.3636363636363636
0.0
0.2962962962962963
0.15384615384615385
0.3636363636363636
0.16666666666666666
0.10526315789473682
0.5
0.15384615384615385
0.6153846153846154
0.4
0.1818181818181818
0.14285714285714285
0.4000000000000001
0.1818181818181818
0.2857142857142857
0.1739130434782609
0.0
0.0
0.1818181818181818
0.06896551724137931
0.20000000000000004
0.0
0.3076923076923077
0.23529411764705882
0.1818181818181818
0.0
0.5714285714285714
0.6
0.5
0.0
0.06060606060606061
0.09523809523809523
0.09302325581395349
0.4615384615384615
0.13333333333333333
0.20000000000000004
0.06666666666666667
0.13333333333333333
0.16666666666666666
0.15384615384615385
0.0
0.22222222222222224
0.5882352941176471
0.0
0.1111111111111111
0.0
0.5454545454545454
0.15384615384615385
0.0
0.0625
0.19047619047619047
0.23076923076923073
0.13793103448275862
0.2222222222222222
0.2608695652173913
0.5454545454545454
0.0
0.16666666666666666
0.22222222222222224
0.0
0.19047619047619047
0.6666666666666665
0.25806451612903225
0.1739130434782609
0.6
0.08695652173913045
0.22222222222222224
0.15384615384615385
0.20000000000000004
0.3076923076923077
0.5333333333333333
0.14285714285714285
0.07407407407407406
0.16666666666666666
0.20689655172413793
0.16000000000000003
0.3076923076923077
0.0
0.4444444444444445
0.1111111111111111
0.06896551724137931
0.12903225806451613
0.8000000000000002
0.13333333333333333
0.3636363636363636
0.22222222222222224
0.0
0.4
0.0
0.1818181818181818
0.0
0.3076923076923077
0.20000000000000004
0.09523809523809523
0.22222222222222218
0.5
0.13333333333333333
0.12500000000000003
0.0
0.16666666666666666
0.20000000000000004
0.0
0.3076923076923077
0.4615384615384615
0.5454545454545454
0.06666666666666667
0.5454545454545454
0.05405405405405406
0.1818181818181818
0.16666666666666666
0.3157894736842105
0.6666666666666665
0.0
0.15384615384615385
0.20000000000000004
0.47619047619047616
0.15384615384615385
0.23529411764705882
0.3157894736842105
0.0
0.08695652173913045
0.22222222222222224
0.15384615384615385
0.0
0.08333333333333333
0.16666666666666666
0.08000000000000002
0.20000000000000004
0.15384615384615385
0.4615384615384615
0.21052631578947364
0.6153846153846154
0.0
0.0
0.0
0.3076923076923077
0.12500000000000003
0.3636363636363636
0.5454545454545454
0.16666666666666666
0.4000000000000001
0.11764705882352941
0.16666666666666666
0.3636363636363636
0.19047619047619047
0.6153846153846154
0.15384615384615385
0.23529411764705882
0.05405405405405406
0.12500000000000003
0.13333333333333333
0.14285714285714285
0.35294117647058826
0.6666666666666665
0.15384615384615385
0.0
0.3636363636363636
0.13333333333333333
0.0
0.5
0.4444444444444445
0.2962962962962963
0.20000000000000004
0.0
0.7272727272727272
0.14285714285714285
0.3636363636363636
0.08695652173913045
0.20689655172413793
0.21052631578947364
0.3333333333333333
0.16666666666666666
0.4000000000000001
0.26666666666666666
0.1818181818181818
0.10810810810810811
0.0
0.6666666666666665
0.05555555555555555
0.25
0.3076923076923077
0.10256410256410256
0.1818181818181818
0.06896551724137931
0.14285714285714285
0.0
0.22222222222222224
0.20000000000000004
0.0
0.13333333333333333
0.19999999999999998
0.5000000000000001
0.38095238095238093
0.3076923076923077
0.4000000000000001
0.09523809523809523
0.3478260869565218
0.15384615384615385
0.3636363636363636
0.08695652173913045
0.1111111111111111
0.0
0.4000000000000001
0.16666666666666666
0.4000000000000001
0.0
0.0
0.4000000000000001
0.26666666666666666
0.0909090909090909
0.0909090909090909
0.3076923076923077
0.4615384615384615
0.3333333333333333
0.05333333333333333
0.3478260869565218
0.1818181818181818
0.06451612903225806
0.3076923076923077
0.1818181818181818
0.23529411764705882
0.42857142857142855
0.3157894736842105
0.0
0.07792207792207792
0.20000000000000004
0.5333333333333333
0.25000000000000006
0.0
0.4
0.3333333333333333
0.22222222222222224
0.12500000000000003
0.6153846153846154
0.19047619047619047
0.25
0.15384615384615385
0.5454545454545454
0.25
0.4444444444444445
0.06060606060606061
0.5454545454545454
0.10526315789473682
0.35294117647058826
0.4000000000000001
0.0
0.3076923076923077
0.20000000000000004
0.1818181818181818
0.5454545454545454
0.33333333333333337
0.4000000000000001
0.4000000000000001
0.3333333333333333
0.1818181818181818
0.1818181818181818
0.23529411764705882
0.0
0.14285714285714285
0.20000000000000004
0.0
0.4444444444444445
0.4000000000000001
0.25000000000000006
0.5454545454545454
0.22222222222222218
0.15384615384615385
0.3076923076923077
0.1818181818181818
0.16666666666666666
0.4000000000000001
0.0
0.14285714285714285
0.5454545454545454
0.16000000000000003
0.06666666666666667
0.4210526315789473
0.2857142857142857
0.15384615384615385
0.2
0.10526315789473685
0.3636363636363636
0.3157894736842105
0.023529411764705885
0.3333333333333333
0.16666666666666666
0.3636363636363636
0.3333333333333333
0.4000000000000001
0.05555555555555556
0.4000000000000001
0.16666666666666666
0.19047619047619047
0.21052631578947364
0.061224489795918366
0.3333333333333333
0.2222222222222222
0.16666666666666666
0.22222222222222224
0.2
0.13333333333333333
0.2
0.0
0.2727272727272727
0.06060606060606061
0.3636363636363636
0.6
0.23529411764705882
0.3333333333333333
0.22222222222222224
0.47058823529411764
0.25000000000000006
0.16666666666666666
0.16666666666666666
0.08000000000000002
0.0
0.15384615384615385
0.1818181818181818
0.5000000000000001
0.4444444444444445
0.6
0.1818181818181818
0.13333333333333333
0.6
0.5454545454545454
0.4
0.2857142857142857
0.17647058823529413
0.20000000000000004
0.42857142857142855
0.10526315789473682
0.0
0.35294117647058826
0.6
0.22222222222222224
0.1818181818181818
0.16666666666666666
0.4000000000000001
0.20000000000000004
0.1739130434782609
0.2
0.22222222222222224
0.028169014084507046
0.07692307692307693
0.0625
0.2857142857142857
0.4000000000000001
0.4000000000000001
0.11764705882352941
0.0
0.15384615384615385
0.25000000000000006
0.1818181818181818
0.20000000000000004
0.37499999999999994
0.0
0.3076923076923077
0.42857142857142855
0.13333333333333333
0.4000000000000001
0.22222222222222224
0.35294117647058826
0.25000000000000006
0.21052631578947364
0.1818181818181818
0.2727272727272727
0.22222222222222224
0.1818181818181818
0.5454545454545454
0.2727272727272727
0.12500000000000003
0.0
0.12500000000000003
0.20000000000000004
0.15384615384615385
0.1111111111111111
0.4000000000000001
0.23529411764705882
0.22222222222222224
0.0
0.12500000000000003
0.1818181818181818
0.38095238095238093
0.16666666666666666
0.15384615384615385
0.04444444444444445
0.4000000000000001
0.3333333333333333
0.08333333333333333
0.42857142857142855
0.0
0.4444444444444445
0.3076923076923077
0.16666666666666666
0.06060606060606061
0.4444444444444445
0.1111111111111111
0.6
0.3333333333333333
0.12500000000000003
0.3636363636363636
0.4000000000000001
0.6
0.6
0.06451612903225806
0.13333333333333333
0.0
0.10526315789473685
0.19999999999999998
0.4210526315789473
0.12500000000000003
0.6
0.4000000000000001
0.16666666666666666
0.2222222222222222
0.0
0.16666666666666666
0.26666666666666666
0.42857142857142855
0.0784313725490196
0.5
0.0
0.11764705882352941
0.15384615384615385
0.22222222222222224
0.15384615384615385
0.6
0.5454545454545454
0.0
0.07142857142857142
0.1111111111111111
0.0
0.0
0.21428571428571427
0.16666666666666666
0.25000000000000006
0.0
0.20000000000000004
0.21052631578947364
0.20000000000000004
0.4000000000000001
0.1111111111111111
0.1111111111111111
0.16666666666666666
0.4444444444444445
0.5
0.06451612903225806
0.04347826086956522
0.4444444444444445
0.0
0.03571428571428571
0.041666666666666664
0.4000000000000001
0.10526315789473682
0.0
0.26666666666666666
0.15384615384615385
0.1224489795918367
0.08695652173913045
0.4444444444444445
0.15384615384615385
0.10526315789473682
0.6153846153846154
0.0
0.049999999999999996
0.05405405405405406
0.0
0.4000000000000001
0.25000000000000006
0.4000000000000001
0.1818181818181818
0.1818181818181818
0.21052631578947364
0.6
0.1111111111111111
0.1818181818181818
0.5454545454545454
0.1224489795918367
0.14285714285714285
0.07692307692307693
0.045454545454545456
0.06666666666666667
0.23529411764705882
0.20000000000000004
0.5454545454545454
0.1818181818181818
0.4000000000000001
0.3076923076923077
0.0
0.4444444444444445
0.4000000000000001
0.4444444444444445
0.26666666666666666
0.07407407407407407
0.3333333333333333
0.3636363636363636
0.12500000000000003
0.06451612903225806
0.1818181818181818
0.6
0.1111111111111111
0.38095238095238093
0.21052631578947364
0.23529411764705882
0.0
0.19999999999999998
0.25000000000000006
0.42857142857142855
0.20000000000000004
0.13333333333333333
0.20000000000000004
0.22222222222222224
0.25000000000000006
0.0
0.09523809523809523
0.045454545454545456
0.1111111111111111
0.6
0.1818181818181818
0.1
0.14285714285714285
0.05405405405405406
0.16666666666666666
0.3333333333333333
0.0
0.2
0.07142857142857142
0.4000000000000001
0.1818181818181818
0.16216216216216214
0.4444444444444445
0.21052631578947364
0.1818181818181818
0.15384615384615385
0.15384615384615385
0.26666666666666666
0.0
0.3333333333333333
0.4
0.4000000000000001
0.13333333333333333
0.4
0.4000000000000001
0.4444444444444445
0.16666666666666666
0.4000000000000001
0.37499999999999994
0.20000000000000004
0.19047619047619047
0.5
0.23529411764705882
0.15384615384615385
0.4000000000000001
0.0
0.2222222222222222
0.10256410256410256
0.15384615384615385
0.6666666666666665
0.5454545454545454
0.16666666666666666
0.21052631578947364
0.4
0.21052631578947364
0.5263157894736842
0.0
0.20000000000000004
0.35294117647058826
0.07407407407407407
0.3333333333333333
0.1818181818181818
0.20000000000000004
0.2857142857142857
0.6
0.2857142857142857
0.47058823529411764
0.0
0.20000000000000004
0.12500000000000003
0.3333333333333333
0.4615384615384615
0.22222222222222224
0.20000000000000004
0.10526315789473682
0.0
0.2962962962962963
0.3
0.20000000000000004
0.21052631578947364
0.3636363636363636
0.22222222222222218
0.0
0.14285714285714285
0.1739130434782609
0.0625
0.26666666666666666
0.0
0.1818181818181818
0.1
0.20000000000000004
0.07407407407407407
0.08695652173913045
0.25000000000000006
0.16666666666666666
0.13333333333333333
0.02857142857142857
0.20000000000000004
0.16666666666666666
0.3333333333333333
0.14814814814814814
0.4615384615384615
0.3636363636363636
0.5454545454545454
0.0
0.0909090909090909
0.12500000000000003
0.3076923076923077
0.1818181818181818
0.6
0.2222222222222222
0.5454545454545454
0.4000000000000001
0.1111111111111111
0.4000000000000001
0.07017543859649124
0.1
0.14285714285714285
0.4210526315789473
0.3636363636363636
0.16666666666666666
0.23529411764705882
0.35294117647058826
0.13333333333333333
0.14814814814814814
0.0
0.6
0.22222222222222224
0.2857142857142857
0.1818181818181818
0.6666666666666665
0.7272727272727272
0.3076923076923077
0.3076923076923077
0.0
0.2222222222222222
0.1818181818181818
0.37499999999999994
0.0
0.20000000000000004
0.16666666666666666
0.09523809523809523
0.22222222222222224
0.12500000000000003
0.20000000000000004
0.02777777777777778
0.08000000000000002
0.4
0.1818181818181818
0.14285714285714285
0.22222222222222224
0.16666666666666666
0.2
0.14285714285714285
0.35294117647058826
0.1818181818181818
0.4000000000000001
0.22222222222222224
0.13333333333333333
0.0
0.0
0.3333333333333333
0.13793103448275862
0.1111111111111111
0.0909090909090909
0.2
0.4000000000000001
0.0
0.15384615384615385
0.06666666666666667
0.15384615384615385
0.2857142857142857
0.20000000000000004
0.06451612903225806
0.1818181818181818
0.12500000000000003
0.2857142857142857
0.18181818181818182
0.1818181818181818
0.0
0.22222222222222224
0.16666666666666666
0.20000000000000004
0.1111111111111111
0.13333333333333333
0.25
0.0
0.21052631578947364
0.1111111111111111
0.14285714285714285
0.15384615384615385
0.0
0.26666666666666666
0.13333333333333333
0.15384615384615385
0.3636363636363636
0.16666666666666666
0.09090909090909091
0.19999999999999998
0.42857142857142855
0.3333333333333333
0.22222222222222224
0.1818181818181818
0.1739130434782609
0.15384615384615385
0.0
0.0
0.1818181818181818
0.1818181818181818
0.23529411764705882
0.0
0.15
0.21052631578947364
0.2857142857142857
0.35294117647058826
0.16666666666666666
0.3333333333333333
0.1818181818181818
0.1818181818181818
0.12500000000000003
0.13333333333333333
0.16666666666666666
0.4
0.3076923076923077
0.20000000000000004
0.1818181818181818
0.16666666666666666
0.034482758620689655
0.2222222222222222
0.3076923076923077
0.15384615384615385
0.049999999999999996
0.0
0.4615384615384615
0.1111111111111111
0.16666666666666666
0.10256410256410256
0.0
0.18181818181818182
0.1739130434782609
0.19047619047619047
0.26666666666666666
0.0
0.6666666666666665
0.4444444444444445
0.0
0.35294117647058826
0.3076923076923077
0.0
0.1818181818181818
0.0
0.1818181818181818
0.2222222222222222
0.1818181818181818
0.13333333333333333
0.0
0.10526315789473682
0.06666666666666667
0.3636363636363636
0.3636363636363636
0.21052631578947364
0.4166666666666667
0.13333333333333333
0.4000000000000001
0.2727272727272727
0.11764705882352941
0.0
0.06896551724137931
0.16666666666666666
0.12500000000000003
0.3333333333333333
0.20000000000000004
0.0
0.3076923076923077
0.23529411764705882
0.20000000000000004
0.20000000000000004
0.12121212121212122
0.4444444444444445
0.23529411764705882
0.20000000000000004
0.0
0.1176470588235294
0.0
0.15384615384615385
0.0588235294117647
0.25000000000000006
0.1111111111111111
0.16666666666666666
0.3333333333333333
0.0
0.42857142857142855
0.5454545454545454
0.023529411764705885
0.0
0.3636363636363636
0.3333333333333333
0.26666666666666666
0.1395348837209302
0.13333333333333333
0.3333333333333333
0.0
0.0
0.23529411764705882
0.4444444444444445
0.14285714285714285
0.15384615384615385
0.14285714285714285
0.13333333333333333
0.16666666666666666
0.12500000000000003
0.07407407407407406
0.4
0.0
0.4000000000000001
0.1818181818181818
0.0
0.26666666666666666
0.0
0.11320754716981132
0.12500000000000003
0.22222222222222224
0.08695652173913045
0.3333333333333333
0.20689655172413793
0.13333333333333333
0.21428571428571427
0.22222222222222224
0.21052631578947364
0.11764705882352941
0.3076923076923077
0.22222222222222224
0.07142857142857142
0.0
0.1818181818181818
0.5
0.0
0.2857142857142857
0.15384615384615385
0.15384615384615385
0.1
0.1818181818181818
0.4000000000000001
0.12500000000000003
0.16000000000000003
0.09523809523809523
0.22222222222222224
0.26666666666666666
0.1
0.0
0.1818181818181818
0.6666666666666665
0.0
0.25000000000000006
0.2857142857142857
0.4000000000000001
0.0
0.0
0.35294117647058826
0.2222222222222222
0.16666666666666666
0.35294117647058826
0.1818181818181818
0.014184397163120567
0.6
0.23529411764705882
0.20000000000000004
0.0
0.1818181818181818
0.14285714285714285
0.4
0.19047619047619047
0.3333333333333333
0.4000000000000001
0.3076923076923077
0.12903225806451613
0.23076923076923073
0.3636363636363636
0.08695652173913045
0.1818181818181818
0.14814814814814814
0.4444444444444444
0.22222222222222224
0.24
0.10810810810810811
0.3333333333333333
0.20000000000000004
0.1818181818181818
0.15384615384615385
0.22222222222222224
0.0
0.2
0.12500000000000003
0.6
0.0
0.12500000000000003
0.06666666666666667
0.2
0.15384615384615385
0.06451612903225806
0.14285714285714285
0.0
0.1
0.2857142857142857
0.0
0.3076923076923077
0.1818181818181818
0.0
0.25000000000000006
0.0
0.6
0.4000000000000001
0.14285714285714285
0.20000000000000004
0.4615384615384615
0.1818181818181818
0.14285714285714285
0.08000000000000002
0.1
0.4000000000000001
0.4000000000000001
0.19999999999999998
0.15384615384615385
0.1
0.4210526315789473
0.1818181818181818
0.08695652173913045
0.3636363636363636
0.3636363636363636
0.3333333333333333
0.13333333333333333
0.23529411764705882
0.14285714285714285
0.22222222222222224
0.0
0.0
0.0909090909090909
0.4444444444444445
0.029411764705882353
0.15384615384615385
0.16666666666666666
0.42857142857142855
0.12121212121212122
0.1818181818181818
0.0909090909090909
0.20000000000000004
0.1818181818181818
0.15384615384615385
0.09999999999999999
0.06451612903225806
0.0
0.0
0.0
0.3157894736842105
0.09523809523809523
0.3333333333333333
0.3333333333333333
0.22222222222222224
0.1111111111111111
0.22222222222222224
0.13333333333333333
0.1
0.888888888888889
0.0
0.2857142857142857
0.0
0.33333333333333337
0.0
0.2857142857142857
0.0
0.10526315789473685
0.0
0.42857142857142855
0.03333333333333333
0.6666666666666665
0.13333333333333333
0.5
0.1818181818181818
0.3636363636363636
0.046511627906976744
0.0909090909090909
0.42857142857142855
0.2702702702702703
0.8000000000000002
0.12903225806451613
0.0
0.3076923076923077
0.14285714285714285
0.4000000000000001
0.6
0.03225806451612903
0.6
0.0
0.09523809523809523
0.3333333333333333
0.0
0.4
0.0
0.5
0.4
0.20000000000000004
0.8000000000000002
0.09523809523809523
0.3076923076923077
0.07894736842105261
0.15384615384615385
0.3076923076923077
0.3
0.0
0.42857142857142855
0.10526315789473685
0.045454545454545456
0.4444444444444445
0.14285714285714285
0.3636363636363636
0.20000000000000004
0.07272727272727272
0.0
0.6153846153846154
0.20000000000000004
0.08108108108108109
0.3333333333333333
0.07999999999999999
0.3333333333333333
0.12903225806451613
0.23529411764705882
0.3157894736842105
0.3157894736842105
0.09302325581395349
0.4000000000000001
0.0
0.0
0.5333333333333333
0.4000000000000001
0.20000000000000004
0.3636363636363636
0.12500000000000003
0.1111111111111111
0.3333333333333333
0.1111111111111111
0.1818181818181818
0.15
0.0
0.5
0.42857142857142855
0.3076923076923077
0.20000000000000004
0.35294117647058826
0.05333333333333333
0.4000000000000001
0.1111111111111111
0.25000000000000006
0.14285714285714285
0.3636363636363636
0.0
0.20000000000000004
0.0
0.15384615384615385
0.15384615384615385
0.16666666666666666
0.1
0.16666666666666666
0.3076923076923077
0.35294117647058826
0.1818181818181818
0.1818181818181818
0.4444444444444445
0.2857142857142857
0.16666666666666666
0.4000000000000001
0.1818181818181818
0.0
0.6
0.07407407407407407
0.3333333333333333
0.21052631578947364
0.22222222222222224
0.4000000000000001
0.0
0.15384615384615385
0.16666666666666666
0.4000000000000001
0.0
0.20000000000000004
0.5
0.13333333333333333
0.11764705882352941
0.22222222222222224
0.0
0.14285714285714285
0.3333333333333333
0.19999999999999998
0.20689655172413793
0.1818181818181818
0.0
0.3636363636363636
0.18750000000000003
0.0
0.13333333333333333
0.2727272727272727
0.13333333333333333
0.5454545454545454
0.07692307692307693
0.6
0.16666666666666666
0.1818181818181818
0.4
0.24242424242424243
0.0
0.4000000000000001
0.15384615384615385
0.14285714285714285
0.22222222222222224
0.13333333333333333
0.13636363636363635
0.3076923076923077
0.3076923076923077
0.10526315789473682
0.1111111111111111
0.0
0.22222222222222224
0.16666666666666666
0.1818181818181818
0.16666666666666666
0.14285714285714285
0.17647058823529413
0.07017543859649124
0.0
0.13333333333333333
0.20000000000000004
0.12500000000000003
0.5454545454545454
0.19047619047619047
0.4000000000000001
0.3076923076923077
0.0
0.5333333333333333
0.2105263157894737
0.4000000000000001
0.20000000000000004
0.15384615384615385
0.22222222222222224
0.10810810810810811
0.15384615384615385
0.0
0.26666666666666666
0.09523809523809523
0.1818181818181818
0.16666666666666666
0.12500000000000003
0.06896551724137931
0.0
0.3333333333333333
0.16666666666666666
0.22222222222222224
0.21052631578947364
0.10526315789473685
0.030303030303030307
0.4444444444444445
0.26666666666666666
0.4615384615384615
0.6666666666666665
0.2857142857142857
0.4000000000000001
0.13333333333333333
0.07017543859649124
0.0
0.3636363636363636
0.4444444444444445
0.3157894736842105
0.4000000000000001
0.04347826086956522
0.14285714285714285
0.21052631578947364
0.4000000000000001
0.22222222222222224
0.3636363636363636
0.1
0.4615384615384615
0.14814814814814814
0.6666666666666665
0.1818181818181818
0.12500000000000003
0.1111111111111111
0.4444444444444445
0.1111111111111111
0.3333333333333333
0.19047619047619047
0.12500000000000003
0.1818181818181818
0.6
0.0
0.3636363636363636
0.5454545454545454
0.14285714285714285
0.4000000000000001
0.2222222222222222
0.2857142857142857
0.2
0.05128205128205128
0.25000000000000006
0.1111111111111111
0.3636363636363636
0.05714285714285715
0.14285714285714285
0.15384615384615385
0.16666666666666666
0.06060606060606061
0.3333333333333333
0.3076923076923077
0.10526315789473682
0.15384615384615385
0.0
0.0
0.3636363636363636
0.4444444444444445
0.20000000000000004
0.4000000000000001
0.14285714285714285
0.2222222222222222
0.1818181818181818
0.20000000000000004
0.2
0.3571428571428571
0.16666666666666666
0.3333333333333333
0.16666666666666666
0.6153846153846154
0.16666666666666666
0.10526315789473682
0.1
0.11764705882352941
0.07692307692307693
0.26666666666666666
0.1818181818181818
0.13333333333333333
0.0
0.16666666666666666
0.4000000000000001
0.0
0.20000000000000004
0.0
0.3333333333333333
0.14285714285714285
0.22222222222222224
0.625
0.5
0.6666666666666665
0.14814814814814814
0.10526315789473685
0.0909090909090909
0.07142857142857142
0.06666666666666667
0.2608695652173913
0.4000000000000001
0.3636363636363636
0.0
0.14285714285714285
0.3076923076923077
0.20000000000000004
0.23529411764705882
0.5000000000000001
0.4000000000000001
0.1818181818181818
0.1111111111111111
0.0
0.2222222222222222
0.21052631578947364
0.1818181818181818
0.16666666666666666
0.2222222222222222
0.4444444444444445
0.6666666666666665
0.0
0.0
0.16666666666666666
0.1818181818181818
0.03508771929824561
0.32000000000000006
0.15384615384615385
0.3076923076923077
0.21052631578947364
0.2222222222222222
0.3846153846153846
0.21052631578947364
0.2857142857142857
0.3333333333333333
0.16666666666666666
0.20000000000000004
0.16666666666666666
0.16666666666666666
0.15384615384615385
0.16666666666666666
0.0
0.2857142857142857
0.09523809523809523
0.3076923076923077
0.2
0.08333333333333333
0.02531645569620253
0.5454545454545454
0.37499999999999994
0.21052631578947364
0.15384615384615385
0.4000000000000001
0.1739130434782609
0.15384615384615385
0.2857142857142857
0.20000000000000004
0.4444444444444445
0.42857142857142855
0.3636363636363636
0.3333333333333333
0.14285714285714285
0.1818181818181818
0.20000000000000004
0.14814814814814814
0.15384615384615385
0.20000000000000004
0.14814814814814814
0.0
0.16666666666666666
0.4000000000000001
0.7272727272727272
0.16666666666666666
0.0
0.3636363636363636
0.2857142857142857
0.4444444444444445
0.12500000000000003
0.4444444444444445
0.1111111111111111
0.1818181818181818
0.02298850574712644
0.38095238095238093
0.5454545454545454
0.19047619047619047
0.16000000000000003
0.0
0.0909090909090909
0.4444444444444445
0.05405405405405406
0.3333333333333333
0.2857142857142857
0.4444444444444445
0.17647058823529413
0.25000000000000006
0.6
0.1818181818181818
0.15384615384615385
0.4000000000000001
0.1777777777777778
0.35294117647058826
0.06896551724137931
0.15384615384615385
0.08000000000000002
0.12903225806451613
0.3636363636363636
0.1818181818181818
0.20000000000000004
0.15384615384615385
0.09523809523809523
0.37499999999999994
0.06666666666666667
0.21052631578947364
0.4000000000000001
0.16666666666666666
0.0
0.3636363636363636
0.13333333333333333
0.0
0.1818181818181818
0.6
0.3076923076923077
0.5454545454545454
0.3333333333333333
0.13333333333333333
0.3076923076923077
0.0
0.0
0.3636363636363636
0.5263157894736842
0.07407407407407407
0.6
0.0
0.26666666666666666
0.15384615384615385
0.7272727272727272
0.12000000000000001
0.2727272727272727
0.20000000000000004
0.26666666666666666
0.0
0.1
0.11764705882352941
0.33333333333333337
0.0
0.04081632653061225
0.4000000000000001
0.20000000000000004
0.4444444444444445
0.16666666666666666
0.4615384615384615
0.16666666666666666
0.4615384615384615
0.11764705882352941
0.6666666666666665
0.3636363636363636
0.13333333333333333
0.15384615384615385
0.14285714285714285
0.0
0.19047619047619047
0.11764705882352941
0.2857142857142857
0.3636363636363636
0.3076923076923077
0.2857142857142857
0.20000000000000004
0.14285714285714285
0.2857142857142857
0.20000000000000004
0.14285714285714285
0.1818181818181818
0.0
0.3636363636363636
0.07407407407407407
0.0
0.4444444444444445
0.2608695652173913
0.22222222222222224
0.3636363636363636
0.25000000000000006
0.0
0.23529411764705882
0.1818181818181818
0.11764705882352941
0.1
0.20000000000000004
0.0
0.37499999999999994
0.0
0.0909090909090909
0.1818181818181818
0.2857142857142857
0.20000000000000004
0.4000000000000001
0.37499999999999994
0.23529411764705882
0.3636363636363636
0.21052631578947364
0.4444444444444444
0.0
0.22222222222222224
0.3636363636363636
0.2222222222222222
0.0
0.20000000000000004
0.1176470588235294
0.1818181818181818
0.4444444444444445
0.6
0.25000000000000006
0.21428571428571427
0.2
0.7142857142857143
0.09523809523809523
0.1818181818181818
0.125
0.23529411764705882
0.04347826086956522
0.0
0.10526315789473682
0.13333333333333333
0.13333333333333333
0.20000000000000004
0.25000000000000006
0.4
0.6
0.2857142857142857
0.6
0.14285714285714285
0.5454545454545454
0.4444444444444445
0.21428571428571427
0.14285714285714285
0.4444444444444445
0.3636363636363636
0.4000000000000001
0.3636363636363636
0.20000000000000004
0.06451612903225806
0.1818181818181818
0.20689655172413793
0.16666666666666666
0.13333333333333333
0.3636363636363636
0.3636363636363636
0.16666666666666666
0.17647058823529413
0.08000000000000002
0.03125
0.14285714285714285
0.6
0.5
0.3333333333333333
0.2857142857142857
0.16000000000000003
0.25000000000000006
0.11764705882352941
0.42857142857142855
0.12500000000000003
0.1395348837209302
0.09999999999999999
0.22222222222222224
0.14285714285714285
0.08695652173913045
0.3636363636363636
0.3636363636363636
0.0
0.0
0.2222222222222222
0.16666666666666666
0.5000000000000001
0.16666666666666666
0.3636363636363636
0.42857142857142855
0.0
0.14285714285714285
0.1818181818181818
0.14285714285714285
0.4615384615384615
0.6
0.20000000000000004
0.0909090909090909
0.07692307692307693
0.4000000000000001
0.15384615384615385
0.05128205128205128
0.09523809523809523
0.0
0.20000000000000004
0.0
0.42857142857142855
0.1818181818181818
0.0
0.14285714285714285
0.3478260869565218
0.03636363636363636
0.13333333333333333
0.22222222222222224
0.3333333333333333
0.21052631578947364
0.20000000000000004
0.4000000000000001
0.10810810810810811
0.26666666666666666
0.3636363636363636
0.4000000000000001
0.3333333333333333
0.37499999999999994
0.3636363636363636
0.14285714285714285
0.0851063829787234
0.22222222222222224
0.1818181818181818
0.20000000000000004
0.0
0.1111111111111111
0.1818181818181818
0.42857142857142855
0.1176470588235294
0.20000000000000004
0.14285714285714285
0.5454545454545454
0.0
0.1111111111111111
0.06896551724137931
0.0
0.0
0.0588235294117647
0.22222222222222224
0.4444444444444445
0.0
0.15384615384615385
0.3333333333333333
0.20000000000000004
0.12121212121212122
0.08000000000000002
0.15384615384615385
0.25000000000000006
0.07692307692307693
0.2727272727272727
0.14285714285714285
0.0
0.26666666666666666
0.26666666666666666
0.07692307692307693
0.0
0.09523809523809523
0.0909090909090909
0.08
0.0
0.06896551724137931
0.37499999999999994
0.2222222222222222
0.3076923076923077
0.19047619047619047
0.1818181818181818
0.13333333333333333
0.8000000000000002
0.1111111111111111
0.20000000000000004
0.5454545454545454
0.1111111111111111
0.6
0.0
0.16666666666666666
0.051948051948051945
0.0909090909090909
0.15384615384615385
0.3333333333333333
0.14814814814814814
0.6
0.09523809523809523
0.3
0.1
0.4000000000000001
0.11764705882352941
0.12500000000000003
0.2
0.1818181818181818
0.0
0.20000000000000004
0.4444444444444445
0.14285714285714285
0.4210526315789473
0.1111111111111111
0.0
0.14285714285714285
0.1111111111111111
0.3076923076923077
0.0
0.0
0.1818181818181818
0.20000000000000004
0.6
0.6666666666666665
0.1818181818181818
0.6
0.0
0.5000000000000001
0.7272727272727272
0.3076923076923077
0.13793103448275862
0.09523809523809523
0.047619047619047616
0.13333333333333333
0.05555555555555555
0.15384615384615385
0.0
0.11764705882352941
0.20000000000000004
0.13333333333333333
0.15384615384615385
0.6666666666666666
0.1739130434782609
0.1142857142857143
0.2222222222222222
0.20000000000000004
0.23529411764705882
0.3076923076923077
0.20000000000000004
0.6
0.16666666666666666
0.20000000000000004
0.049999999999999996
0.25000000000000006
0.26666666666666666
0.2857142857142857
0.046511627906976744
0.3636363636363636
0.37499999999999994
0.0909090909090909
0.6
0.1818181818181818
0.13333333333333333
0.3
0.16666666666666666
0.15384615384615385
0.0
0.08695652173913045
0.10256410256410256
0.26666666666666666
0.08333333333333333
0.2727272727272727
0.14285714285714285
0.0
0.25000000000000006
0.0625
0.0
0.1818181818181818
0.0
0.21428571428571427
0.22222222222222224
0.5454545454545454
0.1111111111111111
0.4
0.13333333333333333
0.3157894736842105
0.05128205128205128
0.6666666666666665
0.05555555555555555
0.3076923076923077
0.08333333333333333
0.3333333333333333
0.4000000000000001
0.5714285714285714
0.37499999999999994
0.2857142857142857
0.0
0.08695652173913045
0.0392156862745098
0.2
0.13333333333333333
0.0588235294117647
0.0
0.26666666666666666
0.1818181818181818
0.20000000000000004
0.26666666666666666
0.09523809523809523
0.4444444444444445
0.47058823529411764
0.22222222222222224
0.0
0.6666666666666665
0.3636363636363636
0.1818181818181818
0.06666666666666667
0.1111111111111111
0.16666666666666666
0.25000000000000006
0.3333333333333333
0.0
0.2727272727272727
0.10810810810810811
0.0
0.10526315789473682
0.4000000000000001
0.0
0.6
0.06451612903225806
0.4000000000000001
0.16666666666666666
0.2608695652173913
0.1739130434782609
0.5454545454545454
0.0
0.12500000000000003
0.0
0.4000000000000001
0.16000000000000003
0.4615384615384615
0.0
0.1818181818181818
0.0
0.1111111111111111
0.3636363636363636
0.1
0.0
0.6666666666666665
0.1818181818181818
0.0
0.21052631578947364
0.4000000000000001
0.32000000000000006
0.20000000000000004
0.6666666666666665
0.4444444444444445
0.1818181818181818
0.4444444444444445
0.4000000000000001
0.3076923076923077
0.3157894736842105
0.15384615384615385
0.3076923076923077
0.2857142857142857
0.3636363636363636
0.0
0.35294117647058826
0.0
0.3076923076923077
0.16666666666666666
0.0
0.16666666666666666
0.3076923076923077
0.16666666666666666
0.25000000000000006
0.3076923076923077
0.0
0.16000000000000003
0.4444444444444444
0.2857142857142857
0.22222222222222224
0.20000000000000004
0.5454545454545454
0.16000000000000003
0.4615384615384615
0.09090909090909091
0.3636363636363636
0.16666666666666666
0.2857142857142857
0.35294117647058826
0.019230769230769232
0.0
0.16666666666666666
0.10256410256410256
0.5
0.14814814814814814
0.12500000000000003
0.0
0.42857142857142855
0.3076923076923077
0.4444444444444445
0.16000000000000003
0.0
0.1818181818181818
0.12500000000000003
0.0
0.13333333333333333
0.13333333333333333
0.25000000000000006
0.10256410256410256
0.4
0.14285714285714285
0.0909090909090909
0.1176470588235294
0.4000000000000001
0.1818181818181818
0.20000000000000004
0.2857142857142857
0.16666666666666666
0.08000000000000002
0.0
0.15384615384615385
0.12500000000000003
0.16666666666666666
0.15384615384615385
0.11764705882352941
0.0
0.37499999999999994
0.07407407407407407
0.16666666666666666
0.1
0.1818181818181818
0.20000000000000004
0.0
0.0
0.125
0.8000000000000002
0.2857142857142857
0.15999999999999998
0.0
0.13333333333333333
0.15384615384615385
0.33333333333333337
0.3333333333333333
0.10526315789473682
0.06666666666666667
0.20000000000000004
0.3333333333333333
0.2857142857142857
0.6
0.1
0.22222222222222224
0.20000000000000004
0.13333333333333333
0.1
0.6
0.1818181818181818
0.20000000000000004
0.4444444444444445
0.0
0.5714285714285714
0.6
0.09677419354838708
0.1739130434782609
0.3076923076923077
0.42857142857142855
0.0
0.09999999999999999
0.22222222222222224
0.23529411764705882
0.25000000000000006
0.3636363636363636
0.20000000000000004
0.2857142857142857
0.1818181818181818
0.05555555555555555
0.14285714285714285
0.4000000000000001
0.057971014492753624
0.0
0.25000000000000006
0.20000000000000004
0.2727272727272727
0.0
0.16666666666666666
0.3333333333333333
0.0
0.42857142857142855
0.26666666666666666
0.4000000000000001
0.09523809523809523
0.3636363636363636
0.4444444444444445
0.1818181818181818
0.4000000000000001
0.4000000000000001
0.1818181818181818
0.1818181818181818
0.14285714285714285
0.3333333333333333
0.0
0.15384615384615385
0.2857142857142857
0.3076923076923077
0.1111111111111111
0.20000000000000004
0.21052631578947364
0.3076923076923077
