0.22222222222222224
0.10000000000000002
0.13333333333333333
0.37499999999999994
0.10526315789473685
0.25
0.16
0.2105263157894737
0.37499999999999994
0.13333333333333333
0.029850746268656716
0.1818181818181818
0.16
0.22222222222222224
0.125
0.0
0.2105263157894737
0.22222222222222224
0.125
0.08695652173913043
0.125
0.47058823529411764
0.11111111111111112
0.11111111111111112
0.5
0.26666666666666666
0.26666666666666666
0.28571428571428575
0.0
0.2105263157894737
0.11764705882352941
0.4
0.3529411764705882
0.1818181818181818
0.2105263157894737
0.4
0.25806451612903225
0.25
0.11764705882352941
0.15
0.32
0.3
0.26666666666666666
0.11764705882352941
0.05555555555555555
0.14285714285714288
0.28571428571428575
0.4210526315789474
0.0909090909090909
0.47619047619047616
0.25
0.15384615384615385
0.33333333333333326
0.26666666666666666
0.17647058823529413
0.20000000000000004
0.4285714285714285
0.05714285714285714
0.4
0.10000000000000002
0.4285714285714285
0.03636363636363636
0.10000000000000002
0.0
0.23529411764705882
0.11111111111111112
0.13333333333333333
0.2608695652173913
0.08333333333333333
0.10000000000000002
0.23529411764705882
0.0
0.3157894736842105
0.4
0.16666666666666666
0.11111111111111112
0.0
0.0
0.28571428571428564
0.25
0.16901408450704225
0.13333333333333333
0.3157894736842105
0.16
0.0
0.11111111111111112
0.37499999999999994
0.25
0.32
0.23529411764705882
0.26666666666666666
0.6666666666666666
0.0
0.0
0.2105263157894737
0.06060606060606061
0.0
0.17391304347826086
0.4
0.11764705882352941
0.0
0.16
0.15384615384615385
0.0
0.13333333333333333
0.16666666666666669
0.14814814814814814
0.35714285714285715
0.0
0.5
0.3157894736842105
0.23529411764705882
0.09523809523809525
0.14814814814814817
0.1818181818181818
0.12500000000000003
0.1904761904761905
0.05555555555555555
0.2105263157894737
0.22222222222222224
0.19354838709677416
0.26666666666666666
0.3529411764705882
0.0909090909090909
0.11111111111111112
0.07142857142857142
0.26666666666666666
0.13636363636363635
0.06250000000000001
0.08695652173913043
0.08333333333333333
0.0909090909090909
0.11764705882352941
0.0
0.14285714285714288
0.23529411764705882
0.1904761904761905
0.2727272727272727
0.11320754716981132
0.28571428571428564
0.3
0.13793103448275862
0.3529411764705882
0.11764705882352941
0.5333333333333333
0.1904761904761905
0.0
0.09523809523809525
0.26666666666666666
0.11764705882352941
0.20689655172413793
0.25
0.0
0.7272727272727272
0.11111111111111112
0.15384615384615385
0.19354838709677416
0.2727272727272727
0.4210526315789474
0.13333333333333333
0.11267605633802817
0.13793103448275862
0.20000000000000004
0.28571428571428575
0.13333333333333333
0.10256410256410257
0.2105263157894737
0.11764705882352941
0.2727272727272727
0.4000000000000001
0.26666666666666666
0.11320754716981132
0.125
0.5714285714285715
0.23529411764705882
0.26666666666666666
0.25
0.0
0.2857142857142857
0.24
0.22222222222222224
0.588235294117647
0.0
0.33333333333333326
0.14634146341463414
0.23529411764705882
0.11111111111111112
0.05555555555555555
0.26666666666666666
0.3225806451612903
0.0898876404494382
0.25
0.4
0.5
0.09523809523809525
0.10309278350515463
0.28571428571428564
0.26666666666666666
0.125
0.13333333333333333
0.2105263157894737
0.14285714285714285
0.10000000000000002
0.08333333333333333
0.4444444444444445
0.19354838709677416
0.16666666666666666
0.20833333333333334
0.20689655172413793
0.4
0.25
0.11111111111111112
0.25
0.4000000000000001
0.25806451612903225
0.5
0.4000000000000001
0.0
0.33333333333333326
0.3333333333333333
0.22222222222222224
0.26666666666666666
0.33333333333333326
0.3
0.16666666666666666
0.13043478260869565
0.25
0.22222222222222224
0.16666666666666666
0.12121212121212122
0.16
0.22222222222222224
0.04878048780487805
0.23529411764705882
0.625
0.26666666666666666
0.4666666666666667
0.23076923076923075
0.11111111111111112
0.20000000000000004
0.47058823529411764
0.0
0.380952380952381
0.608695652173913
0.380952380952381
0.380952380952381
0.33333333333333326
0.25
0.16666666666666666
0.125
0.3636363636363636
0.26666666666666666
0.2608695652173913
0.20000000000000004
0.47619047619047616
0.26666666666666666
0.5454545454545454
0.26666666666666666
0.4
0.22222222222222224
0.23529411764705882
0.28571428571428575
0.26666666666666666
0.29629629629629634
0.15
0.5555555555555556
0.4
0.7499999999999999
0.4
0.125
0.5
0.10810810810810811
0.34782608695652173
0.0
0.0909090909090909
0.5
0.0
0.10000000000000002
0.0
0.0
0.3
0.3684210526315789
0.5333333333333333
0.3636363636363636
0.5
0.0975609756097561
0.0909090909090909
0.32
0.3529411764705882
0.0
0.1818181818181818
0.37499999999999994
0.13333333333333333
0.11764705882352941
0.28571428571428564
0.625
0.2727272727272727
0.25
0.0
0.125
0.05
0.12903225806451613
0.5555555555555556
0.4
0.25
0.28571428571428575
0.05128205128205129
0.33333333333333326
0.125
0.23529411764705882
0.23076923076923075
0.13333333333333333
0.33333333333333326
0.19354838709677416
0.3529411764705882
0.4
0.11111111111111112
0.3157894736842105
0.11764705882352941
0.37499999999999994
0.26666666666666666
0.10810810810810811
0.33333333333333326
0.14285714285714285
0.22222222222222224
0.0
0.3157894736842105
0.26666666666666666
0.33333333333333326
0.4285714285714285
0.2727272727272727
0.13333333333333333
0.33333333333333326
0.03773584905660377
0.0
0.4
0.0697674418604651
0.5714285714285715
0.37499999999999994
0.45454545454545453
0.28571428571428575
0.12903225806451613
0.28571428571428575
0.16666666666666666
0.0
0.3636363636363636
0.37499999999999994
0.38461538461538464
0.20000000000000004
0.0
0.4000000000000001
0.4285714285714285
0.13333333333333333
0.4285714285714285
0.6
0.10526315789473685
0.4444444444444445
0.11764705882352941
0.4
0.14285714285714288
0.12698412698412698
0.22222222222222224
0.0
0.11111111111111112
0.1818181818181818
0.12121212121212122
0.0
0.33333333333333326
0.1818181818181818
0.14814814814814817
0.11764705882352941
0.2105263157894737
0.2105263157894737
0.125
0.26666666666666666
0.26666666666666666
0.22222222222222224
0.09375000000000001
0.0
0.3529411764705882
0.4
0.2105263157894737
0.4285714285714285
0.4
0.28571428571428564
0.11764705882352941
0.4
0.20000000000000004
0.23529411764705882
0.3157894736842105
0.125
0.13636363636363635
0.26666666666666666
0.26666666666666666
0.25
0.28571428571428564
0.1818181818181818
0.11111111111111112
0.18181818181818182
0.13333333333333333
0.2105263157894737
0.16
0.25
0.04545454545454545
0.14285714285714288
0.11111111111111112
0.28571428571428575
0.0
0.3333333333333333
0.11764705882352941
0.13333333333333333
0.10526315789473685
0.25
0.14285714285714288
0.03508771929824561
0.21428571428571427
0.125
0.08888888888888888
0.25
0.1818181818181818
0.56
0.28571428571428575
0.34782608695652173
0.5
0.11764705882352941
0.14285714285714285
0.11764705882352941
0.11111111111111112
0.0
0.0909090909090909
0.0
0.13333333333333333
0.380952380952381
0.3157894736842105
0.18518518518518517
0.28571428571428575
0.20000000000000004
0.12500000000000003
0.05263157894736841
0.28571428571428575
0.14285714285714288
0.08695652173913043
0.21428571428571427
0.12765957446808512
0.23529411764705882
0.4444444444444445
0.47058823529411764
0.25000000000000006
0.4444444444444445
0.10000000000000002
0.4
0.0
0.13333333333333333
0.10526315789473685
0.09523809523809525
0.26666666666666666
0.08333333333333333
0.3529411764705882
0.1904761904761905
0.22222222222222224
0.47619047619047616
0.4
0.3
0.21428571428571427
0.12765957446808512
0.0
0.4
0.25
0.11111111111111112
0.05714285714285714
0.08
0.0625
0.5
0.10526315789473685
0.13333333333333333
0.22222222222222224
0.33333333333333326
0.028571428571428574
0.25
0.2608695652173913
0.27586206896551724
0.28571428571428564
0.4
0.14285714285714288
0.4375
0.26666666666666666
0.10000000000000002
0.20689655172413793
0.0
0.25
0.25
0.125
0.2105263157894737
0.6666666666666665
0.28571428571428575
0.3157894736842105
0.13333333333333333
0.23529411764705882
0.1904761904761905
0.4
0.10526315789473685
0.13333333333333333
0.07692307692307693
0.11764705882352941
0.3
0.3870967741935483
0.23529411764705882
0.0
0.2105263157894737
0.28571428571428564
0.26666666666666666
0.24
0.125
0.10526315789473685
0.25
0.3529411764705882
0.1818181818181818
0.1904761904761905
0.26666666666666666
0.26666666666666666
0.0909090909090909
0.11764705882352941
0.0
0.09523809523809525
0.0
0.0909090909090909
0.4210526315789474
0.26666666666666666
0.29411764705882354
0.22857142857142856
0.33333333333333326
0.11111111111111112
0.26666666666666666
0.20000000000000004
0.2727272727272727
0.06896551724137931
0.16666666666666666
0.26666666666666666
0.10256410256410257
0.28571428571428575
0.12903225806451613
0.28571428571428575
0.11764705882352941
0.06557377049180327
0.11764705882352941
0.47619047619047616
0.0
0.13333333333333333
0.13333333333333333
0.28571428571428575
0.1904761904761905
0.28571428571428564
0.11111111111111112
0.3529411764705882
0.28571428571428564
0.186046511627907
0.11764705882352941
0.20689655172413793
0.26666666666666666
0.22222222222222224
0.23529411764705882
0.125
0.41666666666666663
0.0
0.04651162790697675
0.48
0.5
0.0909090909090909
0.25
0.11764705882352941
0.33333333333333326
0.16
0.32
0.26666666666666666
0.3125
0.25
0.5217391304347826
0.23529411764705882
0.11764705882352941
0.4
0.3529411764705882
0.18181818181818182
0.4347826086956522
0.25
0.4
0.2105263157894737
0.23529411764705882
0.0
0.23076923076923075
0.16
0.26666666666666666
0.11111111111111112
0.14285714285714285
0.1904761904761905
0.1111111111111111
0.4285714285714285
0.37499999999999994
0.0
0.23529411764705882
0.4000000000000001
0.23529411764705882
0.21428571428571427
0.26666666666666666
0.15384615384615385
0.32
0.4
0.26666666666666666
0.37499999999999994
0.2608695652173913
0.14285714285714288
0.3636363636363636
0.26666666666666666
0.4
0.4
0.0
0.11111111111111112
0.28571428571428575
0.20000000000000004
0.17391304347826086
0.10526315789473685
0.20000000000000004
0.26666666666666666
0.28571428571428575
0.45454545454545453
0.2105263157894737
0.4210526315789474
0.26666666666666666
0.23529411764705882
0.26666666666666666
0.21428571428571427
0.4
0.24
0.20000000000000004
0.15384615384615385
0.0
0.13793103448275862
0.0
0.34782608695652173
0.1111111111111111
0.0425531914893617
0.14285714285714288
0.22222222222222224
0.5217391304347826
0.3529411764705882
0.2727272727272727
0.5714285714285715
0.0930232558139535
0.11111111111111112
0.26666666666666666
0.37499999999999994
0.13333333333333333
0.47058823529411764
0.41666666666666663
0.0
0.16666666666666669
0.13333333333333333
0.26666666666666666
0.1
0.26666666666666666
0.1904761904761905
0.13333333333333333
0.10000000000000002
0.33333333333333326
0.1818181818181818
0.23529411764705882
0.4285714285714285
0.20000000000000004
0.0
0.0909090909090909
0.18181818181818182
0.05042016806722689
0.26666666666666666
0.14285714285714288
0.5
0.0
0.5333333333333333
0.13333333333333333
0.11111111111111112
0.22222222222222224
0.05
0.26666666666666666
0.4285714285714285
0.16666666666666666
0.38461538461538464
0.26666666666666666
0.09523809523809525
0.5555555555555556
0.13559322033898302
0.04081632653061225
0.25
0.588235294117647
0.13333333333333333
0.07692307692307693
0.3529411764705882
0.08000000000000002
0.2105263157894737
0.5
0.25
0.11267605633802817
0.2857142857142857
0.1904761904761905
0.11764705882352941
0.14285714285714288
0.11764705882352941
0.14285714285714288
0.14285714285714288
0.11111111111111112
0.26666666666666666
0.20000000000000004
0.10000000000000002
0.3529411764705882
0.4
0.3
0.16666666666666666
0.0
0.2105263157894737
0.27586206896551724
0.4
0.0
0.11764705882352941
0.11764705882352941
0.2
0.26666666666666666
0.26666666666666666
0.5185185185185185
0.14285714285714285
0.11111111111111112
0.14285714285714288
0.19354838709677416
0.4
0.11764705882352941
0.25
0.37499999999999994
0.1111111111111111
0.3529411764705882
0.2857142857142857
0.28571428571428575
0.2105263157894737
0.1818181818181818
0.0
0.26666666666666666
0.25
0.10526315789473682
0.4
0.0930232558139535
0.11111111111111112
0.2105263157894737
0.25
0.13333333333333333
0.13636363636363635
0.11111111111111112
0.10526315789473685
0.26666666666666666
0.125
0.28571428571428575
0.6666666666666666
0.2105263157894737
0.0
0.26666666666666666
0.09523809523809525
0.4285714285714285
0.11764705882352941
0.4000000000000001
0.28571428571428575
0.14634146341463414
0.37499999999999994
0.10714285714285714
0.28571428571428575
0.21428571428571427
0.24242424242424243
0.37499999999999994
0.05235602094240837
0.13333333333333333
0.0
0.37499999999999994
0.07407407407407408
0.11111111111111112
0.23529411764705882
0.10810810810810811
0.28571428571428564
0.25
0.5333333333333333
0.11111111111111112
0.0
0.16666666666666666
0.0
0.2727272727272727
0.14285714285714285
0.07407407407407408
0.45454545454545453
0.13333333333333333
0.08695652173913043
0.20000000000000004
0.09523809523809525
0.2631578947368421
0.10000000000000002
0.10526315789473685
0.17391304347826086
0.3529411764705882
0.19354838709677416
0.5000000000000001
0.22222222222222224
0.20000000000000004
0.21428571428571427
0.11764705882352941
0.23529411764705882
0.28571428571428575
0.4000000000000001
0.5
0.10000000000000002
0.2608695652173913
0.25
0.14285714285714285
0.33333333333333326
0.18749999999999997
0.22222222222222224
0.3529411764705882
0.33333333333333326
0.13333333333333333
0.12500000000000003
0.625
0.3
0.18749999999999997
0.4
0.37499999999999994
0.5333333333333333
0.16
0.5217391304347826
0.48484848484848486
0.3157894736842105
0.10000000000000002
0.14285714285714288
0.45454545454545453
0.2105263157894737
0.25
0.18749999999999997
0.4
0.19047619047619047
0.33333333333333326
0.25
0.06666666666666667
0.380952380952381
0.13333333333333333
0.37499999999999994
0.14285714285714288
0.16216216216216217
0.0
0.28571428571428575
0.2105263157894737
0.3529411764705882
0.25
0.4000000000000001
0.2727272727272727
0.5714285714285715
0.06666666666666667
0.3529411764705882
0.3529411764705882
0.7
0.125
0.26666666666666666
0.1818181818181818
0.3529411764705882
0.4444444444444445
0.11764705882352941
0.4
0.47058823529411764
0.125
0.125
0.11111111111111112
0.4
0.4000000000000001
0.2105263157894737
0.14814814814814817
0.28571428571428575
0.19047619047619047
0.5555555555555556
0.3157894736842105
0.034482758620689655
0.4000000000000001
0.23529411764705882
0.4
0.08
0.4285714285714285
0.3157894736842105
0.10810810810810811
0.23529411764705882
0.12903225806451613
0.37499999999999994
0.14285714285714288
0.3076923076923077
0.4
0.10526315789473685
0.13953488372093023
0.1904761904761905
0.28571428571428575
0.06896551724137931
0.47058823529411764
0.37499999999999994
0.3529411764705882
0.4
0.25
0.4
0.25
0.125
0.125
0.26666666666666666
0.13333333333333333
0.07142857142857142
0.10256410256410257
0.4666666666666667
0.22222222222222224
0.380952380952381
0.3157894736842105
0.625
0.125
0.26666666666666666
0.13333333333333333
0.0
0.21428571428571427
0.3636363636363636
0.25
0.26666666666666666
0.08333333333333333
0.5
0.28571428571428575
0.47619047619047616
0.26666666666666666
0.26666666666666666
0.17391304347826086
0.26666666666666666
0.1904761904761905
0.06557377049180327
0.2727272727272727
0.588235294117647
0.23529411764705882
0.4
0.0909090909090909
0.3636363636363636
0.22222222222222224
0.28571428571428575
0.12903225806451613
0.0
0.16
0.2
0.0
0.3157894736842105
0.23529411764705882
0.33333333333333326
0.13333333333333333
0.23076923076923075
0.26666666666666666
0.09523809523809525
0.10000000000000002
0.2105263157894737
0.33333333333333326
0.4
0.2105263157894737
0.5714285714285715
0.3076923076923077
0.4
0.23529411764705882
0.13333333333333333
0.13333333333333333
0.33333333333333326
0.20000000000000004
0.625
0.5454545454545454
0.16
0.0
0.4
0.3529411764705882
0.5333333333333333
0.4
0.37499999999999994
0.16
0.11111111111111112
0.0
0.21052631578947364
0.25
0.13333333333333333
0.23076923076923075
0.14285714285714285
0.13333333333333333
0.0
0.0
0.37499999999999994
0.125
0.33333333333333326
0.2857142857142857
0.25
0.5714285714285713
0.380952380952381
0.10000000000000002
0.11538461538461536
0.4
0.0
0.13333333333333333
0.125
0.09523809523809525
0.14285714285714288
0.25
0.25
0.47619047619047616
0.26666666666666666
0.1904761904761905
0.23076923076923075
0.33333333333333326
0.11111111111111112
0.608695652173913
0.3333333333333333
0.058823529411764705
0.5555555555555556
0.5333333333333333
0.09523809523809525
0.13333333333333333
0.22857142857142856
0.4000000000000001
0.24242424242424243
0.20689655172413793
0.24
0.25
0.33333333333333326
0.13333333333333333
0.4285714285714285
0.25
0.26666666666666666
0.25
0.380952380952381
0.24
0.11111111111111112
0.10526315789473685
0.4
0.0
0.08695652173913043
0.2105263157894737
0.28571428571428575
0.29629629629629634
0.37499999999999994
0.1904761904761905
0.0
0.3157894736842105
0.3157894736842105
0.22222222222222224
0.5555555555555556
0.13636363636363635
0.5333333333333333
0.11428571428571428
0.4444444444444445
0.13333333333333333
0.13333333333333333
0.20000000000000004
0.4
0.26666666666666666
0.22727272727272727
0.25
0.13333333333333333
0.4615384615384615
0.11764705882352941
0.4000000000000001
0.28571428571428575
0.47058823529411764
0.5
0.058823529411764705
0.5
0.625
0.5714285714285715
0.4285714285714285
0.23529411764705882
0.3529411764705882
0.23529411764705882
0.4000000000000001
0.4285714285714285
0.125
0.22222222222222224
0.22222222222222224
0.26666666666666666
0.11111111111111112
0.125
0.37499999999999994
0.22222222222222224
0.05714285714285715
0.0
0.28571428571428575
0.12903225806451613
0.4
0.37499999999999994
0.26666666666666666
0.17647058823529413
0.2105263157894737
0.25
0.0
0.13636363636363635
0.5555555555555556
0.0
0.14285714285714288
0.25000000000000006
0.27586206896551724
0.4
0.0
0.1904761904761905
0.26666666666666666
0.11764705882352941
0.3529411764705882
0.4
0.0
0.25
0.3
0.0
0.15625
0.26666666666666666
0.28571428571428564
0.5714285714285715
0.26666666666666666
0.25
0.22222222222222224
0.11764705882352941
0.4000000000000001
0.25
0.04000000000000001
0.4285714285714285
0.0909090909090909
0.0
0.3529411764705882
0.47058823529411764
0.7
0.23529411764705882
0.13333333333333333
0.0
0.20000000000000004
0.3157894736842105
0.34782608695652173
0.11764705882352941
0.4285714285714285
0.29411764705882354
0.186046511627907
0.10526315789473685
0.4
0.3157894736842105
0.0
0.125
0.23529411764705882
0.3529411764705882
0.3529411764705882
0.3529411764705882
0.28571428571428575
0.4
0.25
0.10000000000000002
0.125
0.28571428571428564
0.25
0.25
0.14285714285714288
0.26666666666666666
0.13333333333333333
0.45454545454545453
0.0
0.4444444444444445
0.14285714285714288
0.09523809523809525
0.1818181818181818
0.0
0.25
0.16666666666666666
0.07692307692307693
0.09523809523809525
0.5555555555555556
0.11111111111111112
0.0
0.5714285714285715
0.48
0.1818181818181818
0.29629629629629634
0.11764705882352941
0.2105263157894737
0.05
0.35714285714285715
0.37499999999999994
0.1818181818181818
0.11111111111111112
0.2222222222222222
0.37499999999999994
0.16216216216216217
0.0
0.26666666666666666
0.26666666666666666
0.25
0.13333333333333333
0.11764705882352941
0.0
0.3157894736842105
0.23529411764705882
0.380952380952381
0.0
0.28571428571428575
0.125
0.13333333333333333
0.2173913043478261
0.4
0.0
0.4444444444444445
0.33333333333333326
0.41666666666666663
0.47058823529411764
0.20000000000000004
0.15
0.33333333333333326
0.3
0.07692307692307693
0.5333333333333333
0.4210526315789474
0.2857142857142857
0.14285714285714285
0.28571428571428575
0.1818181818181818
0.0
0.13333333333333333
0.25
0.0
0.0
0.14285714285714288
0.22727272727272727
0.08333333333333333
0.25
0.30303030303030304
0.0909090909090909
0.10526315789473682
0.13333333333333333
0.23529411764705882
0.08888888888888888
0.4444444444444445
0.0
0.11764705882352941
0.13333333333333333
0.3157894736842105
0.0
0.3448275862068966
0.09523809523809525
0.26666666666666666
0.11111111111111112
0.13333333333333333
0.1904761904761905
0.05063291139240506
0.25
0.07894736842105263
0.56
0.23529411764705882
0.11111111111111109
0.3529411764705882
0.04347826086956522
0.0
0.16666666666666666
0.15384615384615385
0.4
0.22222222222222224
0.13333333333333333
0.27586206896551724
0.17857142857142855
0.4
0.26666666666666666
0.22222222222222224
0.0
0.17391304347826086
0.23529411764705882
0.28571428571428575
0.21428571428571427
0.11111111111111112
0.5833333333333334
0.1904761904761905
0.11111111111111112
0.1818181818181818
0.0
0.6666666666666666
0.4
0.28571428571428575
0.22222222222222224
0.14285714285714288
0.33333333333333326
0.2222222222222222
0.14285714285714288
0.7499999999999999
0.4
0.24
0.14285714285714288
0.13333333333333333
0.10000000000000002
0.0
0.22222222222222224
0.14285714285714288
0.4000000000000001
0.0
0.3529411764705882
0.13333333333333333
0.37499999999999994
0.3157894736842105
0.24
0.7499999999999999
0.23529411764705882
0.26666666666666666
0.28571428571428575
0.22222222222222224
0.34782608695652173
0.24242424242424243
0.13333333333333333
0.5333333333333333
0.23529411764705882
0.0909090909090909
0.10526315789473685
0.4285714285714285
0.5
0.22222222222222218
0.26666666666666666
0.4000000000000001
0.24
0.25
0.24242424242424243
0.23076923076923075
0.28571428571428575
0.125
0.4210526315789474
0.48
0.13333333333333333
0.2608695652173913
0.10256410256410257
0.22222222222222224
0.2857142857142857
0.0
0.11111111111111112
0.23529411764705882
0.25
0.26666666666666666
0.16666666666666666
0.0
0.1904761904761905
0.4285714285714285
0.23529411764705882
0.1818181818181818
0.4
0.7
0.16
0.058823529411764705
0.125
0.4210526315789474
0.2608695652173913
0.6666666666666666
0.13793103448275862
0.14814814814814817
0.125
0.11111111111111112
0.28571428571428575
0.15384615384615385
0.3529411764705882
0.11111111111111112
0.0
0.14285714285714285
0.13333333333333333
0.5263157894736842
0.4
0.22222222222222224
0.17391304347826086
0.13333333333333333
0.22222222222222224
0.6666666666666666
0.1904761904761905
0.47058823529411764
0.7777777777777777
0.12500000000000003
0.25
0.5
0.3636363636363636
0.4
0.2105263157894737
0.0
0.29629629629629634
0.22222222222222224
0.13333333333333333
0.12765957446808512
0.10526315789473685
0.3157894736842105
0.2727272727272727
0.26666666666666666
0.058823529411764705
0.125
0.4
0.23529411764705882
0.3529411764705882
0.14285714285714288
0.3333333333333333
0.10000000000000002
0.26666666666666666
0.41666666666666663
0.23529411764705882
0.05970149253731343
0.12903225806451613
0.6
0.1111111111111111
0.0909090909090909
0.5
0.1818181818181818
0.23529411764705882
0.0606060606060606
0.18181818181818182
0.23529411764705882
0.25
0.13333333333333333
0.3529411764705882
0.4285714285714285
0.17391304347826086
0.4210526315789474
0.17647058823529413
0.0909090909090909
0.11111111111111112
0.45161290322580644
0.22857142857142856
0.0909090909090909
0.1818181818181818
0.37037037037037035
0.23529411764705882
0.20000000000000004
0.33333333333333326
0.20512820512820515
0.6666666666666666
0.28571428571428575
0.1
0.4285714285714285
0.25
0.25
0.26666666666666666
0.14285714285714285
0.23529411764705882
0.4285714285714285
0.5263157894736842
0.47619047619047616
0.3
0.3
0.17391304347826086
0.04081632653061225
0.28571428571428575
0.14285714285714288
0.2727272727272727
0.26666666666666666
0.1818181818181818
0.16666666666666666
0.125
0.2727272727272727
0.06060606060606061
0.6666666666666666
0.6956521739130435
0.26666666666666666
0.6666666666666666
0.0
0.25
0.588235294117647
0.3
0.5263157894736842
0.3636363636363636
0.28571428571428575
0.4
0.3529411764705882
0.3333333333333333
0.25
0.4285714285714285
0.186046511627907
0.13793103448275862
0.0
0.23529411764705882
0.18749999999999997
0.10000000000000002
0.23076923076923075
0.07692307692307693
0.380952380952381
0.4
0.26666666666666666
0.1904761904761905
0.125
0.16
0.23529411764705882
0.0
0.22222222222222224
0.26666666666666666
0.23529411764705882
0.32
0.2608695652173913
0.2727272727272727
0.18749999999999997
0.08333333333333333
0.0
0.11764705882352941
0.13793103448275862
0.3636363636363636
0.3125
0.22857142857142856
0.1904761904761905
0.41666666666666663
0.4444444444444445
0.13333333333333333
0.08333333333333333
0.5333333333333333
0.37499999999999994
0.14285714285714288
0.37499999999999994
0.11111111111111112
0.3
0.26666666666666666
0.32
0.4285714285714285
0.1818181818181818
0.13698630136986303
0.25
0.0
0.24
0.28571428571428575
0.3
0.22222222222222224
0.16666666666666666
0.16
0.13793103448275862
0.37499999999999994
0.17647058823529413
0.11764705882352941
0.24
0.5
0.26666666666666666
0.10526315789473685
0.08
0.2
0.3529411764705882
0.4
0.0
0.4285714285714285
0.3
0.11764705882352941
0.11111111111111112
0.4347826086956522
0.4
0.21428571428571427
0.29411764705882354
0.16666666666666666
0.07317073170731707
0.5
0.23529411764705882
0.4
0.19354838709677416
0.09375000000000001
0.09523809523809525
0.15384615384615385
0.12500000000000003
0.33333333333333326
0.5714285714285715
0.33333333333333326
0.20000000000000004
0.6
0.0
0.5454545454545454
0.0
0.2727272727272727
0.19047619047619047
0.47619047619047616
0.125
0.0
0.26666666666666666
0.37499999999999994
0.5555555555555556
0.26666666666666666
0.20000000000000004
0.2105263157894737
0.35714285714285715
0.5333333333333333
0.05405405405405406
0.12244897959183675
0.125
0.23809523809523808
0.4
0.2
0.5333333333333333
0.14285714285714288
0.0
0.10000000000000002
0.08
0.11111111111111112
0.588235294117647
0.25
0.4210526315789474
0.28571428571428575
0.47058823529411764
0.32
0.29629629629629634
0.04444444444444444
0.33333333333333326
0.32
0.4
0.1904761904761905
0.10869565217391303
0.38461538461538464
0.4000000000000001
0.4285714285714285
0.26666666666666666
0.11764705882352941
0.2608695652173913
0.26666666666666666
0.24242424242424243
0.14285714285714288
0.1818181818181818
0.05714285714285714
0.3333333333333333
0.12500000000000003
0.4
0.17142857142857143
0.15
0.10810810810810811
0.25
0.3
0.380952380952381
0.47058823529411764
0.3333333333333333
0.125
0.28571428571428575
0.13333333333333333
0.37499999999999994
0.6363636363636365
0.1818181818181818
0.4285714285714285
0.16216216216216217
0.26666666666666666
0.12500000000000003
0.1818181818181818
0.1818181818181818
0.3
0.15384615384615385
0.3529411764705882
0.26666666666666666
0.5
0.13333333333333333
0.13333333333333333
0.125
0.12500000000000003
0.3157894736842105
0.3414634146341463
0.14285714285714288
0.23529411764705882
0.1818181818181818
0.08695652173913045
0.26666666666666666
0.0
0.34782608695652173
0.4
0.10714285714285714
0.3225806451612903
0.4
0.11111111111111112
0.4347826086956522
0.15384615384615385
0.11764705882352941
0.4210526315789474
0.4
0.47619047619047616
0.3157894736842105
0.22222222222222224
0.15
0.22222222222222224
0.4
0.3157894736842105
0.5
0.13333333333333333
0.125
0.1904761904761905
0.4
0.5333333333333333
0.0
0.3
0.13333333333333333
0.28571428571428564
0.09523809523809525
0.0821917808219178
0.3333333333333333
0.4
0.2105263157894737
0.0
0.26666666666666666
0.11764705882352941
0.2105263157894737
0.5263157894736842
0.2857142857142857
0.05263157894736841
0.25000000000000006
0.1702127659574468
0.22222222222222224
0.24
0.13333333333333333
0.28571428571428575
0.3157894736842105
0.04347826086956522
0.05263157894736841
0.15384615384615385
0.07407407407407408
0.5
0.08333333333333333
0.11764705882352941
0.14285714285714285
0.23076923076923073
0.5333333333333333
0.23529411764705882
0.4
0.2727272727272727
0.22222222222222224
0.23255813953488375
0.0
0.125
0.4
0.48
0.4285714285714285
0.13333333333333333
0.1
0.08
0.125
0.14814814814814817
0.47619047619047616
0.1818181818181818
0.4375
0.22222222222222224
0.26666666666666666
0.4615384615384615
0.21428571428571427
0.26666666666666666
0.3333333333333333
0.47058823529411764
0.0975609756097561
0.5333333333333333
0.5
0.11111111111111112
0.47058823529411764
0.3
0.056338028169014086
0.19354838709677416
0.26666666666666666
0.23529411764705882
0.5161290322580645
0.11111111111111112
0.20000000000000004
0.4
0.25
0.19047619047619047
0.12903225806451613
0.11764705882352941
0.125
0.5
0.25
0.4
0.2105263157894737
0.23529411764705882
0.5333333333333333
0.4
0.4
0.28571428571428575
0.17391304347826086
0.33333333333333326
0.0
0.13333333333333333
0.11764705882352941
0.6666666666666666
0.20000000000000004
0.4444444444444445
0.04347826086956522
0.21428571428571427
0.22222222222222224
0.45454545454545453
0.37499999999999994
0.25
0.23529411764705882
0.0
0.23529411764705882
0.5333333333333333
0.3529411764705882
0.25
0.11764705882352941
0.6666666666666666
0.45454545454545453
0.0
0.3157894736842105
0.588235294117647
0.3
0.25
0.2105263157894737
0.28571428571428575
0.4
0.4285714285714285
0.4
0.25000000000000006
0.17391304347826086
0.10526315789473685
0.08695652173913043
0.13333333333333333
0.23529411764705882
0.047619047619047616
0.13333333333333333
0.4347826086956522
0.3157894736842105
0.11538461538461536
0.37499999999999994
0.33333333333333326
0.125
0.0
0.23529411764705882
0.23529411764705882
0.2608695652173913
0.028169014084507043
0.13333333333333333
0.5333333333333333
0.25
0.3
0.3157894736842105
0.37499999999999994
0.4
0.3529411764705882
0.380952380952381
0.19047619047619047
0.14285714285714285
0.28571428571428575
0.4
0.25
0.5
0.16666666666666666
0.2
0.25806451612903225
0.3529411764705882
0.09523809523809525
0.25
0.20000000000000004
0.10526315789473685
0.23529411764705882
0.28571428571428575
0.3125
0.08333333333333333
0.13333333333333333
0.0
0.28571428571428575
0.3076923076923077
0.10810810810810811
0.28571428571428575
0.0
0.10526315789473685
0.1904761904761905
0.20000000000000004
0.3529411764705882
0.3529411764705882
0.11764705882352941
0.1904761904761905
0.3333333333333333
0.07692307692307693
0.20000000000000004
0.11111111111111112
0.13333333333333333
0.0
0.11764705882352941
0.380952380952381
0.3333333333333333
0.0
0.22857142857142856
0.125
0.0
0.09523809523809525
0.25
0.10256410256410257
0.11764705882352941
0.26666666666666666
0.11111111111111112
0.28571428571428575
0.1818181818181818
0.625
0.37499999999999994
0.14285714285714288
0.16
0.33333333333333326
0.3157894736842105
0.11764705882352941
0.3
0.10000000000000002
0.08
0.06896551724137931
0.13333333333333333
0.26666666666666666
0.4000000000000001
0.47619047619047616
0.25
0.38461538461538464
0.0
0.4444444444444445
0.16666666666666666
0.25
0.125
0.25
0.13043478260869565
0.11764705882352941
0.37499999999999994
0.5714285714285715
0.25
0.0
0.13559322033898302
0.19047619047619047
0.28571428571428575
0.2105263157894737
0.4
0.23529411764705882
0.4285714285714285
0.10000000000000002
0.22222222222222224
0.11594202898550726
0.11764705882352941
0.1818181818181818
0.4
0.3414634146341463
0.4000000000000001
0.28571428571428575
0.2105263157894737
0.05970149253731343
0.0
0.125
0.3157894736842105
0.5555555555555556
0.17391304347826086
0.37499999999999994
0.14285714285714288
0.022222222222222227
0.23529411764705882
0.06250000000000001
0.09523809523809525
0.47058823529411764
0.4
0.25
0.11111111111111112
0.24
0.33333333333333326
0.20000000000000004
0.5
0.125
0.09523809523809525
0.13333333333333333
0.16216216216216217
0.38461538461538464
0.125
0.14285714285714288
0.10000000000000002
0.21428571428571427
0.14285714285714288
0.4285714285714285
0.08695652173913043
0.1904761904761905
0.13333333333333333
0.125
0.14285714285714288
0.2727272727272727
0.13333333333333333
0.25
0.5
0.048780487804878044
0.32
0.06451612903225806
0.4347826086956522
0.6666666666666665
0.5217391304347826
0.22222222222222224
0.47619047619047616
0.17647058823529413
0.07692307692307693
0.10526315789473685
0.125
0.11764705882352941
0.4666666666666667
0.20000000000000004
0.0
0.22222222222222224
0.4285714285714285
0.0909090909090909
0.3448275862068966
0.4285714285714285
0.33333333333333326
0.11764705882352941
0.3
0.25
0.0
0.41666666666666663
0.13333333333333333
0.14285714285714288
0.10526315789473685
0.5
0.20000000000000004
0.5
0.7499999999999999
0.10000000000000002
0.47619047619047616
0.26666666666666666
0.10256410256410257
0.22222222222222224
0.16129032258064518
0.6
0.25
0.125
0.5
0.028169014084507043
0.11764705882352941
0.37499999999999994
0.27586206896551724
0.14814814814814814
0.23529411764705882
0.08695652173913043
0.25
0.16
0.26666666666666666
0.11940298507462686
0.625
0.10526315789473685
0.2105263157894737
0.13333333333333333
0.4285714285714285
0.5714285714285715
0.4
0.16216216216216217
0.12121212121212122
0.14285714285714285
0.26666666666666666
0.0
0.28571428571428564
0.2181818181818182
0.3
0.125
0.47058823529411764
0.21428571428571427
0.37499999999999994
0.5
0.23076923076923075
0.4
0.26666666666666666
0.1904761904761905
0.10000000000000002
0.20000000000000004
0.23529411764705882
0.22222222222222224
0.23529411764705882
0.2105263157894737
0.4
0.25
0.23529411764705882
0.33333333333333326
0.14285714285714288
0.17391304347826086
0.13333333333333333
0.1904761904761905
0.16666666666666666
0.5555555555555556
0.0
0.3529411764705882
0.29629629629629634
0.47058823529411764
0.4285714285714285
0.4210526315789474
0.125
0.14814814814814817
0.14285714285714288
0.11111111111111112
0.3529411764705882
0.18749999999999997
0.03883495145631068
0.4615384615384615
0.16216216216216217
0.05405405405405406
0.4
0.13333333333333333
0.10810810810810811
0.0909090909090909
0.4285714285714285
0.37499999999999994
0.8000000000000002
0.5263157894736842
0.4
0.2727272727272727
0.09523809523809525
0.23529411764705882
0.11764705882352941
0.37499999999999994
0.0
0.1904761904761905
0.06666666666666667
0.0
0.4
0.10526315789473685
0.0
0.3
0.28571428571428575
0.32
0.22222222222222224
0.14814814814814817
0.37499999999999994
0.13333333333333333
0.3529411764705882
0.1818181818181818
0.14285714285714288
0.20000000000000004
0.12121212121212122
0.3636363636363636
0.22222222222222224
0.20000000000000004
0.17391304347826086
0.5333333333333333
0.0
0.25
0.25
0.1818181818181818
0.23255813953488375
0.47058823529411764
0.26666666666666666
0.034482758620689655
0.15384615384615385
0.1904761904761905
0.18181818181818182
0.125
0.14285714285714285
0.17391304347826086
0.11764705882352941
0.06060606060606061
0.4444444444444445
0.12903225806451613
0.25
0.11111111111111112
0.23529411764705882
0.5333333333333333
0.023809523809523808
0.11538461538461536
0.0
0.4000000000000001
0.28571428571428575
0.28571428571428575
0.25
0.23529411764705882
0.0
0.20000000000000004
0.4210526315789474
0.20689655172413793
0.4285714285714285
0.15384615384615385
0.23529411764705882
0.20000000000000004
0.4210526315789474
0.3
0.4444444444444445
0.08
0.28571428571428575
0.26666666666666666
0.16
0.26666666666666666
0.32
0.13333333333333333
0.10000000000000002
0.4444444444444445
0.051948051948051945
0.23529411764705882
0.16
0.4
0.4
0.16666666666666666
0.25
0.5
0.125
0.25
0.22222222222222224
0.11764705882352941
0.32
0.33333333333333337
0.18181818181818182
0.2727272727272727
0.0
0.380952380952381
0.0
0.21428571428571427
0.06451612903225806
0.13333333333333333
0.33333333333333326
0.22222222222222224
0.2
0.47619047619047616
0.23076923076923075
0.28571428571428575
0.4000000000000001
0.13333333333333333
0.04347826086956522
0.13333333333333333
0.20000000000000004
0.20000000000000004
0.10526315789473685
0.08695652173913043
0.14285714285714285
0.4347826086956522
0.09523809523809525
0.10000000000000002
0.12903225806451613
0.0
0.11764705882352941
0.0967741935483871
0.11111111111111112
0.37499999999999994
0.380952380952381
0.16666666666666669
0.13333333333333333
0.17391304347826086
0.625
0.16
0.14285714285714285
0.16
0.3
0.06779661016949151
0.4285714285714285
0.0
0.1904761904761905
0.18181818181818182
0.28571428571428564
0.22222222222222224
0.4
0.07692307692307693
0.3
0.13333333333333333
0.04651162790697675
0.11764705882352941
0.14285714285714288
0.23076923076923075
0.08
0.22222222222222224
0.23529411764705882
0.34782608695652173
0.125
0.17391304347826086
0.26666666666666666
0.13333333333333333
0.37499999999999994
0.23529411764705882
0.10000000000000002
0.5
0.0
0.33333333333333326
0.07692307692307693
0.22222222222222224
0.14285714285714288
0.13333333333333333
0.3
0.4285714285714285
0.2105263157894737
0.2631578947368421
0.0909090909090909
0.125
0.2702702702702703
0.32
0.3157894736842105
0.13333333333333333
0.23529411764705882
0.20000000000000004
0.2608695652173913
0.4285714285714285
0.0
0.23529411764705882
0.125
0.10526315789473685
0.588235294117647
0.37499999999999994
0.2105263157894737
0.03773584905660377
0.2727272727272727
0.25
0.11764705882352941
0.11764705882352941
0.23529411764705882
0.10526315789473685
0.23529411764705882
0.14285714285714288
0.23529411764705882
0.10526315789473685
0.11111111111111112
0.0
0.0
0.23076923076923075
0.29629629629629634
0.11111111111111112
0.04878048780487805
0.03773584905660377
0.14285714285714285
0.35714285714285715
0.05263157894736841
0.25
0.35714285714285715
0.5
0.17647058823529413
0.22222222222222224
0.056338028169014086
0.26666666666666666
0.12121212121212122
0.37499999999999994
0.10810810810810811
0.5263157894736842
0.26666666666666666
0.0
0.24242424242424243
0.13333333333333333
0.17142857142857143
0.15
0.2727272727272727
0.2857142857142857
0.25
0.26666666666666666
0.24
0.11764705882352941
0.11111111111111109
0.24242424242424243
0.11111111111111112
0.380952380952381
0.2727272727272727
0.13333333333333333
0.19354838709677416
0.4444444444444445
0.12903225806451613
0.4444444444444445
0.2727272727272727
0.2727272727272727
0.3
0.16216216216216217
0.2173913043478261
0.125
0.4
0.22222222222222224
0.13333333333333333
0.588235294117647
0.10526315789473685
0.26666666666666666
0.25
0.5217391304347826
0.28571428571428575
0.4285714285714285
0.25
0.10714285714285714
0.11111111111111112
0.0
0.5384615384615384
0.13333333333333333
0.25000000000000006
0.1818181818181818
0.11111111111111112
0.1818181818181818
0.4347826086956522
0.26666666666666666
0.0
0.3529411764705882
0.37499999999999994
0.2105263157894737
0.26666666666666666
0.13333333333333333
0.26666666666666666
0.26666666666666666
0.0
0.11764705882352941
0.4285714285714285
0.5333333333333333
0.20689655172413793
0.6666666666666666
0.3
0.13333333333333333
0.2608695652173913
0.3333333333333333
0.1818181818181818
0.4
0.17777777777777776
0.11111111111111112
0.5333333333333333
0.10526315789473682
0.06250000000000001
0.11111111111111112
0.25
0.07407407407407408
0.25
0.5714285714285715
0.33333333333333326
0.28571428571428575
0.06666666666666667
0.4
0.0
0.1951219512195122
0.0
0.3076923076923077
0.125
0.380952380952381
0.08333333333333333
0.3
0.23076923076923075
0.14285714285714288
0.3636363636363636
0.125
0.37037037037037035
0.0
0.06666666666666667
0.14285714285714288
0.0
0.0
0.2727272727272727
0.21621621621621623
0.22222222222222224
0.48484848484848486
0.0
0.1818181818181818
0.380952380952381
0.07407407407407408
0.3636363636363636
0.0
0.5
0.25
0.28571428571428575
0.47619047619047616
0.23809523809523808
0.13793103448275862
0.15384615384615385
0.6666666666666666
0.125
0.4
0.020833333333333332
0.33333333333333326
0.2727272727272727
0.125
0.0
0.2105263157894737
0.3
0.2608695652173913
0.14285714285714288
0.030303030303030304
0.32
0.3448275862068966
0.4
0.1818181818181818
0.22222222222222224
0.06896551724137931
0.4285714285714285
0.0
0.26666666666666666
0.11111111111111112
0.1904761904761905
0.13333333333333333
0.14285714285714285
0.5833333333333334
0.10000000000000002
0.20689655172413793
0.2105263157894737
0.23529411764705882
0.4
0.10000000000000002
0.23529411764705882
0.4000000000000001
0.22222222222222224
0.37499999999999994
0.24
0.23529411764705882
0.125
0.3157894736842105
0.25
0.25
0.1818181818181818
0.25
0.23529411764705882
0.1694915254237288
0.10000000000000002
0.14285714285714288
0.1
0.0
0.0
0.14285714285714288
0.3125
0.23529411764705882
0.1904761904761905
0.3636363636363636
0.0
0.11764705882352941
0.11111111111111112
0.6666666666666665
0.26666666666666666
0.2105263157894737
0.25
0.2857142857142857
0.28571428571428575
0.15384615384615385
0.64
0.37499999999999994
0.3529411764705882
0.1
0.5333333333333333
0.13333333333333333
0.14285714285714288
0.26666666666666666
0.08695652173913043
0.22222222222222224
0.5333333333333333
0.6666666666666666
0.08
0.3529411764705882
0.2105263157894737
0.23529411764705882
0.4444444444444445
0.1904761904761905
0.26666666666666666
0.4
0.125
0.07692307692307693
0.16666666666666669
0.26666666666666666
0.1904761904761905
0.1818181818181818
0.14285714285714288
0.0
0.15384615384615385
0.4615384615384615
0.07692307692307693
0.25000000000000006
0.33333333333333326
0.0
0.25
0.3636363636363636
0.1818181818181818
0.33333333333333326
0.25
0.3636363636363636
0.0
0.05555555555555555
0.3529411764705882
0.37037037037037035
0.25
0.625
0.47058823529411764
0.4
0.3
0.28571428571428564
0.05263157894736841
0.13333333333333333
0.26666666666666666
0.08
0.0
0.26666666666666666
0.25
0.11111111111111112
0.26666666666666666
0.26666666666666666
0.13333333333333333
0.22222222222222224
0.2105263157894737
0.13333333333333333
0.06666666666666667
0.48275862068965514
0.2727272727272727
0.15384615384615385
0.08333333333333333
0.3636363636363636
0.4
0.4000000000000001
0.4
0.16000000000000003
0.10000000000000002
0.10526315789473685
0.26666666666666666
0.0
0.13333333333333333
0.11111111111111112
0.23529411764705882
0.5
0.26666666666666666
0.13333333333333333
0.25
0.0
0.5333333333333333
0.10810810810810811
0.14814814814814817
0.11111111111111112
0.11111111111111112
0.2105263157894737
0.28571428571428564
0.13333333333333333
0.26666666666666666
0.23529411764705882
0.13333333333333333
0.29166666666666663
0.4
0.5
0.26666666666666666
0.24390243902439024
0.26666666666666666
0.5833333333333334
0.13333333333333333
0.4285714285714285
0.0625
0.14285714285714288
0.5333333333333333
0.588235294117647
0.1904761904761905
0.0
0.16666666666666666
0.1818181818181818
0.14285714285714288
0.26666666666666666
0.14285714285714288
0.2105263157894737
0.4210526315789474
0.4
0.26666666666666666
0.3
0.0
0.23529411764705882
0.2
0.48
0.20000000000000004
0.23529411764705882
0.5555555555555556
0.4
0.33333333333333326
0.10000000000000002
0.32
0.06896551724137931
0.27586206896551724
0.45454545454545453
0.13333333333333333
0.14285714285714288
0.26666666666666666
0.28571428571428575
0.0
0.3529411764705882
0.25
0.11428571428571428
0.20689655172413793
0.11764705882352941
0.25
0.14285714285714288
0.3529411764705882
0.10810810810810811
0.26666666666666666
0.13333333333333333
0.4444444444444445
0.125
0.25
0.25
0.17391304347826086
0.4
0.23529411764705882
0.2105263157894737
0.1904761904761905
0.13333333333333333
0.23809523809523808
0.12500000000000003
0.4
0.22222222222222224
0.14814814814814817
0.3529411764705882
0.11764705882352941
0.0
0.45454545454545453
0.37499999999999994
0.26666666666666666
0.17647058823529413
0.23529411764705882
0.25000000000000006
0.5
0.42857142857142855
0.4000000000000001
0.11764705882352941
0.0
0.2727272727272727
0.13333333333333333
0.11764705882352941
0.45454545454545453
0.2727272727272727
0.5714285714285715
0.06666666666666667
0.26666666666666666
0.23529411764705882
0.13333333333333333
0.09836065573770492
0.25
0.09523809523809525
0.25000000000000006
0.11764705882352941
0.26666666666666666
0.24
0.20689655172413793
0.45454545454545453
0.18749999999999997
0.12903225806451613
0.3333333333333333
0.10169491525423728
0.4
0.3333333333333333
0.2857142857142857
0.5714285714285713
0.125
0.20000000000000004
0.11111111111111112
0.048780487804878044
0.3157894736842105
0.11764705882352941
0.3529411764705882
0.5333333333333333
0.125
0.10810810810810811
0.05063291139240506
0.10344827586206896
0.25
0.2105263157894737
0.1904761904761905
0.26666666666666666
0.10344827586206896
0.33333333333333326
0.25
0.0
0.0
0.04545454545454545
0.14285714285714285
0.5
0.13333333333333333
0.16666666666666666
0.4444444444444445
0.13333333333333333
0.2857142857142857
0.5333333333333333
0.37499999999999994
0.23529411764705882
0.08695652173913043
0.22222222222222224
0.11764705882352941
0.03883495145631068
0.16
0.125
0.125
0.0
0.14285714285714288
0.11428571428571428
0.12
0.37499999999999994
0.13043478260869565
0.3
0.28571428571428575
0.28571428571428575
0.22222222222222224
0.26666666666666666
0.07692307692307693
0.11764705882352941
0.13333333333333333
0.25806451612903225
0.37499999999999994
0.11764705882352941
0.14285714285714288
0.14285714285714288
0.07407407407407408
0.2608695652173913
0.4210526315789474
0.16
0.47619047619047616
0.4285714285714285
0.3529411764705882
0.13333333333333333
0.14285714285714285
0.12903225806451613
0.11111111111111112
0.23529411764705882
0.4444444444444445
0.12121212121212122
0.16000000000000003
0.14814814814814817
0.37499999999999994
0.4444444444444445
0.09523809523809525
0.34782608695652173
0.4
0.25
0.5
0.4000000000000001
0.5
0.11764705882352941
0.1904761904761905
0.11764705882352941
0.0909090909090909
0.37499999999999994
0.5
0.13333333333333333
0.26666666666666666
0.34782608695652173
0.47619047619047616
0.25
0.16
0.26666666666666666
0.16
0.038461538461538464
0.4210526315789474
0.0909090909090909
0.20000000000000004
0.588235294117647
0.4
0.23529411764705882
0.37499999999999994
0.2777777777777778
0.4
0.29629629629629634
0.30303030303030304
0.5
0.30303030303030304
0.2105263157894737
0.5333333333333333
0.26666666666666666
0.5714285714285713
0.24
0.20000000000000004
0.08695652173913043
0.2105263157894737
0.0983606557377049
0.10526315789473685
0.37499999999999994
0.25
0.10000000000000002
0.37499999999999994
0.4
0.47058823529411764
0.5714285714285715
0.25
0.13333333333333333
0.4285714285714285
0.25
0.13333333333333333
0.12121212121212122
0.07692307692307693
0.37499999999999994
0.28571428571428575
0.2
0.21621621621621623
0.11111111111111112
0.28571428571428575
0.20000000000000004
0.11111111111111112
0.12500000000000003
0.10526315789473685
0.11764705882352941
0.3529411764705882
0.03636363636363636
0.05128205128205129
0.26666666666666666
0.13333333333333333
0.37499999999999994
0.10526315789473685
0.2105263157894737
0.4444444444444445
0.125
0.3
0.125
0.26666666666666666
0.3
0.23529411764705882
0.13333333333333333
0.2105263157894737
0.12
0.28571428571428575
0.10526315789473685
0.5333333333333333
0.41379310344827586
0.33333333333333326
0.2608695652173913
0.11764705882352941
0.2727272727272727
0.11764705882352941
0.28571428571428575
0.0
0.28571428571428564
0.25
0.0909090909090909
0.28571428571428564
0.10000000000000002
0.3636363636363636
0.28571428571428575
0.125
0.4285714285714285
0.1818181818181818
0.10000000000000002
0.23076923076923075
0.5
0.3529411764705882
0.37499999999999994
0.18181818181818182
0.28571428571428575
0.22222222222222224
0.25
0.0
0.24390243902439024
0.28571428571428575
0.20000000000000004
0.10000000000000002
0.0
0.125
0.25
0.0
0.5333333333333333
0.1818181818181818
0.15
0.125
0.0
0.26666666666666666
0.22222222222222224
0.25
0.0
0.10526315789473685
0.3529411764705882
0.41666666666666663
0.4615384615384615
0.14285714285714288
0.1904761904761905
0.02702702702702703
0.22222222222222224
0.26666666666666666
0.21621621621621623
0.3
0.37499999999999994
0.14285714285714288
0.37499999999999994
0.26666666666666666
0.3157894736842105
0.4
0.13333333333333333
0.25
0.1904761904761905
0.17647058823529413
0.27586206896551724
0.5263157894736842
0.24390243902439024
0.25
0.380952380952381
0.12500000000000003
0.2105263157894737
0.28571428571428575
0.26666666666666666
0.13333333333333333
0.10526315789473685
0.04545454545454545
0.11111111111111112
0.26666666666666666
0.4
0.06711409395973154
0.11111111111111112
0.11111111111111112
0.13333333333333333
0.3157894736842105
0.13333333333333333
0.11764705882352941
0.17647058823529413
0.3157894736842105
0.16666666666666666
0.6666666666666666
0.21428571428571427
0.125
0.13333333333333333
0.5333333333333333
0.3636363636363636
0.28571428571428575
0.0
0.37499999999999994
0.14285714285714288
0.4285714285714285
0.3636363636363636
0.5333333333333333
0.11940298507462686
0.22222222222222224
0.2105263157894737
0.11764705882352941
0.28571428571428564
0.19047619047619047
0.0
0.09523809523809525
0.37499999999999994
0.23529411764705882
0.0
0.20000000000000004
0.10526315789473685
0.11111111111111112
0.03636363636363636
0.11764705882352941
0.13333333333333333
0.5
0.125
0.5714285714285715
0.23529411764705882
0.11111111111111112
0.33333333333333326
0.07692307692307693
0.4285714285714285
0.15789473684210525
0.058823529411764705
0.11764705882352941
0.11764705882352941
0.11594202898550726
0.16666666666666666
0.2105263157894737
0.4
0.2727272727272727
0.1904761904761905
0.11764705882352941
0.14285714285714288
0.22222222222222224
0.22222222222222224
0.13333333333333333
0.4
0.22222222222222224
0.37037037037037035
0.09523809523809525
0.13333333333333333
0.11764705882352941
0.25
0.28571428571428564
0.26666666666666666
0.28571428571428575
0.4285714285714285
0.0909090909090909
0.125
0.14814814814814814
0.23076923076923075
0.3
0.07692307692307693
0.14285714285714288
0.26666666666666666
0.14925373134328357
0.13333333333333333
0.4210526315789474
0.1818181818181818
0.37499999999999994
0.0779220779220779
0.23529411764705882
0.1904761904761905
0.28571428571428564
0.17391304347826086
0.0
0.15789473684210525
0.5714285714285715
0.13953488372093023
0.588235294117647
0.0
0.5
0.09523809523809525
0.34782608695652173
0.1818181818181818
0.14814814814814817
0.20000000000000004
0.06493506493506494
0.0909090909090909
0.5
0.23529411764705882
0.25
0.47058823529411764
0.18749999999999997
0.2727272727272727
0.5
0.11764705882352941
0.37499999999999994
0.4000000000000001
0.2
0.0
0.08695652173913043
0.20833333333333334
0.25
0.4285714285714285
0.5333333333333333
0.23529411764705882
0.28571428571428575
0.4210526315789474
0.10000000000000002
0.25
0.04347826086956522
0.5
0.0
0.11111111111111112
0.4444444444444445
0.04347826086956522
0.4285714285714285
0.23076923076923075
0.11111111111111112
0.37499999999999994
0.09090909090909091
0.05714285714285714
0.5
0.2857142857142857
0.26666666666666666
0.2545454545454545
0.1818181818181818
0.09375000000000001
0.20689655172413793
0.26666666666666666
0.2727272727272727
0.1724137931034483
0.13333333333333333
0.3125
0.1818181818181818
0.4
0.10526315789473685
0.24
0.22222222222222224
0.14285714285714285
0.24
0.21052631578947364
0.4210526315789474
0.11111111111111112
0.1111111111111111
0.0
0.1111111111111111
0.10810810810810811
0.09523809523809525
0.37499999999999994
0.41666666666666663
0.25
0.15384615384615385
0.33333333333333326
0.11764705882352941
0.13793103448275862
0.0
0.13793103448275862
0.125
0.28571428571428575
0.2105263157894737
0.5833333333333334
0.08695652173913043
0.24242424242424243
0.5263157894736842
0.4
0.23529411764705882
0.11111111111111112
0.3333333333333333
0.0
0.5714285714285713
0.4
0.7368421052631577
0.23076923076923075
0.26666666666666666
0.0
0.0
0.11111111111111112
0.25
0.4
0.14814814814814817
0.25
0.1111111111111111
0.25
0.26666666666666666
0.09523809523809525
0.0909090909090909
0.16
0.25
0.26666666666666666
0.11764705882352941
0.16000000000000003
0.37499999999999994
0.26666666666666666
0.6666666666666666
0.037037037037037035
0.11111111111111112
0.2608695652173913
0.25
0.29629629629629634
0.3529411764705882
0.15384615384615385
0.11111111111111112
0.0
0.1818181818181818
0.4444444444444445
0.17391304347826086
0.5714285714285715
0.380952380952381
0.13333333333333333
0.4
0.1904761904761905
0.3076923076923077
0.4
0.0
0.26666666666666666
0.3
0.0
0.4210526315789474
0.10000000000000002
0.13333333333333333
0.588235294117647
0.0
0.5333333333333333
0.34782608695652173
0.0
0.14285714285714288
0.6666666666666665
0.16216216216216217
0.1818181818181818
0.11111111111111112
0.0
0.25
0.08
0.26666666666666666
0.13333333333333333
0.11111111111111109
0.125
0.2105263157894737
0.0
0.2608695652173913
0.0930232558139535
0.4444444444444445
0.125
0.24
0.22222222222222224
0.08333333333333333
0.2702702702702703
0.22222222222222224
0.125
0.23529411764705882
0.11764705882352941
0.10000000000000002
0.25
0.25
0.3529411764705882
0.7499999999999999
0.15384615384615385
0.5
0.4
0.125
0.11764705882352941
0.5333333333333333
0.0
0.2105263157894737
0.3
0.07142857142857144
0.26666666666666666
0.4210526315789474
0.37499999999999994
0.26666666666666666
0.0
0.4444444444444445
0.186046511627907
0.0
0.26666666666666666
0.125
0.13333333333333333
0.34285714285714286
0.07142857142857142
0.10526315789473685
0.06250000000000001
0.5
0.25
0.0
0.20000000000000004
0.7058823529411764
0.0
0.17391304347826086
0.28571428571428575
0.5333333333333333
0.17391304347826086
0.22222222222222224
0.32
0.11764705882352941
0.08888888888888888
0.1904761904761905
0.5263157894736842
0.11764705882352941
0.25
0.25
0.4
0.2105263157894737
0.13333333333333333
0.37499999999999994
0.0
0.3125
0.22222222222222224
0.25
0.23529411764705882
0.16666666666666666
0.588235294117647
0.3225806451612903
0.4444444444444445
0.4000000000000001
0.125
0.2105263157894737
0.26666666666666666
0.125
0.4210526315789474
0.2857142857142857
0.0
0.0
0.25
0.17647058823529413
0.26666666666666666
0.0
0.33333333333333326
0.1818181818181818
0.25
0.2105263157894737
0.4210526315789474
0.4
0.588235294117647
0.0
0.10526315789473682
0.0851063829787234
0.08333333333333333
0.5555555555555556
0.10000000000000002
0.4
0.05714285714285714
0.2
0.23529411764705882
0.11111111111111112
0.06896551724137931
0.28571428571428575
0.7272727272727272
0.0
0.24390243902439024
0.0
0.5
0.2727272727272727
0.08
0.16216216216216217
0.15384615384615385
0.19354838709677416
0.11764705882352941
0.2608695652173913
0.35714285714285715
0.37499999999999994
0.0
0.13793103448275862
0.14285714285714288
0.04878048780487805
0.3076923076923077
0.4285714285714285
0.2777777777777778
0.14285714285714285
0.4
0.07142857142857142
0.28571428571428575
0.22222222222222224
0.26666666666666666
0.4444444444444445
0.5
0.12121212121212122
0.13559322033898302
0.27586206896551724
0.23529411764705882
0.3333333333333333
0.22222222222222224
0.0
0.28571428571428575
0.08695652173913043
0.17647058823529413
0.2777777777777778
0.5333333333333333
0.3
0.37499999999999994
0.28571428571428575
0.06349206349206349
0.4000000000000001
0.0
0.125
0.0
0.4444444444444445
0.13333333333333333
0.07692307692307693
0.25000000000000006
0.47058823529411764
0.10000000000000002
0.1904761904761905
0.0
0.11764705882352941
0.13333333333333333
0.11111111111111112
0.33333333333333326
0.5555555555555556
0.37499999999999994
0.05714285714285714
0.5
0.14285714285714285
0.125
0.11764705882352941
0.3333333333333333
0.4285714285714285
0.0
0.22222222222222224
0.13333333333333333
0.5384615384615384
0.3225806451612903
0.45454545454545453
0.41666666666666663
0.0
0.07142857142857142
0.4285714285714285
0.22222222222222224
0.0
0.06896551724137931
0.11764705882352941
0.06666666666666667
0.26666666666666666
0.33333333333333326
0.6666666666666665
0.3333333333333333
0.5555555555555556
0.0
0.08
0.0
0.33333333333333326
0.09523809523809525
0.25
0.625
0.13793103448275862
0.26666666666666666
0.0909090909090909
0.11764705882352941
0.37499999999999994
0.15384615384615385
0.5555555555555556
0.22222222222222224
0.3636363636363636
0.09523809523809523
0.09523809523809525
0.11428571428571428
0.10526315789473685
0.45454545454545453
0.4285714285714285
0.22222222222222224
0.3
0.25
0.11428571428571428
0.028571428571428574
0.47058823529411764
0.4285714285714285
0.37499999999999994
0.13333333333333333
0.0
0.5
0.30303030303030304
0.25
0.14285714285714285
0.29411764705882354
0.25
0.23529411764705882
0.11764705882352941
0.26666666666666666
0.20000000000000004
0.125
0.14285714285714285
0.0
0.4285714285714285
0.04878048780487805
0.3448275862068966
0.6666666666666665
0.13636363636363635
0.125
0.058823529411764705
0.2105263157894737
0.0
0.14285714285714288
0.13333333333333333
0.25
0.20000000000000004
0.22857142857142856
0.380952380952381
0.38461538461538464
0.33333333333333326
0.5333333333333333
0.3076923076923077
0.2857142857142857
0.11111111111111112
0.37499999999999994
0.07142857142857142
0.14634146341463414
0.23076923076923075
0.26666666666666666
0.23529411764705882
0.26666666666666666
0.0
0.0
0.26666666666666666
0.20000000000000004
0.22222222222222224
0.07407407407407408
0.33333333333333326
0.4444444444444445
0.23529411764705882
0.075
0.42857142857142855
0.25
0.05970149253731343
0.33333333333333326
0.25
0.2727272727272727
0.4210526315789474
0.41666666666666663
0.0
0.14634146341463414
0.13333333333333333
0.6
0.380952380952381
0.0
0.4000000000000001
0.588235294117647
0.14285714285714288
0.1904761904761905
0.5555555555555556
0.15384615384615385
0.21621621621621623
0.11111111111111112
0.37499999999999994
0.20689655172413793
0.28571428571428575
0.15789473684210525
0.625
0.08333333333333333
0.45454545454545453
0.4
0.0
0.22222222222222224
0.26666666666666666
0.37499999999999994
0.5
0.2608695652173913
0.26666666666666666
0.26666666666666666
0.47058823529411764
0.125
0.25
0.1818181818181818
0.0
0.10526315789473685
0.13333333333333333
0.17391304347826086
0.4285714285714285
0.26666666666666666
0.47619047619047616
0.37499999999999994
0.3125
0.19354838709677416
0.4444444444444445
0.125
0.11764705882352941
0.26666666666666666
0.12121212121212122
0.10526315789473685
0.37499999999999994
0.3333333333333333
0.11428571428571428
0.5
0.3157894736842105
0.25806451612903225
0.32
0.23255813953488375
0.25
0.25
0.1111111111111111
0.23529411764705882
0.11764705882352941
0.25
0.23529411764705882
0.26666666666666666
0.0779220779220779
0.26666666666666666
0.23529411764705882
0.23076923076923075
0.25
0.09708737864077671
0.23529411764705882
0.2608695652173913
0.11764705882352941
0.14285714285714288
0.16
0.10000000000000002
0.24
0.04000000000000001
0.37037037037037035
0.15789473684210525
0.37499999999999994
0.4
0.5454545454545454
0.23529411764705882
0.14285714285714288
0.5454545454545454
0.380952380952381
0.23529411764705882
0.11764705882352941
0.13333333333333333
0.125
0.22222222222222224
0.125
0.47619047619047616
0.28571428571428575
0.4
0.25
0.3
0.5333333333333333
0.37499999999999994
0.3
0.5263157894736842
0.25641025641025644
0.13333333333333333
0.4210526315789474
0.16666666666666666
0.05405405405405406
0.5454545454545454
0.5333333333333333
0.14285714285714288
0.37499999999999994
0.11764705882352941
0.4
0.26666666666666666
0.14285714285714285
0.16
0.4285714285714285
0.026315789473684213
0.06451612903225806
0.10810810810810811
0.4210526315789474
0.4
0.26666666666666666
0.1818181818181818
0.0
0.11111111111111112
0.28571428571428564
0.125
0.4
0.380952380952381
0.0
0.4444444444444445
0.3157894736842105
0.10000000000000002
0.26666666666666666
0.28571428571428575
0.5454545454545454
0.28571428571428564
0.25
0.25
0.29629629629629634
0.4285714285714285
0.125
0.625
0.22222222222222224
0.1904761904761905
0.04651162790697675
0.1904761904761905
0.4
0.33333333333333326
0.17391304347826086
0.26666666666666666
0.2727272727272727
0.4285714285714285
0.0
0.09523809523809525
0.25
0.38461538461538464
0.23529411764705882
0.33333333333333326
0.12
0.5333333333333333
0.23529411764705882
0.13793103448275862
0.4210526315789474
0.0
0.4285714285714285
0.22222222222222224
0.11764705882352941
0.15789473684210525
0.28571428571428575
0.08695652173913043
0.4
0.3529411764705882
0.1904761904761905
0.25
0.26666666666666666
0.4
0.4
0.1111111111111111
0.3
0.06521739130434782
0.186046511627907
0.22857142857142856
0.41666666666666663
0.380952380952381
0.4
0.26666666666666666
0.11764705882352941
0.17391304347826086
0.28571428571428575
0.11764705882352941
0.7
0.5263157894736842
0.07142857142857142
0.588235294117647
0.05128205128205129
0.1818181818181818
0.22222222222222224
0.14285714285714288
0.25806451612903225
0.5333333333333333
0.5
0.0
0.18181818181818182
0.17391304347826086
0.0
0.13636363636363635
0.24242424242424243
0.14634146341463414
0.28571428571428564
0.0
0.13333333333333333
0.25
0.13333333333333333
0.4
0.08695652173913043
0.08695652173913043
0.20689655172413793
0.28571428571428575
0.47058823529411764
0.05970149253731343
0.07843137254901962
0.5714285714285715
0.11764705882352941
0.06557377049180327
0.1509433962264151
0.26666666666666666
0.16666666666666666
0.028985507246376815
0.20000000000000004
0.11111111111111112
0.14814814814814814
0.14285714285714285
0.28571428571428575
0.22222222222222224
0.08333333333333333
0.4444444444444445
0.0
0.13333333333333333
0.047619047619047616
0.11764705882352941
0.4
0.47619047619047616
0.5333333333333333
0.14814814814814817
0.25
0.16666666666666666
0.6666666666666666
0.17391304347826086
0.25
0.5
0.11111111111111109
0.2105263157894737
0.06451612903225806
0.12244897959183675
0.11428571428571428
0.2727272727272727
0.26666666666666666
0.5
0.37499999999999994
0.5333333333333333
0.33333333333333326
0.0
0.28571428571428575
0.26666666666666666
0.4285714285714285
0.20000000000000004
0.12500000000000003
0.3529411764705882
0.37499999999999994
0.1904761904761905
0.08955223880597013
0.29629629629629634
0.5333333333333333
0.17391304347826086
0.4615384615384615
0.25
0.1818181818181818
0.0
0.22857142857142856
0.28571428571428564
0.5263157894736842
0.13333333333333333
0.10000000000000002
0.13333333333333333
0.14285714285714288
0.47619047619047616
0.05263157894736841
0.15384615384615385
0.0816326530612245
0.17391304347826086
0.4
0.14814814814814817
0.16
0.10526315789473685
0.09523809523809523
0.20689655172413793
0.3529411764705882
0.0
0.16
0.12121212121212122
0.4
0.125
0.19047619047619047
0.28571428571428575
0.16666666666666666
0.29629629629629634
0.11111111111111112
0.22222222222222224
0.5
0.10810810810810811
0.23529411764705882
0.3
0.4
0.10000000000000002
0.3
0.26666666666666666
0.28571428571428575
0.23529411764705882
0.26666666666666666
0.380952380952381
0.13333333333333333
0.3076923076923077
0.3529411764705882
0.3636363636363636
0.12903225806451613
0.26666666666666666
0.0
0.2608695652173913
0.13636363636363635
0.22222222222222224
0.5714285714285715
0.5
0.23529411764705882
0.16666666666666666
0.5
0.3333333333333333
0.5833333333333334
0.0
0.13333333333333333
0.3636363636363636
0.12500000000000003
0.3529411764705882
0.25
0.26666666666666666
0.3076923076923077
0.4
0.2105263157894737
0.5454545454545454
0.0
0.13333333333333333
0.28571428571428564
0.23529411764705882
0.33333333333333326
0.28571428571428575
0.26666666666666666
0.16666666666666666
0.0
0.37499999999999994
0.32
0.13333333333333333
0.3333333333333333
0.25
0.37499999999999994
0.0
0.2105263157894737
0.14285714285714285
0.08695652173913043
0.4000000000000001
0.13333333333333333
0.125
0.08
0.4
0.18749999999999997
0.21428571428571427
0.1904761904761905
0.23529411764705882
0.10000000000000002
0.04137931034482759
0.26666666666666666
0.3529411764705882
0.3529411764705882
0.12500000000000003
0.5555555555555556
0.37499999999999994
0.5
0.0
0.07407407407407408
0.1904761904761905
0.4444444444444445
0.25
0.6666666666666666
0.17391304347826086
0.5
0.4
0.2608695652173913
0.26666666666666666
0.0967741935483871
0.08
0.3157894736842105
0.5
0.25
0.11764705882352941
0.5454545454545454
0.3636363636363636
0.10000000000000002
0.18749999999999997
0.0
0.4
0.28571428571428575
0.2105263157894737
0.14814814814814817
0.5714285714285715
0.625
0.33333333333333326
0.33333333333333326
0.1904761904761905
0.2608695652173913
0.125
0.380952380952381
0.0
0.13333333333333333
0.11764705882352941
0.07692307692307693
0.28571428571428575
0.1904761904761905
0.26666666666666666
0.051948051948051945
0.06666666666666667
0.48
0.25
0.2105263157894737
0.14285714285714288
0.11764705882352941
0.24
0.10526315789473685
0.45454545454545453
0.125
0.26666666666666666
0.14285714285714288
0.10000000000000002
0.0
0.06060606060606061
0.23529411764705882
0.11764705882352941
0.17391304347826086
0.14814814814814817
0.24
0.26666666666666666
0.16216216216216217
0.33333333333333326
0.15384615384615385
0.11111111111111112
0.2105263157894737
0.26666666666666666
0.05555555555555555
0.29629629629629634
0.1904761904761905
0.3157894736842105
0.21052631578947364
0.125
0.0
0.14285714285714288
0.11764705882352941
0.4
0.08695652173913043
0.10000000000000002
0.2702702702702703
0.0
0.25
0.08695652173913043
0.10526315789473685
0.11111111111111112
0.11764705882352941
0.20000000000000004
0.20000000000000004
0.11111111111111112
0.5
0.11764705882352941
0.0816326530612245
0.22222222222222224
0.3157894736842105
0.23529411764705882
0.28571428571428575
0.25
0.21428571428571427
0.11111111111111112
0.0
0.0
0.25
0.125
0.2727272727272727
0.0
0.22222222222222224
0.3333333333333333
0.2105263157894737
0.2727272727272727
0.11764705882352941
0.23529411764705882
0.14814814814814817
0.125
0.09523809523809525
0.10000000000000002
0.11764705882352941
0.4
0.22222222222222224
0.4
0.22222222222222224
0.23529411764705882
0.09523809523809525
0.17391304347826086
0.22222222222222224
0.22222222222222224
0.13333333333333333
0.0
0.33333333333333326
0.08695652173913043
0.11764705882352941
0.13636363636363635
0.05714285714285714
0.163265306122449
0.21428571428571427
0.23076923076923075
0.20000000000000004
0.08333333333333333
0.4285714285714285
0.28571428571428575
0.11764705882352941
0.2727272727272727
0.33333333333333326
0.10000000000000002
0.125
0.0
0.125
0.17391304347826086
0.25
0.20000000000000004
0.05263157894736841
0.16666666666666666
0.0923076923076923
0.37499999999999994
0.37499999999999994
0.16666666666666666
0.48275862068965514
0.20000000000000004
0.26666666666666666
0.29629629629629634
0.0909090909090909
0.0
0.17647058823529413
0.23529411764705882
0.09523809523809525
0.47058823529411764
0.13333333333333333
0.04444444444444444
0.22222222222222224
0.3636363636363636
0.26666666666666666
0.13333333333333333
0.15789473684210525
0.28571428571428575
0.1818181818181818
0.13333333333333333
0.0
0.10256410256410257
0.0
0.33333333333333326
0.05128205128205129
0.47619047619047616
0.08695652173913043
0.23529411764705882
0.3529411764705882
0.0
0.3157894736842105
0.37499999999999994
0.04444444444444445
0.0
0.37499999999999994
0.23529411764705882
0.4000000000000001
0.125
0.10000000000000002
0.3529411764705882
0.06666666666666667
0.0
0.1818181818181818
0.4285714285714285
0.10526315789473685
0.33333333333333326
0.2105263157894737
0.10000000000000002
0.11764705882352941
0.1904761904761905
0.13559322033898302
0.5
0.0
0.4
0.125
0.0
0.4000000000000001
0.0
0.1724137931034483
0.28571428571428564
0.28571428571428575
0.07142857142857142
0.23529411764705882
0.23529411764705882
0.20000000000000004
0.30303030303030304
0.28571428571428575
0.16666666666666666
0.1818181818181818
0.5161290322580645
0.14285714285714288
0.18181818181818182
0.2105263157894737
0.22222222222222224
0.47058823529411764
0.0
0.2105263157894737
0.22222222222222224
0.22222222222222224
0.24
0.125
0.26666666666666666
0.09523809523809525
0.3333333333333333
0.15384615384615385
0.14285714285714288
0.3
0.08
0.0
0.125
0.5714285714285715
0.0
0.1904761904761905
0.3157894736842105
0.4
0.0
0.12500000000000003
0.45454545454545453
0.2608695652173913
0.11764705882352941
0.5454545454545454
0.25
0.0273972602739726
0.4
0.45454545454545453
0.13333333333333333
0.13333333333333333
0.25
0.10526315789473685
0.4000000000000001
0.15384615384615385
0.23529411764705882
0.4
0.33333333333333326
0.16666666666666669
0.19354838709677416
0.25
0.21428571428571427
0.22222222222222224
0.18749999999999997
0.5217391304347826
0.14285714285714288
0.26666666666666666
0.19047619047619047
0.23529411764705882
0.26666666666666666
0.37499999999999994
0.33333333333333326
0.14285714285714288
0.0
0.32
0.09523809523809525
0.4
0.06666666666666667
0.09523809523809525
0.11428571428571428
0.16
0.11111111111111112
0.1111111111111111
0.3157894736842105
0.0
0.16
0.2105263157894737
0.0
0.22222222222222224
0.125
0.08
0.28571428571428564
0.0
0.6666666666666666
0.26666666666666666
0.10526315789473685
0.26666666666666666
0.4444444444444445
0.125
0.3157894736842105
0.06666666666666667
0.08
0.26666666666666666
0.6666666666666666
0.28571428571428575
0.22222222222222224
0.24
0.5
0.25
0.14285714285714285
0.5
0.5
0.3529411764705882
0.10000000000000002
0.1818181818181818
0.10526315789473685
0.14285714285714288
0.0
0.125
0.22222222222222224
0.28571428571428575
0.0547945205479452
0.25806451612903225
0.11764705882352941
0.3157894736842105
0.10526315789473682
0.125
0.22222222222222224
0.13333333333333333
0.125
0.11111111111111112
0.17777777777777776
0.05555555555555555
0.032786885245901634
0.0
0.0
0.3333333333333333
0.1702127659574468
0.23529411764705882
0.23529411764705882
0.14285714285714288
0.2608695652173913
0.14285714285714288
0.28571428571428575
0.08
0.5714285714285715
0.0
0.3076923076923077
0.0
0.4347826086956522
0.125
0.4615384615384615
0.0
0.186046511627907
0.0
0.7368421052631577
0.030769230769230767
0.4285714285714285
0.5
0.47058823529411764
0.37499999999999994
0.25
0.125
0.22222222222222224
0.3157894736842105
0.23809523809523808
0.5333333333333333
0.2222222222222222
0.09523809523809525
0.5555555555555556
0.3157894736842105
0.4
0.6666666666666666
0.08955223880597013
0.5333333333333333
0.0
0.21276595744680854
0.3529411764705882
0.11764705882352941
0.4000000000000001
0.20000000000000004
0.48
0.48
0.26666666666666666
0.5333333333333333
0.23076923076923075
0.22222222222222224
0.09876543209876544
0.11111111111111112
0.4444444444444445
0.4
0.26666666666666666
0.3157894736842105
0.16129032258064518
0.0816326530612245
0.4285714285714285
0.2105263157894737
0.37499999999999994
0.13333333333333333
0.09999999999999999
0.125
0.7777777777777777
0.26666666666666666
0.10126582278481013
0.3529411764705882
0.07272727272727272
0.23529411764705882
0.2777777777777778
0.3636363636363636
0.25
0.41666666666666663
0.125
0.26666666666666666
0.0
0.11764705882352941
0.6
0.26666666666666666
0.4
0.25
0.1904761904761905
0.08695652173913043
0.3529411764705882
0.17391304347826086
0.125
0.22222222222222224
0.0
0.3529411764705882
0.4210526315789474
0.22222222222222224
0.13333333333333333
0.5454545454545454
0.09999999999999999
0.26666666666666666
0.08695652173913043
0.380952380952381
0.2105263157894737
0.25
0.0
0.26666666666666666
0.04878048780487805
0.22222222222222224
0.22222222222222224
0.11764705882352941
0.08
0.11764705882352941
0.33333333333333326
0.2727272727272727
0.125
0.22222222222222224
0.28571428571428575
0.38461538461538464
0.23529411764705882
0.26666666666666666
0.14814814814814817
0.14285714285714288
0.5333333333333333
0.18749999999999997
0.23529411764705882
0.25
0.28571428571428575
0.4
0.021505376344086023
0.22222222222222224
0.3529411764705882
0.26666666666666666
0.0
0.13333333333333333
0.3529411764705882
0.20000000000000004
0.0909090909090909
0.28571428571428575
0.0
0.2105263157894737
0.3529411764705882
0.22857142857142856
0.29411764705882354
0.29629629629629634
0.03333333333333333
0.25
0.21621621621621623
0.0
0.10000000000000002
0.29629629629629634
0.4000000000000001
0.625
0.19354838709677416
0.4
0.23529411764705882
0.37037037037037035
0.5
0.3157894736842105
0.0
0.26666666666666666
0.33333333333333326
0.10526315789473685
0.28571428571428575
0.20000000000000004
0.163265306122449
0.33333333333333326
0.33333333333333326
0.16666666666666666
0.24390243902439024
0.125
0.14285714285714288
0.11764705882352941
0.25
0.11764705882352941
0.10526315789473685
0.3076923076923077
0.06451612903225806
0.0
0.20000000000000004
0.13333333333333333
0.09523809523809525
0.37499999999999994
0.3076923076923077
0.26666666666666666
0.33333333333333326
0.0
0.6
0.186046511627907
0.26666666666666666
0.13333333333333333
0.22222222222222224
0.14285714285714288
0.09523809523809523
0.4444444444444445
0.0
0.20000000000000004
0.07692307692307693
0.25
0.13793103448275862
0.09523809523809525
0.058823529411764705
0.0
0.23529411764705882
0.11764705882352941
0.14285714285714288
0.25
0.12903225806451613
0.028169014084507043
0.4285714285714285
0.20000000000000004
0.7777777777777777
0.5714285714285715
0.5263157894736842
0.4
0.10000000000000002
0.0967741935483871
0.0
0.37499999999999994
0.28571428571428575
0.25
0.26666666666666666
0.07843137254901962
0.2105263157894737
0.3333333333333333
0.5333333333333333
0.14285714285714288
0.37499999999999994
0.4
0.5555555555555556
0.18749999999999997
0.4285714285714285
0.125
0.09523809523809525
0.17391304347826086
0.28571428571428575
0.08695652173913043
0.23529411764705882
0.38461538461538464
0.1904761904761905
0.125
0.4
0.13333333333333333
0.25
0.37499999999999994
0.10526315789473685
0.4
0.17391304347826086
0.2105263157894737
0.16
0.13636363636363635
0.1904761904761905
0.08695652173913043
0.37499999999999994
0.1
0.10526315789473685
0.11111111111111112
0.23529411764705882
0.10526315789473682
0.3529411764705882
0.4444444444444445
0.25
0.11111111111111112
0.0
0.0
0.25
0.28571428571428575
0.13333333333333333
0.4
0.2105263157894737
0.2608695652173913
0.125
0.13333333333333333
0.16
0.42424242424242425
0.11764705882352941
0.3529411764705882
0.27586206896551724
0.6666666666666665
0.23529411764705882
0.08333333333333333
0.16
0.3636363636363636
0.06451612903225806
0.20000000000000004
0.125
0.20000000000000004
0.26666666666666666
0.20689655172413793
0.4
0.13333333333333333
0.4
0.06451612903225806
0.47058823529411764
0.2105263157894737
0.14285714285714288
0.5714285714285713
0.3529411764705882
0.4285714285714285
0.25000000000000006
0.0930232558139535
0.07407407407407408
0.12121212121212122
0.05714285714285714
0.21428571428571427
0.4
0.29629629629629634
0.0
0.10526315789473685
0.33333333333333326
0.13333333333333333
0.2727272727272727
0.5714285714285713
0.4
0.125
0.08695652173913043
0.0
0.2608695652173913
0.16666666666666666
0.125
0.11764705882352941
0.2608695652173913
0.4285714285714285
0.4285714285714285
0.0
0.28571428571428575
0.11764705882352941
0.125
0.06722689075630252
0.3333333333333333
0.11111111111111112
0.33333333333333326
0.16666666666666666
0.2608695652173913
0.45161290322580644
0.3333333333333333
0.2105263157894737
0.23529411764705882
0.11764705882352941
0.26666666666666666
0.20689655172413793
0.23529411764705882
0.22222222222222224
0.23529411764705882
0.0
0.2105263157894737
0.15384615384615385
0.5555555555555556
0.24
0.11320754716981132
0.023809523809523808
0.5
0.380952380952381
0.25
0.33333333333333326
0.4
0.14285714285714285
0.19354838709677416
0.4210526315789474
0.26666666666666666
0.4285714285714285
0.631578947368421
0.25
0.23529411764705882
0.3157894736842105
0.125
0.13333333333333333
0.12500000000000003
0.11111111111111112
0.13333333333333333
0.25000000000000006
0.0
0.23529411764705882
0.4
0.7499999999999999
0.3529411764705882
0.07692307692307693
0.25
0.3157894736842105
0.28571428571428575
0.1904761904761905
0.4285714285714285
0.17391304347826086
0.125
0.02173913043478261
0.5384615384615384
0.37499999999999994
0.38461538461538464
0.13333333333333333
0.0
0.07407407407407408
0.4285714285714285
0.09523809523809523
0.47058823529411764
0.5263157894736842
0.5714285714285715
0.20512820512820515
0.1904761904761905
0.4
0.125
0.11111111111111112
0.4
0.2
0.3636363636363636
0.11764705882352941
0.11111111111111112
0.3333333333333333
0.2222222222222222
0.25
0.125
0.13333333333333333
0.11111111111111112
0.15384615384615385
0.380952380952381
0.11428571428571428
0.16666666666666666
0.26666666666666666
0.3529411764705882
0.041666666666666664
0.25
0.17142857142857143
0.0
0.25
0.4
0.22222222222222224
0.37499999999999994
0.23529411764705882
0.20000000000000004
0.6666666666666665
0.0
0.0
0.25
0.5
0.12500000000000003
0.4
0.0
0.3
0.11111111111111112
0.625
0.1818181818181818
0.29629629629629634
0.13333333333333333
0.3
0.0
0.24
0.0909090909090909
0.34782608695652173
0.0
0.11111111111111109
0.5333333333333333
0.13333333333333333
0.28571428571428575
0.3529411764705882
0.6666666666666665
0.13793103448275862
0.4444444444444445
0.0909090909090909
0.5714285714285715
0.25
0.10000000000000002
0.19354838709677416
0.10526315789473685
0.0
0.23076923076923075
0.17857142857142855
0.3157894736842105
0.37499999999999994
0.22222222222222224
0.5263157894736842
0.13333333333333333
0.10526315789473685
0.3157894736842105
0.26666666666666666
0.10526315789473685
0.125
0.0
0.37499999999999994
0.18749999999999997
0.05555555555555555
0.28571428571428575
0.42857142857142855
0.14285714285714288
0.25
0.28571428571428564
0.028985507246376815
0.2727272727272727
0.37499999999999994
0.1818181818181818
0.32
0.13333333333333333
0.11764705882352941
0.5714285714285713
0.03921568627450981
0.07407407407407408
0.25
0.3157894736842105
0.4
0.26666666666666666
0.28571428571428564
0.1818181818181818
0.4444444444444445
0.16666666666666666
0.5217391304347826
0.0
0.28571428571428575
0.25
0.17391304347826086
0.0
0.13333333333333333
0.15384615384615385
0.25
0.4285714285714285
0.4
0.1904761904761905
0.24242424242424243
0.24
0.5263157894736842
0.07692307692307693
0.25
0.22641509433962265
0.3636363636363636
0.07843137254901962
0.10526315789473685
0.08333333333333333
0.20000000000000004
0.3
0.13333333333333333
0.28571428571428564
0.4
0.4
0.4210526315789474
0.4
0.10526315789473685
0.37499999999999994
0.28571428571428575
0.24242424242424243
0.30303030303030304
0.5714285714285715
0.25
0.26666666666666666
0.25
0.13333333333333333
0.1111111111111111
0.125
0.29411764705882354
0.23529411764705882
0.10000000000000002
0.37499999999999994
0.5
0.23529411764705882
0.20512820512820515
0.2
0.05797101449275363
0.5263157894736842
0.5333333333333333
0.588235294117647
0.3529411764705882
0.2105263157894737
0.2
0.1904761904761905
0.0909090909090909
0.5263157894736842
0.28571428571428564
0.25
0.08888888888888888
0.14285714285714288
0.10526315789473685
0.07142857142857142
0.5
0.37499999999999994
0.0
0.0
0.34782608695652173
0.23529411764705882
0.47619047619047616
0.11764705882352941
0.37037037037037035
0.4210526315789474
0.25
0.10526315789473685
0.37499999999999994
0.2105263157894737
0.4444444444444445
0.4
0.13333333333333333
0.22222222222222224
0.19354838709677416
0.26666666666666666
0.11111111111111112
0.04545454545454545
0.15384615384615385
0.09523809523809525
0.13333333333333333
0.0
0.4210526315789474
0.125
0.0
0.2105263157894737
0.2857142857142857
0.06666666666666667
0.10000000000000002
0.14285714285714288
0.23529411764705882
0.3333333333333333
0.13333333333333333
0.26666666666666666
0.19047619047619047
0.3
0.37499999999999994
0.26666666666666666
0.23529411764705882
0.380952380952381
0.5
0.10526315789473685
0.11538461538461536
0.28571428571428575
0.125
0.13333333333333333
0.10000000000000002
0.17391304347826086
0.125
0.4210526315789474
0.10256410256410257
0.13333333333333333
0.10526315789473685
0.37499999999999994
0.28571428571428575
0.34782608695652173
0.17647058823529413
0.0
0.0
0.10256410256410257
0.14285714285714288
0.28571428571428575
0.04347826086956522
0.33333333333333326
0.23529411764705882
0.13333333333333333
0.10526315789473682
0.13333333333333333
0.22222222222222224
0.28571428571428564
0.06451612903225806
0.5185185185185185
0.4210526315789474
0.0
0.4000000000000001
0.3
0.19354838709677416
0.0
0.15384615384615385
0.14814814814814817
0.125
0.11111111111111112
0.058823529411764705
0.380952380952381
0.2608695652173913
0.33333333333333326
0.15384615384615385
0.25
0.10000000000000002
0.5333333333333333
0.2608695652173913
0.13333333333333333
0.5
0.17391304347826086
0.5333333333333333
0.0
0.11764705882352941
0.12195121951219513
0.14814814814814817
0.22222222222222224
0.23529411764705882
0.25000000000000006
0.4
0.23076923076923075
0.32
0.08
0.26666666666666666
0.0909090909090909
0.09523809523809525
0.32
0.125
0.0
0.13333333333333333
0.4285714285714285
0.4210526315789474
0.3333333333333333
0.2608695652173913
0.0
0.10526315789473685
0.2608695652173913
0.5555555555555556
0.0
0.0
0.125
0.13333333333333333
0.5333333333333333
0.5714285714285715
0.22222222222222224
0.4
0.0
0.47619047619047616
0.625
0.33333333333333326
0.23529411764705882
0.07692307692307693
0.12765957446808512
0.3
0.0975609756097561
0.22222222222222224
0.0
0.2727272727272727
0.26666666666666666
0.10000000000000002
0.11111111111111112
0.7058823529411764
0.14285714285714285
0.1
0.17391304347826086
0.26666666666666666
0.1818181818181818
0.33333333333333326
0.13333333333333333
0.4
0.11764705882352941
0.13333333333333333
0.08888888888888888
0.28571428571428564
0.20000000000000004
0.2105263157894737
0.041666666666666664
0.37499999999999994
0.5714285714285713
0.22222222222222224
0.4
0.22222222222222224
0.10000000000000002
0.24
0.3529411764705882
0.33333333333333326
0.0
0.14285714285714285
0.13636363636363635
0.34285714285714286
0.13793103448275862
0.29629629629629634
0.2105263157894737
0.11764705882352941
0.380952380952381
0.10810810810810811
0.0
0.25
0.0
0.30303030303030304
0.14285714285714288
0.5
0.08695652173913043
0.4000000000000001
0.10000000000000002
0.3333333333333333
0.0909090909090909
0.4285714285714285
0.14634146341463414
0.45161290322580644
0.13793103448275862
0.3529411764705882
0.26666666666666666
0.5263157894736842
0.6666666666666666
0.2105263157894737
0.0
0.07142857142857142
0.03571428571428571
0.32
0.3
0.05128205128205129
0.125
0.3
0.125
0.13333333333333333
0.3
0.07692307692307693
0.5714285714285715
0.45454545454545453
0.14285714285714288
0.10000000000000002
0.4285714285714285
0.37499999999999994
0.37499999999999994
0.22857142857142856
0.1951219512195122
0.23529411764705882
0.380952380952381
0.588235294117647
0.13333333333333333
0.37037037037037035
0.19047619047619047
0.0
0.16666666666666666
0.26666666666666666
0.23529411764705882
0.4
0.05555555555555555
0.4
0.23529411764705882
0.2857142857142857
0.21428571428571427
0.37499999999999994
0.0
0.1904761904761905
0.0
0.4
0.2
0.33333333333333326
0.0
0.125
0.0
0.08695652173913043
0.37499999999999994
0.24
0.25
0.4285714285714285
0.125
0.0
0.16666666666666666
0.26666666666666666
0.3333333333333333
0.13333333333333333
0.4285714285714285
0.28571428571428575
0.125
0.28571428571428575
0.26666666666666666
0.22222222222222224
0.41666666666666663
0.33333333333333326
0.4444444444444445
0.3157894736842105
0.5
0.1111111111111111
0.7272727272727272
0.0
0.22222222222222224
0.23529411764705882
0.25
0.11764705882352941
0.5555555555555556
0.23529411764705882
0.47619047619047616
0.33333333333333326
0.0
0.13333333333333333
0.34782608695652173
0.3076923076923077
0.14285714285714288
0.13333333333333333
0.37499999999999994
0.13333333333333333
0.4444444444444445
0.14084507042253522
0.25
0.11764705882352941
0.2105263157894737
0.2727272727272727
0.055045871559633024
0.13333333333333333
0.13793103448275862
0.1818181818181818
0.47058823529411764
0.25000000000000006
0.1904761904761905
0.0
0.3157894736842105
0.33333333333333326
0.28571428571428575
0.2
0.05263157894736841
0.125
0.1904761904761905
0.0
0.20000000000000004
0.10000000000000002
0.1904761904761905
0.2727272727272727
0.32
0.2105263157894737
0.07407407407407408
0.15384615384615385
0.26666666666666666
0.125
0.26666666666666666
0.2105263157894737
0.11764705882352941
0.06666666666666667
0.1818181818181818
0.3870967741935483
0.09523809523809525
0.23529411764705882
0.11111111111111112
0.10714285714285714
0.11111111111111112
0.5714285714285713
0.12500000000000003
0.23529411764705882
0.16
0.125
0.4
0.11764705882352941
0.0
0.21621621621621623
0.6666666666666666
0.38461538461538464
0.1818181818181818
0.125
0.6
0.11111111111111112
0.34782608695652173
0.47058823529411764
0.08333333333333333
0.12631578947368421
0.26666666666666666
0.23529411764705882
0.4210526315789474
0.4
0.16
0.28571428571428575
0.13333333333333333
0.3
0.08
0.4
0.125
0.13333333333333333
0.4285714285714285
0.26666666666666666
0.5263157894736842
0.5333333333333333
0.11940298507462686
0.14285714285714285
0.33333333333333326
0.3157894736842105
0.0
0.13333333333333333
0.14285714285714288
0.1818181818181818
0.28571428571428564
0.25
0.13333333333333333
0.4210526315789474
0.37499999999999994
0.14634146341463414
0.10526315789473685
0.26666666666666666
0.08108108108108107
0.0
0.28571428571428564
0.13333333333333333
0.22222222222222224
0.13333333333333333
0.23529411764705882
0.23529411764705882
0.0
0.4210526315789474
0.20000000000000004
0.26666666666666666
0.15384615384615385
0.5
0.5714285714285715
0.125
0.4
0.26666666666666666
0.125
0.125
0.3157894736842105
0.47058823529411764
0.0
0.12903225806451613
0.2105263157894737
0.4444444444444445
0.1951219512195122
0.13333333333333333
0.16666666666666666
0.22222222222222224
