0.10384615384615385
0.1798076923076923
0.23205128205128206
0.2721153846153846
0.30346153846153845
0.32756410256410257
0.3456043956043956
0.35985576923076923
0.3730769230769231
0.3875
0.4027972027972028
0.41073717948717947
0.42396449704142014
0.4353021978021978
0.4458974358974359
0.45576923076923076
0.4686651583710407
0.4830128205128205
0.4945344129554656
0.5060576923076923
0.5170329670329671
0.5280594405594405
0.5410535117056856
0.5508012820512821
0.5613076923076923
0.5701183431952662
0.5792022792022792
0.5878434065934066
0.5955570291777188
0.6021794871794872
