0.06923076923076923
0.19038461538461537
0.2551282051282051
0.2759615384615385
0.2996153846153846
0.31506410256410255
0.3291208791208791
0.33990384615384617
0.35106837606837604
0.3625
0.3734265734265734
0.38477564102564105
0.39674556213017753
0.40494505494505495
0.4148717948717949
0.4248798076923077
0.4346153846153846
0.4423076923076923
0.4530364372469636
0.46153846153846156
0.46923076923076923
0.4784090909090909
0.4873745819397993
0.4952724358974359
0.5024615384615385
0.5101331360946746
0.5178062678062678
0.5242445054945055
0.5315649867374005
0.538525641025641
