0.09807692307692308
0.2173076923076923
0.27692307692307694
0.3038461538461538
0.3211538461538462
0.33397435897435895
0.34505494505494505
0.35552884615384617
0.36752136752136755
0.3828846153846154
0.39370629370629373
0.4060897435897436
0.4167159763313609
0.42706043956043954
0.4380769230769231
0.4467548076923077
0.45667420814479637
0.46431623931623933
0.475
0.4832692307692308
0.4911172161172161
0.49755244755244754
0.5060200668896321
0.5138621794871795
0.5214615384615384
0.5288461538461539
0.5358262108262108
0.5431318681318681
0.5500663129973474
0.5559615384615385
