0.028846153846153848
0.13365384615384615
0.2
0.23798076923076922
0.27153846153846156
0.2900641025641026
0.307967032967033
0.32427884615384617
0.33952991452991454
0.35115384615384615
0.361013986013986
0.37227564102564104
0.3863905325443787
0.3987637362637363
0.41
0.42283653846153846
0.43665158371040724
0.4478632478632479
0.4584008097165992
0.46836538461538463
0.4794871794871795
0.4888111888111888
0.49941471571906354
0.5094551282051282
0.5186923076923077
0.5280325443786982
0.536965811965812
0.545054945054945
0.5537135278514589
0.5621153846153846
