0.1346153846153846
0.18557692307692308
0.2358974358974359
0.2860576923076923
0.32153846153846155
0.34455128205128205
0.3631868131868132
0.37596153846153846
0.38247863247863245
0.3923076923076923
0.40472027972027974
0.41378205128205126
0.42588757396449706
0.4368131868131868
0.4494871794871795
0.46310096153846153
0.4744343891402715
0.48675213675213674
0.49949392712550605
0.51125
0.5220695970695971
0.5340034965034965
0.544732441471572
0.5544070512820513
0.5641538461538461
0.573076923076923
0.5821225071225071
0.5903846153846154
0.5981432360742706
0.6041025641025641
