0.13846153846153847
0.18846153846153846
0.23717948717948717
0.2764423076923077
0.3080769230769231
0.3278846153846154
0.34697802197802197
0.35673076923076924
0.3700854700854701
0.38403846153846155
0.3986013986013986
0.41394230769230766
0.42588757396449706
0.440521978021978
0.45371794871794874
0.46778846153846154
0.4823529411764706
0.4966880341880342
0.5077935222672065
0.520576923076923
0.5331501831501831
0.5438811188811189
0.5551003344481605
0.5645833333333333
0.5744615384615385
0.582914201183432
0.5910968660968661
0.5989697802197802
0.6065649867374006
0.6133333333333333
