0.10576923076923077
0.18461538461538463
0.23141025641025642
0.275
0.3026923076923077
0.328525641025641
0.3392857142857143
0.34975961538461536
0.3606837606837607
0.37538461538461537
0.3875874125874126
0.4041666666666667
0.41375739644970416
0.42857142857142855
0.4401282051282051
0.4512019230769231
0.464027149321267
0.47628205128205126
0.48785425101214575
0.49951923076923077
0.5111721611721611
0.522027972027972
0.5330267558528428
0.5423076923076923
0.5516153846153846
0.5594674556213017
0.5678062678062679
0.5763736263736263
0.5836870026525199
0.5902564102564103
