0.06538461538461539
0.17692307692307693
0.22628205128205128
0.25625
0.27615384615384614
0.2939102564102564
0.3098901098901099
0.32379807692307694
0.3373931623931624
0.3471153846153846
0.3559440559440559
0.3645833333333333
0.37115384615384617
0.38035714285714284
0.39192307692307693
0.4026442307692308
0.41278280542986423
0.4237179487179487
0.43279352226720647
0.44298076923076923
0.45082417582417583
0.4597027972027972
0.4690635451505017
0.4778846153846154
0.48584615384615387
0.4944526627218935
0.5012820512820513
0.5096840659340659
0.51657824933687
0.5232051282051282
