0.6384615384615384
0.6384615384615384
0.5596153846153846
0.48846153846153845
0.4153846153846154
0.34807692307692306
0.2865384615384615
0.24615384615384617
0.22115384615384615
0.19230769230769232
0.17884615384615385
0.16538461538461538
0.15384615384615385
0.13846153846153847
0.11730769230769231
0.11346153846153846
0.11153846153846154
0.10576923076923077
0.1
0.09230769230769231
0.08076923076923077
0.075
0.06923076923076923
0.0673076923076923
0.0673076923076923
0.06538461538461539
0.06153846153846154
0.05576923076923077
0.051923076923076926
0.051923076923076926
