0.6480769230769231
0.6480769230769231
0.5365384615384615
0.42115384615384616
0.34423076923076923
0.2673076923076923
0.21923076923076923
0.1673076923076923
0.14615384615384616
0.1326923076923077
0.11346153846153846
0.09615384615384616
0.08269230769230769
0.08269230769230769
0.07115384615384615
0.06346153846153846
0.06153846153846154
0.05576923076923077
0.051923076923076926
0.04807692307692308
0.046153846153846156
0.04423076923076923
0.04230769230769231
0.04230769230769231
0.04230769230769231
0.04230769230769231
0.04230769230769231
0.04230769230769231
0.038461538461538464
0.038461538461538464
