0.6519230769230769
0.6519230769230769
0.5480769230769231
0.43653846153846154
0.35192307692307695
0.29423076923076924
0.2326923076923077
0.19423076923076923
0.16923076923076924
0.1519230769230769
0.13846153846153847
0.12884615384615383
0.12307692307692308
0.11923076923076924
0.10384615384615385
0.09423076923076923
0.08653846153846154
0.075
0.06923076923076923
0.06923076923076923
0.06538461538461539
0.06153846153846154
0.057692307692307696
0.057692307692307696
0.057692307692307696
0.05576923076923077
0.05384615384615385
0.05
0.04807692307692308
0.04807692307692308
