0.6134615384615385
0.6134615384615385
0.5173076923076924
0.40192307692307694
0.3057692307692308
0.25384615384615383
0.22884615384615384
0.19230769230769232
0.16153846153846155
0.14038461538461539
0.12307692307692308
0.11153846153846154
0.09807692307692308
0.09038461538461538
0.08653846153846154
0.07884615384615384
0.07307692307692308
0.06923076923076923
0.06923076923076923
0.06346153846153846
0.05961538461538462
0.05576923076923077
0.05576923076923077
0.05576923076923077
0.051923076923076926
0.046153846153846156
0.046153846153846156
0.04423076923076923
0.04230769230769231
0.04038461538461539
