0.6461538461538462
0.6461538461538462
0.5365384615384615
0.4519230769230769
0.36923076923076925
0.29423076923076924
0.25576923076923075
0.20192307692307693
0.175
0.15576923076923077
0.1346153846153846
0.12115384615384615
0.11538461538461539
0.10384615384615385
0.1
0.09230769230769231
0.07884615384615384
0.07115384615384615
0.0673076923076923
0.06346153846153846
0.06346153846153846
0.05961538461538462
0.057692307692307696
0.057692307692307696
0.05384615384615385
0.051923076923076926
0.04423076923076923
0.04423076923076923
0.04230769230769231
0.04038461538461539
