0.6538461538461539
0.6538461538461539
0.573076923076923
0.5076923076923077
0.41923076923076924
0.35384615384615387
0.3076923076923077
0.2653846153846154
0.23076923076923078
0.20384615384615384
0.18076923076923077
0.1596153846153846
0.15384615384615385
0.13846153846153847
0.1346153846153846
0.12884615384615383
0.12692307692307692
0.12307692307692308
0.11730769230769231
0.11346153846153846
0.10961538461538461
0.10384615384615385
0.09615384615384616
0.09423076923076923
0.09423076923076923
0.09230769230769231
0.09038461538461538
0.08461538461538462
0.08076923076923077
0.07884615384615384
