0.7038461538461539
0.7038461538461539
0.6115384615384616
0.5173076923076924
0.43846153846153846
0.38653846153846155
0.3269230769230769
0.275
0.2403846153846154
0.2173076923076923
0.19615384615384615
0.17884615384615385
0.1596153846153846
0.14615384615384616
0.1326923076923077
0.12884615384615383
0.11730769230769231
0.11346153846153846
0.10961538461538461
0.10384615384615385
0.1
0.09807692307692308
0.09807692307692308
0.09615384615384616
0.09230769230769231
0.08461538461538462
0.08269230769230769
0.07884615384615384
0.07692307692307693
0.07692307692307693
