0.6807692307692308
0.6807692307692308
0.5634615384615385
0.4596153846153846
0.3730769230769231
0.3057692307692308
0.2519230769230769
0.22115384615384615
0.19807692307692307
0.17115384615384616
0.15
0.1346153846153846
0.12307692307692308
0.10961538461538461
0.08846153846153847
0.08269230769230769
0.07884615384615384
0.07115384615384615
0.06923076923076923
0.06923076923076923
0.0673076923076923
0.06346153846153846
0.06346153846153846
0.05961538461538462
0.051923076923076926
0.051923076923076926
0.05
0.046153846153846156
0.046153846153846156
0.046153846153846156
