0.5
0.1
0.2
0.6666666666666666
0.1111111111111111
0.6666666666666666
0.2
0.2222222222222222
0.8333333333333334
0.4
0.07017543859649122
0.16666666666666666
0.26666666666666666
0.75
0.3333333333333333
0.0
0.6666666666666666
0.5
0.16666666666666666
0.07692307692307693
0.16666666666666666
0.8571428571428571
0.25
0.25
0.7
0.4
0.6
1.0
0.07352941176470588
0.2222222222222222
0.24390243902439024
0.5333333333333333
0.7142857142857143
0.25
0.4444444444444444
0.8
0.3333333333333333
0.3333333333333333
0.20833333333333334
0.3
0.3333333333333333
0.5
0.4
0.42857142857142855
0.15384615384615385
0.25
0.75
0.8888888888888888
0.16666666666666666
0.6363636363636364
0.3333333333333333
0.125
0.5
0.4
0.20833333333333334
0.4
0.75
0.08
0.8
0.1
1.0
0.022222222222222223
0.4
0.16666666666666666
0.42857142857142855
0.375
0.2
0.3076923076923077
0.14285714285714285
0.2
0.42857142857142855
0.0
0.4444444444444444
0.8
0.21428571428571427
0.25
0.0
0.0
0.6363636363636364
0.6666666666666666
0.14754098360655737
0.6
0.4444444444444444
0.13333333333333333
0.0
0.125
0.5
0.6666666666666666
0.5333333333333333
0.2857142857142857
0.6
1.0
0.058823529411764705
0.4
0.2222222222222222
0.2608695652173913
0.2
0.23076923076923078
0.6
0.14285714285714285
0.2
0.13333333333333333
0.16363636363636364
0.2
0.4
0.15384615384615385
0.25
0.3333333333333333
0.0
0.8333333333333334
0.4444444444444444
0.5714285714285714
0.09090909090909091
0.29411764705882354
0.16666666666666666
0.2727272727272727
0.18181818181818182
0.07692307692307693
0.4444444444444444
0.375
0.38095238095238093
0.4
0.5714285714285714
0.16666666666666666
0.25
0.15217391304347827
0.4
0.17647058823529413
0.13636363636363635
0.07692307692307693
0.21428571428571427
0.08333333333333333
0.14285714285714285
0.0
0.25
0.42857142857142855
0.18181818181818182
0.5
0.09302325581395349
0.6363636363636364
0.3
0.15789473684210525
0.42857142857142855
0.42857142857142855
1.0
0.18181818181818182
0.2
0.2727272727272727
0.4
0.2857142857142857
0.2631578947368421
0.5
0.0
0.8333333333333334
0.125
0.3125
0.3333333333333333
0.3333333333333333
0.7777777777777778
0.4
0.11475409836065574
0.15789473684210525
0.2
0.5
0.2
0.2413793103448276
0.3333333333333333
0.14285714285714285
0.3333333333333333
0.9
0.4
0.16279069767441862
0.3333333333333333
1.0
0.5714285714285714
0.4
0.5
0.09090909090909091
0.2222222222222222
0.3333333333333333
0.625
1.0
0.14285714285714285
0.625
0.22580645161290322
0.42857142857142855
0.125
0.038461538461538464
0.6
0.2857142857142857
0.10126582278481013
0.2857142857142857
0.6
0.6666666666666666
0.45454545454545453
0.1839080459770115
0.36363636363636365
0.6
0.3333333333333333
0.4
0.2222222222222222
0.3333333333333333
0.3
0.21428571428571427
0.625
0.19047619047619047
0.21428571428571427
0.21052631578947367
0.42105263157894735
0.4666666666666667
0.5
0.125
0.6666666666666666
0.4
0.5238095238095238
0.6666666666666666
0.6
0.16666666666666666
0.625
0.5
0.47058823529411764
0.4
0.5
0.4
0.21052631578947367
0.1111111111111111
0.3333333333333333
0.25
0.35714285714285715
0.30434782608695654
0.2
0.375
0.12903225806451613
0.42857142857142855
1.0
0.4
0.55
0.3125
0.5
0.4
0.5714285714285714
0.0
0.45454545454545453
0.8461538461538461
0.6363636363636364
0.7272727272727273
0.375
0.3333333333333333
0.21428571428571427
0.16666666666666666
0.3333333333333333
0.4
0.38461538461538464
0.5
0.9090909090909091
0.4
0.6666666666666666
0.8
1.0
0.25
0.7142857142857143
0.75
0.6
0.29411764705882354
0.16666666666666666
1.0
1.0
1.0
0.6
0.16666666666666666
0.6666666666666666
0.18518518518518517
0.5384615384615384
0.16666666666666666
0.16666666666666666
0.8333333333333334
0.2
0.1
0.2222222222222222
0.25
0.5
0.5
0.8
0.4166666666666667
0.8333333333333334
0.0967741935483871
0.25
0.26666666666666666
0.5714285714285714
0.0
0.16666666666666666
0.5
0.2
0.42857142857142855
0.2727272727272727
1.0
0.25
0.3333333333333333
0.2608695652173913
0.16666666666666666
0.13333333333333333
0.3333333333333333
0.875
0.6
0.5
0.5
0.06896551724137931
0.375
0.16666666666666666
0.2857142857142857
0.1875
0.4
0.875
0.2857142857142857
0.42857142857142855
0.8
0.125
0.4444444444444444
0.14285714285714285
0.8333333333333334
0.4
0.2222222222222222
0.625
0.16666666666666666
0.25
0.0625
0.4444444444444444
0.45
0.875
0.75
1.0
0.4
0.75
0.09302325581395349
0.0
0.6
0.11842105263157894
1.0
0.5
0.8333333333333334
0.75
0.14285714285714285
0.5
0.21428571428571427
0.07692307692307693
0.3333333333333333
0.6666666666666666
0.5
0.3
0.0
0.8
1.0
0.2
1.0
0.7
0.2222222222222222
0.5
0.2857142857142857
0.8
0.25
0.11320754716981132
0.17647058823529413
0.07692307692307693
0.25
0.3333333333333333
0.17391304347826086
0.25
0.375
0.25
0.11764705882352941
0.14285714285714285
0.4444444444444444
0.2222222222222222
0.16666666666666666
0.6
0.6
0.25
0.12962962962962962
0.14285714285714285
0.5714285714285714
0.8
0.4444444444444444
0.75
0.6
0.2727272727272727
0.42857142857142855
0.6
0.3
0.42857142857142855
0.3333333333333333
0.5
0.08823529411764706
0.8
0.6
0.3333333333333333
0.45454545454545453
0.25
0.125
0.30434782608695654
0.2
0.3333333333333333
0.13333333333333333
0.5
0.11764705882352941
0.5
0.25
0.75
0.14285714285714285
0.6428571428571429
0.2857142857142857
0.4
0.3333333333333333
0.6428571428571429
0.25
0.14893617021276595
0.3888888888888889
0.6666666666666666
0.3142857142857143
0.5
0.25
0.7333333333333333
0.5
0.3076923076923077
1.0
0.16666666666666666
0.16666666666666666
0.5714285714285714
0.25
0.25
0.08333333333333333
0.0
0.2
0.5454545454545454
0.3333333333333333
0.18181818181818182
0.5
0.3
0.18181818181818182
0.10714285714285714
0.5
0.5
0.07692307692307693
0.5555555555555556
0.16216216216216217
0.2857142857142857
0.875
0.7142857142857143
0.36363636363636365
0.5
0.1
0.8
0.2
0.4
0.1111111111111111
0.45454545454545453
0.4
0.07142857142857142
0.42857142857142855
0.2727272727272727
0.25
0.7272727272727273
0.8
0.6
0.4444444444444444
0.16216216216216217
0.16666666666666666
0.8
0.5
0.5
0.12
0.13333333333333333
0.07407407407407407
0.6666666666666666
0.1111111111111111
0.4
0.29411764705882354
0.375
0.06666666666666667
0.5
0.46153846153846156
0.42105263157894735
0.45454545454545453
0.6
0.5
0.36363636363636365
0.6
0.1
0.2631578947368421
0.16666666666666666
0.42857142857142855
0.3333333333333333
0.16666666666666666
0.4444444444444444
0.875
0.5
0.5555555555555556
0.4
0.5714285714285714
0.36363636363636365
0.6
0.2222222222222222
0.2
0.125
0.14285714285714285
0.6
0.3333333333333333
0.5714285714285714
0.13043478260869565
0.3333333333333333
0.45454545454545453
0.6
0.4
0.6666666666666666
0.1111111111111111
0.3333333333333333
0.42857142857142855
0.25
0.2727272727272727
0.45
0.8
0.16666666666666666
0.14285714285714285
0.0
0.09090909090909091
0.0
0.4166666666666667
0.4444444444444444
0.4
0.3333333333333333
0.28
0.5
0.25
0.4
0.3
0.3333333333333333
0.05263157894736842
0.21428571428571427
0.6
0.20689655172413793
0.5
0.17307692307692307
0.5
0.2857142857142857
0.17647058823529413
0.14634146341463414
0.6363636363636364
0.16666666666666666
0.4
0.4
0.75
0.2727272727272727
0.2727272727272727
0.375
0.5714285714285714
0.2727272727272727
0.15151515151515152
0.14285714285714285
0.3157894736842105
0.8
0.375
1.0
0.16666666666666666
0.35714285714285715
0.0
0.09090909090909091
0.4
0.6666666666666666
0.14705882352941177
0.42857142857142855
0.14285714285714285
0.5
0.4666666666666667
0.3333333333333333
0.6
0.2727272727272727
0.6666666666666666
0.46153846153846156
0.42857142857142855
0.42857142857142855
0.8
0.7142857142857143
0.391304347826087
0.6153846153846154
0.5
0.8
0.5555555555555556
0.42857142857142855
0.1111111111111111
0.4375
0.3333333333333333
0.4
0.125
0.2222222222222222
0.36363636363636365
0.07692307692307693
1.0
0.6666666666666666
0.2
0.2857142857142857
0.7
0.2857142857142857
0.3333333333333333
0.4
0.1875
0.4
0.8
0.6
0.8333333333333334
0.5384615384615384
0.75
0.8333333333333334
0.4
0.6
0.6
0.0
0.375
0.5
0.3
0.3076923076923077
0.4444444444444444
0.3
0.6
0.75
0.75
0.2222222222222222
0.4444444444444444
0.8
0.8571428571428571
0.6
0.4444444444444444
1.0
0.4666666666666667
0.5
0.375
0.0
0.21052631578947367
0.0
0.38461538461538464
0.11538461538461539
0.05405405405405406
0.5
0.35294117647058826
0.6923076923076923
0.7142857142857143
0.35294117647058826
1.0
0.06060606060606061
0.125
0.6
0.6666666666666666
0.8
0.7142857142857143
0.5
0.0
0.19230769230769232
1.0
0.2
0.26666666666666666
0.4
0.18181818181818182
0.6
0.2
0.625
0.25
0.42857142857142855
0.75
0.3
0.2
0.08333333333333333
0.391304347826087
0.06422018348623854
0.4
0.5
0.6666666666666666
0.0
1.0
0.6
0.125
0.5
0.16666666666666666
0.45
1.0
0.21428571428571427
0.5
0.4
0.18181818181818182
1.0
0.08163265306122448
0.05128205128205128
0.3333333333333333
1.0
0.2
0.1875
0.42857142857142855
0.1
0.3333333333333333
0.6
0.3333333333333333
0.13114754098360656
0.5
0.5454545454545454
0.5714285714285714
0.25
0.14285714285714285
0.25
0.5
0.25
0.4
0.2
0.3
0.5714285714285714
0.6
0.4
0.14285714285714285
0.0
0.3333333333333333
0.3157894736842105
0.6
0.0
0.2857142857142857
0.5714285714285714
0.25
0.4
0.8
0.6470588235294118
0.16666666666666666
0.125
0.75
0.2857142857142857
0.8
0.2857142857142857
0.6666666666666666
0.6666666666666666
0.11538461538461539
0.5714285714285714
0.3888888888888889
0.75
0.2222222222222222
0.16666666666666666
0.0
0.8
0.5
0.07142857142857142
0.6
0.12121212121212122
0.25
0.2222222222222222
0.5
0.3
0.1794871794871795
0.125
0.09090909090909091
0.4
0.3333333333333333
0.5
0.8181818181818182
0.2222222222222222
0.25
0.6
0.5454545454545454
1.0
0.2857142857142857
0.8
0.5
0.25806451612903225
0.5
0.08695652173913043
0.5
0.4444444444444444
0.34782608695652173
0.6666666666666666
0.04419889502762431
0.3
0.09090909090909091
0.5
0.11764705882352941
0.5
0.2857142857142857
0.1111111111111111
0.45454545454545453
0.5
0.8
0.375
0.2
0.6428571428571429
0.0625
0.25
0.2222222222222222
0.29411764705882354
0.5
0.4
0.46153846153846156
0.3
0.09090909090909091
0.25
0.2
0.2222222222222222
0.23076923076923078
0.42857142857142855
0.19047619047619047
0.5454545454545454
0.375
0.5
0.1956521739130435
0.2857142857142857
0.2857142857142857
0.5
0.8
0.6
0.1
0.38461538461538464
0.6666666666666666
0.2777777777777778
0.5
0.36363636363636365
0.4117647058823529
0.42857142857142855
0.5
0.4
0.18181818181818182
0.8333333333333334
0.3
0.22727272727272727
0.8
1.0
0.8
0.26666666666666666
0.7692307692307693
0.5217391304347826
0.5555555555555556
0.3
0.25
0.4166666666666667
0.3333333333333333
0.5
0.22727272727272727
0.6
0.1875
0.375
0.6666666666666666
0.14
0.45454545454545453
0.08571428571428572
0.6666666666666666
0.5
0.18518518518518517
0.0
0.5
0.3333333333333333
0.7142857142857143
0.5
0.7
0.25
1.0
0.1
0.7142857142857143
0.5714285714285714
0.8
0.16666666666666666
0.4
0.16666666666666666
0.5714285714285714
0.5
0.14285714285714285
0.6
0.5714285714285714
0.16666666666666666
0.16666666666666666
0.25
0.6
0.4
0.3333333333333333
0.17647058823529413
1.0
0.28125
0.875
0.6666666666666666
0.041666666666666664
0.6
0.20833333333333334
0.4
0.08695652173913043
0.75
0.4444444444444444
0.14814814814814814
0.5714285714285714
0.14285714285714285
0.5
0.75
0.3125
0.8
0.1111111111111111
0.21212121212121213
0.2727272727272727
0.5
0.15789473684210525
0.8571428571428571
1.0
0.7142857142857143
0.6
0.5
0.8
0.42857142857142855
0.16666666666666666
0.3333333333333333
0.6
0.4
0.2222222222222222
0.13793103448275862
0.65
0.5
0.45454545454545453
0.5555555555555556
0.8333333333333334
0.10526315789473684
0.6
0.4
0.0
0.2777777777777778
0.5
0.3333333333333333
0.6
0.14285714285714285
0.7
0.5
0.6363636363636364
0.6
0.6
0.15384615384615385
0.6
0.18181818181818182
0.1568627450980392
0.25
1.0
0.42857142857142855
0.8
0.16666666666666666
0.5833333333333334
0.5
0.5
0.23809523809523808
0.0
0.2
0.3
0.13043478260869565
0.8888888888888888
0.8571428571428571
0.75
0.4
0.25
0.6
0.18181818181818182
0.2
0.3333333333333333
0.75
0.6
0.5555555555555556
1.0
0.375
0.8
0.5714285714285714
0.8
0.2
0.75
0.4
0.8333333333333334
0.9166666666666666
0.2
0.16666666666666666
0.8
0.8571428571428571
0.8
1.0
0.8333333333333334
0.4
0.125
0.0
0.17857142857142858
0.5
0.2
0.1875
0.125
0.1
0.0
0.0
0.5
0.3333333333333333
0.625
0.6111111111111112
0.8333333333333334
0.8181818181818182
0.6363636363636364
0.1
0.19047619047619047
0.8
0.02564102564102564
0.2
0.3333333333333333
0.09090909090909091
0.25
0.5
0.3333333333333333
0.9090909090909091
0.4
0.45454545454545453
0.5
0.625
0.25
0.6923076923076923
0.42857142857142855
0.125
0.75
1.0
0.2727272727272727
0.3142857142857143
0.36
0.6
0.2608695652173913
0.15789473684210525
0.2
0.6666666666666666
0.625
0.4
1.0
0.5
0.4
0.21428571428571427
0.5454545454545454
0.26666666666666666
0.25
0.2222222222222222
0.8
0.14285714285714285
0.23076923076923078
0.4444444444444444
0.75
0.35294117647058826
0.8333333333333334
0.45454545454545453
0.0
0.5555555555555556
0.3333333333333333
0.2571428571428571
0.875
0.11764705882352941
0.8
0.2
0.625
0.6
0.2
0.3
0.6
0.4
0.17647058823529413
0.5
0.4
0.5
0.42857142857142855
0.7
0.5
0.7142857142857143
0.6
0.125
0.7
0.8333333333333334
1.0
1.0
0.5714285714285714
0.42857142857142855
0.2857142857142857
0.4
0.75
0.6666666666666666
0.375
0.5
0.4
0.125
0.3333333333333333
0.6666666666666666
0.375
0.10526315789473684
0.0
1.0
0.23809523809523808
0.8
0.5
0.6
0.20833333333333334
0.2222222222222222
0.5714285714285714
0.0
0.17647058823529413
0.625
0.4
0.25
0.3181818181818182
0.47368421052631576
0.6
0.8
0.2727272727272727
0.6
0.2857142857142857
0.8571428571428571
0.6
0.0
0.3333333333333333
0.3
0.2857142857142857
0.2037037037037037
0.4
0.45454545454545453
1.0
0.4
0.3333333333333333
0.375
0.14285714285714285
0.7
0.5
0.1
0.75
0.08333333333333333
0.0
0.7142857142857143
0.5714285714285714
0.8
0.5714285714285714
0.6
0.2631578947368421
0.4
0.6666666666666666
0.3076923076923077
0.2857142857142857
1.0
0.3333333333333333
0.15151515151515152
0.3333333333333333
0.6
0.3333333333333333
0.25
0.16666666666666666
0.2857142857142857
0.8571428571428571
0.7142857142857143
0.42857142857142855
0.5
0.8
0.3333333333333333
0.2
0.16666666666666666
0.45454545454545453
0.3
0.3333333333333333
0.5
0.6
0.2
0.8333333333333334
0.0
0.5
0.5
0.09090909090909091
0.16666666666666666
0.5
0.8333333333333334
0.21428571428571427
0.125
0.36363636363636365
0.875
0.25
0.125
1.0
0.6
0.4166666666666667
0.35294117647058826
0.2857142857142857
0.2222222222222222
0.1
0.3888888888888889
1.0
0.3333333333333333
0.375
0.2692307692307692
0.8333333333333334
0.2222222222222222
0.0
0.4
0.6
0.5
0.2
0.14285714285714285
0.06521739130434782
0.4444444444444444
0.42857142857142855
0.36363636363636365
0.4
1.0
0.18421052631578946
0.2
0.2777777777777778
0.6
0.0
0.5
0.5
0.5
0.7142857142857143
0.3
0.26666666666666666
0.5
0.3
0.25
1.0
0.4444444444444444
0.16666666666666666
0.75
0.25
0.4
0.4
0.5
0.0
0.14285714285714285
0.25
0.3235294117647059
0.07894736842105263
0.5
0.21739130434782608
0.058823529411764705
0.10714285714285714
0.2
0.5714285714285714
0.11428571428571428
0.4117647058823529
0.07407407407407407
0.14285714285714285
0.6
0.4444444444444444
0.42857142857142855
0.3684210526315789
0.18181818181818182
0.6
0.25
0.2
0.18181818181818182
0.028985507246376812
0.42857142857142855
0.16666666666666666
0.6
0.42857142857142855
0.13636363636363635
0.5714285714285714
0.05555555555555555
0.4
0.15789473684210525
0.2413793103448276
0.6
0.25
0.2
0.3684210526315789
0.2826086956521739
0.8
0.8
0.25
0.0
0.5384615384615384
0.25
0.5
0.2777777777777778
0.25
0.7142857142857143
0.45454545454545453
0.25
0.25
0.07142857142857142
0.5714285714285714
0.8
0.5
0.25
0.25
0.5
0.3076923076923077
0.25
1.0
0.6
0.4
0.5
0.4
0.2
0.06666666666666667
0.23529411764705882
0.5
0.7
0.0
0.42857142857142855
0.2
0.6666666666666666
0.3333333333333333
0.4666666666666667
1.0
0.2857142857142857
0.6
0.75
0.5
0.46153846153846156
0.34782608695652173
0.2
1.0
0.7142857142857143
0.16666666666666666
0.2222222222222222
1.0
0.6666666666666666
0.22727272727272727
0.6
0.6
0.3333333333333333
0.6666666666666666
0.17391304347826086
0.1875
0.75
0.3333333333333333
0.6666666666666666
0.5333333333333333
0.2
0.38461538461538464
0.1724137931034483
0.375
0.4444444444444444
0.25
0.125
0.42857142857142855
0.3333333333333333
0.6
0.14285714285714285
0.0
0.18181818181818182
1.0
0.2857142857142857
0.25
0.8
1.0
0.13333333333333333
0.20833333333333334
0.3333333333333333
0.7777777777777778
0.3076923076923077
0.10526315789473684
0.23529411764705882
0.5
0.375
0.75
0.13793103448275862
0.7142857142857143
0.5
0.037037037037037035
0.2222222222222222
0.6
0.8888888888888888
0.4666666666666667
0.25
0.3076923076923077
0.15
0.23529411764705882
1.0
0.36363636363636365
0.7142857142857143
1.0
0.18181818181818182
0.5
0.8
0.6666666666666666
0.6
0.5555555555555556
0.0
0.35294117647058826
0.25
0.2
0.10810810810810811
0.3333333333333333
0.7777777777777778
0.4166666666666667
0.4
0.041666666666666664
0.3333333333333333
0.6
0.5714285714285714
0.5714285714285714
0.25
0.35714285714285715
0.1
0.6
0.5
0.2857142857142857
0.14035087719298245
0.09523809523809523
0.9
0.19230769230769232
0.08333333333333333
0.6666666666666666
0.5
0.42857142857142855
0.14606741573033707
0.17391304347826086
0.7142857142857143
0.26666666666666666
0.4
0.42857142857142855
0.75
0.3076923076923077
0.7777777777777778
0.3333333333333333
0.08333333333333333
0.25
0.6190476190476191
0.32
0.25
0.5
0.4117647058823529
0.42857142857142855
0.3
0.5
0.2413793103448276
0.75
0.1
0.75
0.6666666666666666
0.3333333333333333
0.8
0.2777777777777778
0.42857142857142855
0.75
0.6666666666666666
1.0
0.3
0.7
0.15384615384615385
0.05128205128205128
0.75
0.5
0.3333333333333333
0.4
0.16666666666666666
0.2857142857142857
0.5
0.4166666666666667
0.08695652173913043
1.0
0.6923076923076923
0.4
0.7857142857142857
0.0
0.5
0.7142857142857143
0.4
0.8888888888888888
0.5833333333333334
0.5
0.8
0.7142857142857143
0.5714285714285714
0.8333333333333334
0.75
0.24242424242424243
0.2631578947368421
0.2
0.2857142857142857
0.22727272727272727
0.1
0.5
0.0625
0.36363636363636365
0.4
0.6
0.2727272727272727
0.16666666666666666
0.2
0.2857142857142857
0.14285714285714285
0.75
0.4
0.7142857142857143
0.3333333333333333
0.3076923076923077
0.25
0.22727272727272727
0.21428571428571427
0.0
0.2857142857142857
0.21052631578947367
0.5
0.36363636363636365
0.32
0.2727272727272727
0.5714285714285714
0.75
0.6
0.14285714285714285
1.0
0.6666666666666666
0.75
0.6666666666666666
0.375
0.5
0.4
0.4666666666666667
0.75
0.25
0.19047619047619047
0.3333333333333333
0.0
0.3333333333333333
0.5
0.4
0.375
0.5714285714285714
0.3333333333333333
0.21052631578947367
0.8333333333333334
0.4166666666666667
0.14285714285714285
0.26666666666666666
0.6666666666666666
0.6
0.2222222222222222
0.3333333333333333
0.3
0.7142857142857143
0.35
0.25
1.0
0.5
0.12195121951219512
0.25
0.46153846153846156
1.0
0.3888888888888889
0.20833333333333334
0.2857142857142857
0.041666666666666664
0.8333333333333334
0.42857142857142855
0.6
0.3333333333333333
0.12962962962962962
0.2727272727272727
0.1724137931034483
0.22727272727272727
0.625
1.0
0.625
0.3
0.8
0.14285714285714285
1.0
0.0
0.25
0.1875
0.7272727272727273
0.16666666666666666
0.14285714285714285
0.6
0.5
0.875
0.8
0.3
0.3333333333333333
0.2777777777777778
0.8
0.07407407407407407
0.15384615384615385
0.5
0.25
0.8
0.225
0.8
0.5
0.0
0.4
0.2
0.375
1.0
0.3333333333333333
0.7777777777777778
0.75
1.0
0.4666666666666667
0.35294117647058826
0.02857142857142857
0.75
0.4666666666666667
1.0
0.36363636363636365
0.12195121951219512
0.625
0.4
1.0
0.8
0.42857142857142855
0.46153846153846156
0.4
0.21739130434782608
0.25
0.3333333333333333
0.16
0.5
0.09090909090909091
0.6
0.16
0.3333333333333333
0.2962962962962963
0.42857142857142855
0.7
0.6363636363636364
0.5714285714285714
0.2857142857142857
0.3333333333333333
0.5
0.4
0.5
0.9166666666666666
0.25
0.75
0.2962962962962963
0.4
0.09090909090909091
0.3333333333333333
0.3333333333333333
0.4
0.25
0.42857142857142855
0.4
0.6666666666666666
0.4
0.2
0.5
0.18181818181818182
0.3333333333333333
0.3225806451612903
0.25
0.42857142857142855
0.3333333333333333
0.1111111111111111
0.8
0.08
0.5384615384615384
0.6
0.10869565217391304
0.47619047619047616
0.8
0.75
0.46153846153846156
0.125
0.20833333333333334
0.6666666666666666
0.5
0.7272727272727273
0.4444444444444444
0.375
0.3
0.375
0.8
1.0
0.6
0.4
0.5
0.2727272727272727
0.6
1.0
0.0
0.3
0.2
0.36363636363636365
0.18181818181818182
0.12698412698412698
0.3
0.6
0.3333333333333333
0.0
0.4
0.2857142857142857
0.3333333333333333
0.8888888888888888
0.3333333333333333
0.21428571428571427
0.18181818181818182
0.16216216216216217
0.25
0.26666666666666666
0.2
0.5
0.7777777777777778
0.05555555555555555
0.17857142857142858
0.375
0.058823529411764705
0.8333333333333334
0.14285714285714285
0.2857142857142857
0.2222222222222222
0.19047619047619047
1.0
0.2857142857142857
1.0
0.5
0.625
0.21212121212121213
0.2
0.5
0.8
0.6
1.0
0.3
0.13333333333333333
0.06666666666666667
0.3333333333333333
0.35294117647058826
0.8181818181818182
0.25
0.6363636363636364
0.25
0.4
0.5
0.3888888888888889
1.0
0.5
0.7142857142857143
0.0967741935483871
0.8
0.5
0.25
0.8571428571428571
0.5
0.09836065573770492
0.23809523809523808
0.8
0.7142857142857143
0.42857142857142855
0.375
0.2
1.0
0.5
0.21875
0.3333333333333333
0.14285714285714285
0.5
0.6
0.3333333333333333
1.0
0.2222222222222222
0.7142857142857143
0.8
0.6
0.6
0.75
0.23076923076923078
0.5
0.1
0.2
0.2857142857142857
0.7272727272727273
0.4
0.5882352941176471
0.05555555555555555
0.2777777777777778
0.375
0.5833333333333334
0.8333333333333334
0.5
0.42857142857142855
0.1
0.7142857142857143
1.0
0.42857142857142855
0.5
0.14285714285714285
1.0
0.6666666666666666
0.0
0.3333333333333333
0.7142857142857143
0.3
0.6666666666666666
0.3333333333333333
0.5
0.8
0.75
0.8
0.45454545454545453
0.3076923076923077
0.2222222222222222
0.15384615384615385
0.35
1.0
0.25
0.2
0.7692307692307693
0.5555555555555556
0.09523809523809523
0.8333333333333334
0.625
0.15789473684210525
0.6
0.7142857142857143
0.42857142857142855
0.38461538461538464
0.01639344262295082
0.2
0.8
0.5
0.3
0.3333333333333333
0.6666666666666666
0.6
0.7142857142857143
0.45454545454545453
0.28125
0.4444444444444444
0.5
0.5333333333333333
0.2857142857142857
0.6666666666666666
0.14285714285714285
0.2
0.42857142857142855
0.42857142857142855
0.09090909090909091
0.2857142857142857
0.3
0.4444444444444444
0.2857142857142857
0.5
0.36363636363636365
0.2857142857142857
0.4
0.07692307692307693
0.75
0.375
0.1111111111111111
0.75
0.125
0.3333333333333333
0.36363636363636365
0.3
0.42857142857142855
0.7142857142857143
0.42857142857142855
0.2727272727272727
0.42857142857142855
0.07142857142857142
0.6
0.25
0.4
0.0
0.1951219512195122
0.6363636363636364
0.35714285714285715
0.0
0.28
0.16666666666666666
0.0
0.2727272727272727
0.5
0.06896551724137931
0.2857142857142857
0.4
0.125
0.75
0.4166666666666667
0.8333333333333334
0.6666666666666666
0.75
0.26666666666666666
0.5
0.5555555555555556
0.2857142857142857
0.3
0.2
0.2
0.05263157894736842
0.4
0.4
0.6
0.45454545454545453
0.3333333333333333
0.625
0.0
0.875
0.2857142857142857
0.5
0.16666666666666666
0.8333333333333334
0.19444444444444445
0.14285714285714285
0.8333333333333334
1.0
0.42857142857142855
0.0
0.14285714285714285
0.1875
0.75
0.3333333333333333
1.0
0.5714285714285714
0.75
0.2
0.375
0.1016949152542373
0.2857142857142857
0.4166666666666667
0.8
0.22580645161290322
0.6
0.75
0.4444444444444444
0.07017543859649122
0.2
0.16666666666666666
0.5555555555555556
0.75
0.38461538461538464
0.5
0.5
0.1
0.42857142857142855
0.18181818181818182
0.36363636363636365
1.0
0.8
0.6666666666666666
0.25
0.4666666666666667
0.375
0.3
0.5714285714285714
0.3333333333333333
0.18181818181818182
0.4
0.18518518518518517
0.5
0.16666666666666666
0.25
0.1
0.2222222222222222
0.25
0.75
0.15384615384615385
0.45454545454545453
0.2
0.3333333333333333
0.25
0.3333333333333333
0.15
0.5
0.6428571428571429
0.041666666666666664
0.4
0.0963855421686747
0.9230769230769231
0.875
0.46153846153846156
0.25
0.5454545454545454
0.20833333333333334
0.0625
0.1111111111111111
0.15789473684210525
0.2857142857142857
0.55
0.5
0.0
0.375
0.75
0.08823529411764706
0.42105263157894735
0.75
0.375
0.2857142857142857
0.4
0.5
0.13793103448275862
0.5
0.2
0.25
0.1111111111111111
0.6666666666666666
0.6
0.8333333333333334
1.0
0.4
0.7272727272727273
0.6
0.27586206896551724
0.25
0.23076923076923078
0.7
0.6666666666666666
0.16666666666666666
1.0
0.03278688524590164
0.5714285714285714
0.5
0.3157894736842105
0.18181818181818182
0.5714285714285714
0.15384615384615385
0.5
0.26666666666666666
0.6
0.15789473684210525
0.3333333333333333
0.3333333333333333
0.6
0.75
1.0
0.8
0.2222222222222222
0.125
0.16666666666666666
0.4
0.1
0.5454545454545454
0.2
0.7
0.5
0.7142857142857143
0.6111111111111112
0.6666666666666666
1.0
0.3125
0.6
0.6
0.2727272727272727
0.3
0.3
0.42857142857142855
0.25
0.42857142857142855
0.4444444444444444
0.6
0.3333333333333333
0.42857142857142855
0.5
0.25
0.15384615384615385
0.2
0.2727272727272727
0.35714285714285715
0.75
0.0
0.42857142857142855
0.6470588235294118
0.8571428571428571
0.75
0.5555555555555556
0.16666666666666666
0.17647058823529413
0.75
0.125
0.5714285714285714
0.2727272727272727
0.10752688172043011
0.6875
0.14814814814814814
0.09375
0.6
0.2
0.07407407407407407
0.4166666666666667
1.0
0.6666666666666666
0.9
0.8888888888888888
0.6
0.3333333333333333
0.09090909090909091
0.2857142857142857
0.14285714285714285
0.5
0.0
0.18181818181818182
0.1
0.0
0.6
0.3333333333333333
0.0
0.6
0.75
0.4
0.625
0.17647058823529413
0.6666666666666666
0.2
0.5714285714285714
0.25
0.25
0.2
0.2608695652173913
0.5833333333333334
0.25
0.4
0.23076923076923078
1.0
0.3333333333333333
0.8333333333333334
0.5
0.25
0.36363636363636365
0.5714285714285714
0.4
0.020833333333333332
0.375
0.2727272727272727
0.34782608695652173
0.5
0.2222222222222222
0.3076923076923077
0.2857142857142857
0.043478260869565216
0.4117647058823529
0.14285714285714285
0.3333333333333333
0.125
0.2857142857142857
0.8
0.02702702702702703
0.14285714285714285
0.0
0.4
0.2
1.0
0.3333333333333333
0.375
0.0
0.2
0.4444444444444444
0.3157894736842105
0.75
0.3125
0.5714285714285714
0.4
0.5555555555555556
0.3
0.625
0.13333333333333333
0.75
0.4
0.3333333333333333
0.6
0.4666666666666667
0.4
0.2
0.75
0.06944444444444445
0.5714285714285714
0.26666666666666666
0.6
0.6
0.2857142857142857
0.3333333333333333
0.5
0.23684210526315788
0.3333333333333333
0.25
0.5714285714285714
0.6666666666666666
0.5384615384615384
0.13043478260869565
0.8333333333333334
0.0967741935483871
0.5454545454545454
0.375
0.3333333333333333
0.14457831325301204
0.2
0.625
0.5
0.15
0.8181818181818182
0.3125
0.5
0.5
0.15
0.16666666666666666
0.6
0.2
0.6
0.2222222222222222
0.15384615384615385
0.1111111111111111
0.6153846153846154
0.2727272727272727
0.1
0.19047619047619047
0.0
0.16666666666666666
0.17307692307692307
0.125
0.36363636363636365
0.45454545454545453
0.38461538461538464
0.6
0.38461538461538464
1.0
0.2
0.5555555555555556
0.2
0.6
0.08163265306122448
0.75
0.0
0.5454545454545454
0.34782608695652173
0.2727272727272727
0.375
0.6
0.11904761904761904
0.4666666666666667
0.15
0.06060606060606061
0.42857142857142855
0.25
0.625
0.06666666666666667
0.375
0.2857142857142857
0.46153846153846156
0.16666666666666666
0.3076923076923077
0.2
0.2
0.5
0.5714285714285714
0.3
0.9
0.14285714285714285
0.625
0.1875
0.625
0.5
0.4
0.3
0.75
0.4444444444444444
0.42857142857142855
0.16666666666666666
0.15789473684210525
0.2962962962962963
0.26666666666666666
0.6666666666666666
0.4
0.7142857142857143
0.3
0.46153846153846156
1.0
0.25
0.5714285714285714
0.16666666666666666
0.1111111111111111
1.0
1.0
0.4444444444444444
0.13953488372093023
0.3333333333333333
0.6666666666666666
0.14285714285714285
0.14285714285714285
0.42857142857142855
0.2222222222222222
0.2857142857142857
0.25
0.5714285714285714
0.2222222222222222
0.25
0.0
0.16666666666666666
0.1875
0.4117647058823529
0.125
0.1935483870967742
0.041666666666666664
0.2222222222222222
0.3333333333333333
0.07142857142857142
0.3333333333333333
0.2777777777777778
0.8333333333333334
0.2916666666666667
0.375
0.09836065573770492
0.6
0.08695652173913043
0.8333333333333334
0.09375
0.6666666666666666
0.4
0.25
0.30434782608695654
0.2
0.28
0.3333333333333333
0.6666666666666666
0.2777777777777778
0.6666666666666666
0.4
0.26666666666666666
0.42857142857142855
0.09090909090909091
0.34782608695652173
0.125
0.45454545454545453
0.3333333333333333
0.4
0.14285714285714285
0.5
0.14285714285714285
0.75
0.3333333333333333
0.5
0.5
0.25925925925925924
0.2222222222222222
0.3333333333333333
0.6
0.375
0.4
1.0
0.4444444444444444
0.4
0.6666666666666666
0.5384615384615384
0.36
0.75
0.5
0.10869565217391304
0.25
0.16666666666666666
0.4375
0.4
0.36363636363636365
0.25
0.125
0.3333333333333333
0.5384615384615384
0.4
0.0
0.7142857142857143
0.5
0.5555555555555556
0.4
0.4
0.6
0.8
0.0
0.14285714285714285
0.75
1.0
0.15789473684210525
1.0
0.6
0.2
0.6153846153846154
0.5714285714285714
0.25
0.6
0.14285714285714285
0.25
1.0
0.21428571428571427
0.18181818181818182
0.25
0.3333333333333333
0.11764705882352941
0.5
1.0
0.5
0.5
0.35
0.6
0.0
0.1935483870967742
0.2857142857142857
0.5625
0.6666666666666666
0.36363636363636365
0.14285714285714285
0.5
0.375
0.25
0.5833333333333334
0.16666666666666666
0.4117647058823529
0.125
0.05
0.25
0.05263157894736842
0.0
0.4166666666666667
0.2962962962962963
0.35294117647058826
0.391304347826087
0.125
0.16666666666666666
0.7272727272727273
0.11764705882352941
0.4166666666666667
0.0
0.8333333333333334
0.5
0.5
0.7272727272727273
0.25
0.5263157894736842
0.13793103448275862
1.0
0.3333333333333333
1.0
0.03488372093023256
0.5
0.25
0.5
0.0
0.4444444444444444
0.3
0.23076923076923078
0.25
0.08928571428571429
0.3333333333333333
0.42105263157894735
0.6
0.3333333333333333
0.35294117647058826
0.2631578947368421
1.0
0.25
0.6
0.375
0.45454545454545453
0.2
0.2222222222222222
0.8571428571428571
0.1
0.2631578947368421
0.2222222222222222
0.5714285714285714
0.6
0.3
0.42857142857142855
0.5
0.75
0.8333333333333334
0.4
0.25
0.16666666666666666
0.4444444444444444
0.3333333333333333
0.35714285714285715
0.25
0.6666666666666666
0.42857142857142855
0.16326530612244897
0.1
0.25
0.2
0.0
0.3
0.25
0.3181818181818182
0.5714285714285714
0.36363636363636365
0.5
0.06666666666666667
0.2857142857142857
0.25
1.0
0.4
0.3333333333333333
0.5714285714285714
0.3333333333333333
0.5
0.09523809523809523
0.6666666666666666
1.0
0.42857142857142855
0.06666666666666667
0.8
0.4
0.25
0.4
0.07692307692307693
0.25
0.8
1.0
0.06666666666666667
0.42857142857142855
0.3333333333333333
0.7142857142857143
0.625
0.18181818181818182
0.4
0.6
0.16666666666666666
0.125
0.19230769230769232
0.4
0.45454545454545453
0.16666666666666666
0.5
0.16666666666666666
0.25
0.5
0.0625
0.45454545454545453
0.375
0.0
0.6666666666666666
0.8333333333333334
0.3333333333333333
0.375
0.35714285714285715
0.5833333333333334
0.0
0.11538461538461539
0.42857142857142855
0.6470588235294118
0.3333333333333333
0.8333333333333334
1.0
0.8
0.5
0.36363636363636365
0.17857142857142858
0.6
0.6
0.13333333333333333
0.07692307692307693
0.4
0.3333333333333333
0.125
0.3
0.4
0.2
0.25
0.3333333333333333
0.2
0.15
0.6842105263157895
0.5
0.13793103448275862
0.15789473684210525
0.4166666666666667
0.6
0.7
0.6
0.15
0.4
0.4444444444444444
0.25
0.0
0.2
0.5
0.42857142857142855
0.6666666666666666
0.6
0.2
0.5
0.0
1.0
0.14814814814814814
0.29411764705882354
0.125
0.5
0.3333333333333333
0.2727272727272727
0.2
0.4
0.42857142857142855
0.2
0.3684210526315789
1.0
0.5714285714285714
0.4
0.22580645161290322
0.4
0.7142857142857143
0.4
0.75
0.07627118644067797
0.25
0.8
1.0
0.2727272727272727
0.0
0.21428571428571427
0.25
0.25
0.4
0.25
0.3333333333333333
0.7777777777777778
0.8
0.4
0.5
0.0
0.25
0.3
0.4
0.3
0.42857142857142855
1.0
0.8
0.5
0.1
0.5333333333333333
0.2631578947368421
0.21052631578947367
0.75
0.2
0.5
0.6
0.5
0.2
0.5714285714285714
0.3333333333333333
0.24
0.42105263157894735
0.14285714285714285
0.5
0.25
0.42857142857142855
0.14814814814814814
0.4
0.2
0.5
0.3333333333333333
0.3333333333333333
0.35714285714285715
0.3076923076923077
0.8
0.42857142857142855
0.4444444444444444
0.2727272727272727
0.2
0.28125
0.09090909090909091
0.8
0.4117647058823529
0.11764705882352941
0.5714285714285714
0.42857142857142855
0.0
0.5833333333333334
0.6666666666666666
0.4
0.25
0.8571428571428571
0.22727272727272727
1.0
0.5555555555555556
0.6
0.42857142857142855
0.0
0.20588235294117646
0.08571428571428572
0.42857142857142855
0.4166666666666667
0.25
1.0
0.35
0.4
0.7142857142857143
0.6
0.1568627450980392
0.5
0.09090909090909091
0.22727272727272727
0.14285714285714285
0.6
0.26666666666666666
0.3157894736842105
0.4166666666666667
0.2727272727272727
0.19047619047619047
0.3
0.2653061224489796
0.8
0.35
0.2777777777777778
0.8181818181818182
0.16666666666666666
0.3
0.25
0.05555555555555555
0.5555555555555556
0.125
0.42857142857142855
0.8
0.3333333333333333
0.18518518518518517
0.07246376811594203
0.125
0.2857142857142857
0.4444444444444444
0.18181818181818182
0.6
0.10416666666666667
0.75
0.3333333333333333
0.0
0.16666666666666666
0.058823529411764705
0.1956521739130435
0.8
0.2
0.2857142857142857
0.5
0.1
0.2777777777777778
1.0
0.5
0.2857142857142857
0.15384615384615385
0.375
0.42857142857142855
0.0967741935483871
0.26666666666666666
0.6666666666666666
0.3333333333333333
0.15384615384615385
0.25
0.08
0.2
0.5
0.19444444444444445
0.6
0.5
0.5
0.25
0.6
0.25
0.14285714285714285
0.4
0.2857142857142857
0.6818181818181818
0.2857142857142857
0.25
0.25
0.23529411764705882
0.3076923076923077
0.8888888888888888
0.2
0.5454545454545454
0.75
0.5714285714285714
0.2
0.2222222222222222
0.3333333333333333
0.125
0.7142857142857143
0.5
0.21739130434782608
0.25
0.29411764705882354
0.5
0.625
0.36363636363636365
0.6153846153846154
1.0
0.8333333333333334
0.6666666666666666
0.6
0.6666666666666666
0.14285714285714285
0.18181818181818182
0.2857142857142857
0.16666666666666666
0.6666666666666666
1.0
0.1
0.4
0.46153846153846156
0.5454545454545454
0.5
0.26666666666666666
0.6
0.2
0.07142857142857142
0.6666666666666666
0.08333333333333333
0.8
1.0
0.6
0.2857142857142857
0.5
0.2692307692307692
0.6
0.47058823529411764
0.5217391304347826
0.8333333333333334
0.30434782608695654
0.3333333333333333
0.8
0.8
0.7272727272727273
0.26666666666666666
0.2
0.15384615384615385
0.2222222222222222
0.09821428571428571
0.1111111111111111
0.5
0.8333333333333334
0.3
0.5
0.8
0.8571428571428571
1.0
0.5
0.4
1.0
0.5
0.2
0.13043478260869565
0.11904761904761904
0.5
0.28
0.25
0.3333333333333333
0.375
0.5
0.3
0.25
0.13636363636363635
0.2222222222222222
0.2857142857142857
0.42857142857142855
0.1111111111111111
0.13793103448275862
0.4
0.4
0.5
0.5555555555555556
0.4444444444444444
0.75
0.5
0.3
0.3333333333333333
0.6
0.6
0.42857142857142855
0.1
0.2222222222222222
0.2
0.5
0.2222222222222222
0.8
0.5789473684210527
0.625
0.6153846153846154
0.14285714285714285
1.0
0.42857142857142855
0.5
0.0
0.2727272727272727
0.3333333333333333
0.16666666666666666
0.36363636363636365
0.2
0.5
0.75
0.16666666666666666
1.0
0.25
0.1
0.1875
0.6
0.5714285714285714
0.6666666666666666
0.13043478260869565
0.75
0.23529411764705882
0.6666666666666666
0.05263157894736842
0.41935483870967744
0.5
0.3
0.1
0.0
0.16666666666666666
0.3333333333333333
0.0
0.8
0.16666666666666666
0.1
0.16666666666666666
0.0
0.4
0.375
0.6666666666666666
0.09090909090909091
0.2222222222222222
0.7142857142857143
0.5
0.625
0.5
0.2727272727272727
0.0625
0.25
0.4
0.2222222222222222
0.3
0.5
0.25
0.6666666666666666
0.4
0.5555555555555556
0.6
0.2
0.5
0.2727272727272727
0.25
0.47368421052631576
0.5555555555555556
0.2903225806451613
0.5
0.5454545454545454
0.13636363636363635
0.2222222222222222
0.75
0.4
0.4
0.3333333333333333
0.08823529411764706
0.125
0.4
0.8
0.07194244604316546
0.125
0.125
0.4
0.3333333333333333
0.4
0.2857142857142857
0.25
0.4444444444444444
0.14285714285714285
0.8181818181818182
0.2222222222222222
0.3333333333333333
0.4
1.0
0.4166666666666667
0.5
0.0
0.5
0.25
0.75
0.3333333333333333
0.8
0.19298245614035087
0.5
0.2222222222222222
0.14285714285714285
0.2727272727272727
0.15625
0.16666666666666666
0.18181818181818182
0.6666666666666666
0.2857142857142857
0.14285714285714285
0.2
0.1111111111111111
0.25
0.06666666666666667
0.42857142857142855
0.2
0.7
0.16666666666666666
1.0
0.42857142857142855
0.25
0.5
0.0625
1.0
0.35714285714285715
0.16666666666666666
0.2857142857142857
0.5714285714285714
0.11864406779661017
0.14285714285714285
0.5555555555555556
0.8
0.8333333333333334
0.36363636363636365
0.2857142857142857
0.25
0.375
0.5
0.2
0.8
0.35294117647058826
0.4117647058823529
0.09090909090909091
0.2
0.7142857142857143
0.3333333333333333
0.2727272727272727
0.6
0.5
1.0
0.08333333333333333
0.16666666666666666
0.13636363636363635
0.4375
0.4
0.09523809523809523
0.25
0.8
0.22807017543859648
0.4
0.4444444444444444
0.25
0.8333333333333334
0.11940298507462686
0.2857142857142857
0.18181818181818182
0.36363636363636365
0.23076923076923078
0.043478260869565216
0.10714285714285714
1.0
0.09090909090909091
1.0
0.0
0.8333333333333334
0.09090909090909091
0.38461538461538464
0.25
0.29411764705882354
0.3
0.06944444444444445
0.16666666666666666
0.7
0.7142857142857143
0.6666666666666666
0.7142857142857143
0.18181818181818182
0.5
0.6666666666666666
0.08333333333333333
0.8333333333333334
0.5
0.2
0.14285714285714285
0.15384615384615385
0.3157894736842105
0.21428571428571427
1.0
1.0
0.42857142857142855
0.5
0.6666666666666666
0.2
0.3333333333333333
0.08333333333333333
0.8333333333333334
0.3333333333333333
0.125
0.5
0.2222222222222222
1.0
0.5
0.375
0.6666666666666666
0.10714285714285714
0.04
0.6666666666666666
0.4444444444444444
0.4
0.2
0.16666666666666666
0.07407407407407407
0.3157894736842105
0.4
0.4166666666666667
0.1875
0.4
0.4090909090909091
0.4166666666666667
0.8
0.3333333333333333
0.3
0.375
0.2222222222222222
0.4
0.17857142857142858
0.5555555555555556
0.125
0.19230769230769232
0.18181818181818182
0.07692307692307693
0.25925925925925924
0.18181818181818182
0.6666666666666666
0.9285714285714286
0.5
0.125
0.5
0.2857142857142857
0.08333333333333333
0.3333333333333333
0.2631578947368421
0.3333333333333333
0.75
0.3333333333333333
0.5714285714285714
0.07692307692307693
0.30434782608695654
0.6666666666666666
0.6
0.42857142857142855
0.125
0.6428571428571429
0.0
0.7272727272727273
1.0
1.0
0.25
0.4
0.2
0.0
0.375
0.3333333333333333
1.0
0.11764705882352941
0.3333333333333333
0.06451612903225806
0.2857142857142857
0.4
0.1509433962264151
0.5833333333333334
0.13333333333333333
0.5
0.6
0.42857142857142855
0.15
0.6666666666666666
0.6
1.0
0.11363636363636363
0.5
0.38461538461538464
0.5
0.47058823529411764
0.7142857142857143
0.125
0.125
0.0
0.16666666666666666
0.625
0.15384615384615385
1.0
0.45454545454545453
0.4
0.6
0.36363636363636365
0.375
0.6
0.0
0.6
0.8
0.21428571428571427
0.6666666666666666
0.1
0.2
0.8571428571428571
0.0
0.8
0.7692307692307693
0.15384615384615385
0.25
1.0
0.37037037037037035
0.3333333333333333
0.375
0.2
0.5
0.13333333333333333
0.6
0.2
0.22727272727272727
0.3333333333333333
0.3333333333333333
0.25
0.46153846153846156
0.18181818181818182
0.75
0.16666666666666666
0.3333333333333333
0.25
0.14285714285714285
0.3333333333333333
0.5
0.16666666666666666
0.5714285714285714
0.5714285714285714
0.2
0.5
0.3333333333333333
0.5714285714285714
1.0
0.125
1.0
0.6
0.3333333333333333
0.2857142857142857
1.0
0.0
0.5555555555555556
0.3
0.13513513513513514
0.6
0.4444444444444444
0.6666666666666666
0.4
0.2857142857142857
0.625
0.30303030303030304
0.16666666666666666
0.6
0.5
0.4
0.28
0.05555555555555555
0.1111111111111111
0.045454545454545456
0.6666666666666666
0.5
0.18181818181818182
0.3
1.0
0.0
0.3076923076923077
0.75
1.0
0.15384615384615385
0.35294117647058826
0.4666666666666667
0.2857142857142857
0.14285714285714285
0.5454545454545454
0.8888888888888888
0.2857142857142857
0.5
0.3333333333333333
0.6
0.4444444444444444
0.2
1.0
0.0
0.2727272727272727
0.5
0.3333333333333333
0.5714285714285714
0.21428571428571427
0.8571428571428571
0.47619047619047616
0.625
0.6
0.3333333333333333
0.2222222222222222
0.4
0.16666666666666666
0.6666666666666666
0.3333333333333333
0.25
0.0
0.5
0.25
0.6
0.08333333333333333
0.75
0.4166666666666667
0.3333333333333333
0.4444444444444444
1.0
0.6
0.8571428571428571
0.0
0.25
0.08108108108108109
0.18421052631578946
0.625
0.1
0.8
0.24
0.2
0.2857142857142857
0.5
0.10526315789473684
0.5
0.9166666666666666
0.0
0.2903225806451613
0.1
0.6666666666666666
0.20588235294117646
0.13333333333333333
0.18518518518518517
0.25
0.19047619047619047
0.375
0.5384615384615384
0.5555555555555556
0.5
0.06779661016949153
0.3684210526315789
0.5
0.06451612903225806
0.5625
0.75
0.46153846153846156
0.2222222222222222
1.0
0.2777777777777778
0.5
0.375
0.8
0.625
0.7
0.21739130434782608
0.16326530612244897
0.3157894736842105
0.20833333333333334
0.7
0.375
0.08163265306122448
0.5
0.5384615384615384
0.3333333333333333
0.3076923076923077
1.0
0.3
0.8333333333333334
0.5
0.09433962264150944
0.7
0.5
0.3333333333333333
0.14285714285714285
0.75
0.8
0.25
0.22727272727272727
0.7142857142857143
0.3
0.36363636363636365
0.2
0.2857142857142857
0.4
0.25
0.625
1.0
0.8333333333333334
0.12
0.6666666666666666
0.28125
0.3333333333333333
0.2857142857142857
0.35714285714285715
0.75
0.14285714285714285
0.375
0.4
0.5625
0.5238095238095238
0.5
0.5
0.0
0.16666666666666666
0.75
0.5
0.0
0.21052631578947367
0.14285714285714285
0.25
0.4
0.375
1.0
0.6428571428571429
0.875
0.0
0.13333333333333333
0.0
0.5
0.36363636363636365
0.3333333333333333
1.0
0.2631578947368421
0.8
0.25
0.8571428571428571
0.5
0.1875
0.875
0.25
0.3333333333333333
0.125
0.18181818181818182
0.08
0.1111111111111111
0.6666666666666666
0.75
0.5
0.4
0.6666666666666666
0.24
0.05
0.8571428571428571
1.0
0.4090909090909091
0.4
0.1111111111111111
0.6666666666666666
0.2608695652173913
0.3333333333333333
0.1111111111111111
0.2916666666666667
0.5714285714285714
0.42857142857142855
0.2857142857142857
0.4
0.3
0.5
0.3125
0.10714285714285714
0.75
0.03225806451612903
0.3157894736842105
1.0
0.29411764705882354
0.16666666666666666
0.125
0.3333333333333333
0.26666666666666666
0.25
0.4
0.6666666666666666
0.4
0.32
1.0
0.5625
0.75
0.8
0.4375
0.3333333333333333
0.25
0.8333333333333334
0.2777777777777778
0.1935483870967742
0.375
0.4
0.42857142857142855
0.8
0.14285714285714285
0.0
0.4
0.7
0.35294117647058826
0.11764705882352941
0.375
0.625
0.42857142857142855
0.1
0.4444444444444444
0.3333333333333333
0.05263157894736842
0.625
0.3333333333333333
0.4166666666666667
0.6666666666666666
0.42857142857142855
0.16666666666666666
0.125
0.6
0.8
0.5454545454545454
0.0
0.4
0.8571428571428571
0.25
0.18181818181818182
0.875
0.4375
0.25925925925925924
0.25
0.5
0.21052631578947367
0.5
0.25
0.8333333333333334
0.07142857142857142
0.4166666666666667
0.6
0.0
0.375
0.6
0.8333333333333334
0.8333333333333334
0.5384615384615384
0.6
0.4
0.7142857142857143
0.3333333333333333
0.5
0.3333333333333333
0.1
0.2222222222222222
0.6
0.46153846153846156
1.0
1.0
0.9090909090909091
0.5
0.22727272727272727
0.2857142857142857
0.5
0.5
0.42857142857142855
0.6
0.17391304347826086
0.2222222222222222
0.6666666666666666
0.55
0.12
0.5714285714285714
0.5555555555555556
0.42857142857142855
0.4666666666666667
0.2727272727272727
0.5
0.21428571428571427
0.1125
0.42857142857142855
0.14285714285714285
0.3333333333333333
0.2857142857142857
0.6
0.08955223880597014
0.6
0.42857142857142855
0.1875
0.5
0.12903225806451613
0.7142857142857143
0.3076923076923077
0.14285714285714285
0.5
0.26666666666666666
0.1
0.3333333333333333
0.1
0.4117647058823529
0.2857142857142857
0.6666666666666666
0.6
1.0
0.5714285714285714
0.5
0.6666666666666666
0.5454545454545454
0.2857142857142857
0.42857142857142855
0.1
0.16666666666666666
0.375
0.16666666666666666
0.5454545454545454
0.5
0.6
0.5
0.5
0.8
0.5
0.4
0.6666666666666666
0.3103448275862069
0.6
0.5555555555555556
0.21428571428571427
0.07407407407407407
0.5833333333333334
1.0
0.5
0.5
0.42857142857142855
0.8
0.4
0.1111111111111111
0.2
0.75
0.09090909090909091
0.09523809523809523
0.1111111111111111
0.4444444444444444
0.8
0.8
0.5
0.2
0.125
0.36363636363636365
0.5
0.8
0.45454545454545453
0.0
0.625
0.7777777777777778
0.2
0.8
0.5
0.6666666666666666
0.6363636363636364
0.2857142857142857
0.3333333333333333
0.35294117647058826
0.75
0.3333333333333333
1.0
0.4117647058823529
0.36363636363636365
0.09090909090909091
0.7272727272727273
0.6
0.5
0.3076923076923077
0.4
0.5
0.75
0.42857142857142855
0.18181818181818182
0.6666666666666666
0.4375
0.2857142857142857
0.625
0.15
1.0
0.2857142857142857
0.21052631578947367
0.5555555555555556
0.14285714285714285
0.75
0.25
0.14285714285714285
0.17857142857142858
1.0
0.07692307692307693
0.6
0.5714285714285714
0.2727272727272727
0.3333333333333333
0.6
0.8
1.0
0.3076923076923077
0.6
0.08536585365853659
0.30303030303030304
0.28
0.7142857142857143
0.7272727272727273
0.6
0.8
0.2857142857142857
0.23076923076923078
0.75
0.42857142857142855
0.9
0.7777777777777778
0.10869565217391304
0.8571428571428571
0.10344827586206896
0.3333333333333333
0.25
0.25
0.3333333333333333
1.0
0.8333333333333334
0.0
0.34782608695652173
0.15384615384615385
0.0
0.11764705882352941
0.17391304347826086
0.0967741935483871
0.36363636363636365
0.0
0.2
0.2857142857142857
0.2
0.6
0.07692307692307693
0.15384615384615385
0.42105263157894735
0.5
1.0
0.08771929824561403
0.07317073170731707
1.0
0.5714285714285714
0.19607843137254902
0.16279069767441862
0.4
0.2857142857142857
0.01694915254237288
0.2
0.125
0.18181818181818182
0.16666666666666666
0.5
0.25
0.2857142857142857
0.625
0.0
0.2
0.03125
0.14285714285714285
0.8
0.45454545454545453
1.0
0.23529411764705882
0.5
0.5714285714285714
1.0
0.15384615384615385
0.6666666666666666
0.8333333333333334
0.11363636363636363
0.4444444444444444
0.047619047619047616
0.1282051282051282
0.16
0.3333333333333333
0.4
1.0
0.6666666666666666
0.8
0.5
0.0
0.5
0.4
1.0
0.4
0.22727272727272727
0.42857142857142855
0.5
0.45454545454545453
0.10526315789473684
0.29411764705882354
1.0
0.3076923076923077
0.375
0.2857142857142857
0.16666666666666666
0.0
0.4
0.2727272727272727
0.7777777777777778
0.2
0.4
0.2
0.25
1.0
0.10714285714285714
0.1875
0.28205128205128205
0.23076923076923078
0.8
0.11764705882352941
0.2
0.3333333333333333
0.1875
0.3684210526315789
0.5714285714285714
0.0
0.13333333333333333
0.17391304347826086
0.8
0.16666666666666666
0.15625
0.5
0.2857142857142857
0.35294117647058826
0.125
0.625
0.6
0.1111111111111111
0.42857142857142855
0.5
0.6
0.2
0.3
0.6
0.5
0.42857142857142855
0.4
0.7272727272727273
0.4
0.4375
0.5714285714285714
0.5833333333333334
0.42857142857142855
0.4
0.125
0.6153846153846154
0.14705882352941177
0.25
1.0
1.0
0.5714285714285714
0.42857142857142855
0.5
0.5
0.7857142857142857
0.1111111111111111
0.2
0.4166666666666667
0.22727272727272727
0.42857142857142855
0.3333333333333333
0.8
0.5625
1.0
0.2222222222222222
0.75
0.0
0.2
0.6363636363636364
0.5714285714285714
0.5
0.75
0.8
0.42857142857142855
0.0
0.5909090909090909
0.26666666666666666
0.2
0.5714285714285714
0.3333333333333333
0.5
0.1
0.2222222222222222
0.3333333333333333
0.15254237288135594
0.6
0.2
0.16666666666666666
0.2
1.0
0.2727272727272727
0.3888888888888889
0.45454545454545453
0.2857142857142857
0.3
0.06666666666666667
0.4
0.7142857142857143
0.5714285714285714
0.13636363636363635
0.75
0.5
0.8333333333333334
0.0
0.17647058823529413
0.45454545454545453
0.5
0.8333333333333334
1.0
0.38461538461538464
0.6666666666666666
0.6
0.23076923076923078
0.6
0.09615384615384616
0.06666666666666667
0.3333333333333333
0.5
0.6666666666666666
0.2857142857142857
0.75
0.4166666666666667
0.1
0.22727272727272727
0.0
0.6
0.5
0.3333333333333333
0.5294117647058824
1.0
1.0
0.375
0.375
0.45454545454545453
0.23076923076923078
0.16666666666666666
0.8181818181818182
0.1111111111111111
0.6
0.42857142857142855
0.3125
0.5
0.5454545454545454
0.4
0.05970149253731343
0.1
0.4666666666666667
0.5
0.2222222222222222
0.25
0.14285714285714285
0.4
0.1111111111111111
0.5
0.16666666666666666
0.6
0.25
0.3
0.125
0.2608695652173913
0.5714285714285714
0.20833333333333334
0.5384615384615384
0.29411764705882354
0.3333333333333333
0.8
0.25925925925925924
0.875
0.21818181818181817
0.25
0.3333333333333333
1.0
0.15384615384615385
0.35294117647058826
0.45454545454545453
0.3333333333333333
0.17857142857142858
0.3333333333333333
0.0
0.25
0.2857142857142857
0.6
0.15384615384615385
0.4
0.48148148148148145
0.0
0.35714285714285715
0.3076923076923077
0.1111111111111111
0.25
0.5714285714285714
0.5
0.3
0.5
0.6666666666666666
0.2857142857142857
0.1282051282051282
0.37142857142857144
0.6666666666666666
0.2857142857142857
0.75
0.3333333333333333
0.3888888888888889
0.5
0.16666666666666666
0.1111111111111111
0.3333333333333333
0.16666666666666666
0.3333333333333333
0.0
0.3142857142857143
0.42857142857142855
0.3333333333333333
0.25
0.14285714285714285
0.5714285714285714
0.35294117647058826
0.16666666666666666
0.09090909090909091
0.3
0.2857142857142857
0.6
0.375
0.6
0.47058823529411764
0.5714285714285714
0.11320754716981132
0.3076923076923077
0.375
0.5
0.2857142857142857
0.25
0.75
0.23076923076923078
0.14285714285714285
0.14705882352941177
0.2
0.358974358974359
0.2777777777777778
0.1875
0.4
0.07142857142857142
1.0
0.5
0.2857142857142857
0.75
0.375
0.1
0.3333333333333333
0.6
0.16666666666666666
0.3076923076923077
0.8333333333333334
0.2
0.07142857142857142
0.2857142857142857
0.07272727272727272
0.5
0.5
0.14285714285714285
0.42105263157894735
0.5
0.8
0.29411764705882354
0.08333333333333333
0.0
0.20833333333333334
0.2857142857142857
0.18181818181818182
0.8571428571428571
0.4
0.17142857142857143
0.375
0.4166666666666667
0.4
0.2
0.21428571428571427
0.5
0.3333333333333333
0.4
0.25
0.13793103448275862
0.0
0.75
0.2413793103448276
0.6363636363636364
0.07692307692307693
0.2857142857142857
0.7142857142857143
0.16666666666666666
0.4444444444444444
0.5
0.0875
0.5
0.6666666666666666
0.42857142857142855
0.7
0.15789473684210525
0.4
0.5714285714285714
0.1
0.18181818181818182
0.25
0.75
0.3333333333333333
0.5
0.4444444444444444
0.2
0.2857142857142857
0.2727272727272727
0.22448979591836735
0.8
0.2
1.0
0.16666666666666666
0.16
0.7
0.0
0.20833333333333334
0.36363636363636365
0.5
0.05555555555555555
0.2857142857142857
0.20833333333333334
0.5
0.21739130434782608
0.5
0.2857142857142857
0.25
0.5714285714285714
0.25
0.21739130434782608
0.3333333333333333
0.4117647058823529
0.5714285714285714
0.2
0.3333333333333333
0.25
0.25
0.3333333333333333
0.3333333333333333
0.4
0.09090909090909091
0.6
0.1875
0.25
0.6
0.13333333333333333
0.0
0.16666666666666666
1.0
0.0
0.18181818181818182
0.6666666666666666
0.6
0.14285714285714285
0.13636363636363635
0.9166666666666666
0.38461538461538464
0.2857142857142857
0.6666666666666666
0.5
0.029411764705882353
0.8
0.75
0.2
0.2
0.8333333333333334
0.1111111111111111
0.4
0.375
0.2857142857142857
1.0
0.625
0.34615384615384615
0.2857142857142857
0.5
0.2222222222222222
0.17647058823529413
0.18181818181818182
0.6923076923076923
0.25
0.3
0.3125
0.2857142857142857
0.6
0.8333333333333334
0.5
0.5
0.0
0.4666666666666667
0.18181818181818182
0.8
0.1
0.45454545454545453
0.2
0.13333333333333333
0.25
0.11538461538461539
0.5555555555555556
0.0
0.26666666666666666
0.3333333333333333
0.0
0.25
0.5
0.13333333333333333
0.36363636363636365
0.0
1.0
0.6
0.5555555555555556
0.4
0.5
0.16666666666666666
0.4444444444444444
0.15
0.2
0.8
1.0
0.36
0.5
0.4
0.7142857142857143
0.3333333333333333
0.1111111111111111
0.6666666666666666
0.8333333333333334
0.5714285714285714
0.2
0.3333333333333333
0.2222222222222222
0.5
0.25
0.3333333333333333
0.35294117647058826
0.5
0.1111111111111111
0.19047619047619047
0.42857142857142855
0.4444444444444444
0.14285714285714285
0.5
0.29411764705882354
0.2
0.16666666666666666
0.125
0.22857142857142856
0.07692307692307693
0.13725490196078433
0.0
0.0
0.5
0.2972972972972973
0.42857142857142855
0.5714285714285714
0.5
0.38461538461538464
0.25
0.24
0.06666666666666667
1.0
0.1111111111111111
0.4375
0.2
0.5384615384615384
0.5
0.5
0.043478260869565216
0.30303030303030304
0.125
0.8888888888888888
0.05454545454545454
0.75
0.6
0.7142857142857143
0.8333333333333334
0.6666666666666666
0.23684210526315788
0.29411764705882354
0.4444444444444444
0.25
0.8
0.4230769230769231
0.45454545454545453
0.75
0.3333333333333333
0.6
1.0
0.15789473684210525
0.8
0.0
0.1891891891891892
0.42857142857142855
0.5714285714285714
0.7
0.3
0.5333333333333333
0.5333333333333333
0.6
1.0
0.4375
0.25
0.2112676056338028
0.125
0.625
0.4666666666666667
0.4
0.4444444444444444
0.15384615384615385
0.05128205128205128
0.75
0.3333333333333333
0.6666666666666666
0.6
0.18
0.5
0.875
0.4
0.07246376811594203
0.42857142857142855
0.15555555555555556
0.42857142857142855
0.2692307692307692
0.5
0.35714285714285715
0.35714285714285715
0.2894736842105263
0.8
0.0
0.2857142857142857
0.9
0.4
0.8
0.3333333333333333
0.18181818181818182
0.3076923076923077
0.42857142857142855
0.38461538461538464
0.3333333333333333
0.22857142857142856
0.0
0.42857142857142855
0.8888888888888888
0.5
0.6
0.8333333333333334
0.1
0.6
0.23076923076923078
0.9090909090909091
0.3333333333333333
0.5
0.07692307692307693
0.4
0.0967741935483871
0.75
0.25
0.14285714285714285
0.06666666666666667
0.14285714285714285
0.625
0.4166666666666667
0.16666666666666666
0.23529411764705882
0.5
0.625
0.42857142857142855
0.6
0.17647058823529413
0.5
0.8
0.36363636363636365
0.5714285714285714
0.21428571428571427
0.75
0.8
0.10843373493975904
0.5
0.7142857142857143
0.4
0.0
0.4
0.7142857142857143
0.3
0.08333333333333333
0.5
0.0
0.3333333333333333
0.42857142857142855
0.28
0.3333333333333333
0.29411764705882354
0.04
0.8333333333333334
0.2962962962962963
0.0
0.1
0.29411764705882354
0.7
0.8333333333333334
0.14285714285714285
1.0
0.2857142857142857
0.5882352941176471
0.8
0.4642857142857143
0.3333333333333333
0.6
0.5
0.4444444444444444
0.5
0.2
0.20512820512820512
0.375
0.625
0.9285714285714286
0.3548387096774194
0.16666666666666666
0.25
0.14285714285714285
0.3333333333333333
0.5714285714285714
0.5555555555555556
0.3448275862068966
0.11538461538461539
0.044444444444444446
0.2
1.0
0.09090909090909091
0.5
0.5625
0.4
0.375
0.14285714285714285
0.7
0.24242424242424243
0.4
0.2
0.25
0.75
0.15625
0.75
0.2
0.3
0.3125
0.3333333333333333
0.15789473684210525
0.18181818181818182
0.16666666666666666
0.0
0.42857142857142855
0.14285714285714285
0.5
0.35714285714285715
0.17307692307692307
0.08196721311475409
0.75
0.5
0.875
1.0
0.7777777777777778
0.6
0.1
0.11538461538461539
0.0
0.8333333333333334
1.0
0.2857142857142857
0.6
0.14634146341463414
0.3333333333333333
0.5714285714285714
0.8
0.25
0.6666666666666666
0.5333333333333333
0.875
0.36363636363636365
0.75
0.5
0.36363636363636365
0.46153846153846156
0.5
0.46153846153846156
0.2857142857142857
0.5625
0.45454545454545453
0.5
0.6
0.2
0.3333333333333333
0.8333333333333334
0.2222222222222222
0.8
0.15384615384615385
0.5555555555555556
0.26666666666666666
0.2647058823529412
0.36363636363636365
0.23076923076923078
0.6666666666666666
0.1
0.4444444444444444
0.125
0.5714285714285714
0.10714285714285714
0.42857142857142855
0.75
0.35714285714285715
0.25
0.0
0.0
0.3333333333333333
0.5
0.2
0.8
0.5555555555555556
0.3076923076923077
0.16666666666666666
0.2
0.2
0.4782608695652174
0.2857142857142857
0.42857142857142855
0.2631578947368421
1.0
0.2857142857142857
0.07142857142857142
0.2
0.6666666666666666
0.14285714285714285
0.5
0.5
0.4
0.6
0.3157894736842105
0.6
0.8
0.8
0.047619047619047616
0.7142857142857143
0.3333333333333333
0.25
0.8181818181818182
0.42857142857142855
1.0
0.2727272727272727
0.18181818181818182
0.17647058823529413
0.08695652173913043
0.16
0.3888888888888889
0.6
0.35294117647058826
0.3333333333333333
0.2222222222222222
0.5
0.4
0.3333333333333333
0.8181818181818182
0.6
0.3333333333333333
0.07692307692307693
0.0
0.46153846153846156
0.14285714285714285
0.3333333333333333
0.14285714285714285
0.23076923076923078
0.75
1.0
0.2857142857142857
0.5
0.42857142857142855
0.6666666666666666
0.045871559633027525
0.35
0.375
0.625
0.14285714285714285
0.3076923076923077
0.5714285714285714
0.2857142857142857
0.5555555555555556
0.5714285714285714
0.2857142857142857
0.8
0.15789473684210525
0.42857142857142855
0.625
0.2857142857142857
0.16666666666666666
0.3333333333333333
0.1875
0.625
0.3333333333333333
0.06976744186046512
0.06756756756756757
0.8333333333333334
0.45454545454545453
0.2857142857142857
0.625
0.6
0.3333333333333333
0.23809523809523808
0.5555555555555556
0.4
1.0
0.6666666666666666
0.3333333333333333
0.5714285714285714
0.3333333333333333
0.16666666666666666
0.8
0.13636363636363635
0.125
0.2
0.3181818181818182
0.0
0.5714285714285714
0.8
1.0
0.5714285714285714
0.125
0.3333333333333333
0.3333333333333333
0.5
0.2727272727272727
1.0
0.3076923076923077
0.3333333333333333
0.08536585365853659
0.4375
0.8333333333333334
0.6875
0.15
0.0
0.4117647058823529
0.75
0.1875
1.0
0.7777777777777778
1.0
0.41379310344827586
0.2727272727272727
0.6
0.3333333333333333
0.125
0.8
0.25
0.6666666666666666
0.20833333333333334
0.5
0.4
0.19230769230769232
0.5
0.5
0.2
0.125
0.25
0.5454545454545454
0.2
0.2857142857142857
0.4
0.7142857142857143
0.15789473684210525
0.8333333333333334
0.32
0.0
0.8333333333333334
0.6
0.5
0.6666666666666666
0.2857142857142857
0.3
0.75
0.0
0.2
0.3333333333333333
0.6428571428571429
0.22727272727272727
0.6
0.0
0.3
0.25
0.8333333333333334
0.24444444444444444
0.4117647058823529
0.8
0.4
0.0
0.3333333333333333
0.16666666666666666
0.46153846153846156
0.0
0.1590909090909091
0.8
0.2
0.75
0.7142857142857143
0.875
0.3157894736842105
0.5
0.16666666666666666
1.0
0.3333333333333333
0.1
0.3333333333333333
0.2222222222222222
0.2
0.25
0.21739130434782608
0.8888888888888888
0.5
0.25
0.7777777777777778
0.4
0.1111111111111111
0.4444444444444444
0.4
0.1111111111111111
0.16666666666666666
0.75
0.6666666666666666
0.2727272727272727
0.07692307692307693
0.75
0.6666666666666666
0.25
0.3333333333333333
0.45454545454545453
0.0847457627118644
0.5
0.6666666666666666
0.25
0.5333333333333333
0.4
0.5714285714285714
0.8181818181818182
0.14634146341463414
0.11764705882352941
0.5
0.3333333333333333
0.6
0.4
0.2727272727272727
0.3333333333333333
0.47058823529411764
0.14285714285714285
0.6923076923076923
0.2857142857142857
0.5
0.3333333333333333
0.3076923076923077
0.0
0.2
0.2413793103448276
0.6666666666666666
1.0
0.8
0.36363636363636365
0.391304347826087
0.4
0.6666666666666666
0.1875
0.3333333333333333
0.27906976744186046
0.5833333333333334
0.07317073170731707
0.1111111111111111
0.07142857142857142
0.3
0.4
0.4
0.2727272727272727
0.4666666666666667
0.6
0.4444444444444444
1.0
0.3333333333333333
0.8333333333333334
0.5
0.4782608695652174
0.5652173913043478
1.0
0.8333333333333334
0.6
0.3333333333333333
0.4
0.15384615384615385
0.16666666666666666
0.3333333333333333
0.5714285714285714
0.1
0.5
0.6666666666666666
0.42857142857142855
0.3103448275862069
0.2
0.11864406779661017
0.7777777777777778
1.0
1.0
0.5714285714285714
0.2222222222222222
0.3
0.2727272727272727
0.3333333333333333
0.7777777777777778
0.36363636363636365
0.23684210526315788
0.05714285714285714
0.25
0.4444444444444444
0.1111111111111111
1.0
0.5
0.3333333333333333
0.18181818181818182
0.46153846153846156
0.2857142857142857
0.8181818181818182
0.14285714285714285
0.5294117647058824
0.4444444444444444
0.5
0.2222222222222222
0.6666666666666666
0.3333333333333333
0.625
0.8
0.2
0.47058823529411764
0.2857142857142857
0.6
0.125
0.20588235294117646
0.1875
0.09090909090909091
0.8
0.4
0.8888888888888888
0.3333333333333333
0.0
0.2222222222222222
0.3333333333333333
0.1
0.1
0.25
0.5714285714285714
0.2857142857142857
0.2
0.4
0.1875
0.8
0.8333333333333334
0.4
0.5714285714285714
0.45454545454545453
1.0
0.1111111111111111
0.2619047619047619
1.0
0.16666666666666666
0.6
0.2
0.46153846153846156
0.16666666666666666
0.6666666666666666
0.20689655172413793
0.2
0.1111111111111111
0.6666666666666666
0.5
0.5384615384615384
0.20833333333333334
0.0
0.0
0.06896551724137931
0.25
0.5
0.1111111111111111
0.5
0.5714285714285714
0.2
0.21428571428571427
0.2
0.375
0.36363636363636365
0.09523809523809523
0.5294117647058824
0.5555555555555556
0.0
0.7
0.4
0.3333333333333333
0.5
0.75
0.11764705882352941
0.11428571428571428
0.25
0.125
0.45454545454545453
0.38461538461538464
0.75
0.25
0.3333333333333333
0.2
1.0
0.23076923076923078
0.2
0.6666666666666666
0.5384615384615384
1.0
0.2
0.14285714285714285
0.1111111111111111
0.5882352941176471
0.25
0.5714285714285714
0.3181818181818182
0.6
0.3125
0.26666666666666666
0.13333333333333333
0.4
0.08333333333333333
0.09090909090909091
0.4666666666666667
0.16666666666666666
0.3076923076923077
0.2
1.0
0.7777777777777778
0.35714285714285715
0.3076923076923077
0.0
0.1111111111111111
0.6923076923076923
1.0
0.25
0.14285714285714285
0.3333333333333333
0.4
1.0
1.0
0.29411764705882354
0.6
0.16666666666666666
0.5454545454545454
1.0
0.5
0.25
0.125
0.13513513513513514
0.5
0.22580645161290322
0.375
0.0
0.4166666666666667
0.6
0.2
0.25
0.8571428571428571
0.2222222222222222
0.16666666666666666
0.38461538461538464
0.6
0.16666666666666666
0.75
0.4
0.8
0.2857142857142857
0.2
0.14285714285714285
0.2727272727272727
0.5
0.2222222222222222
0.05263157894736842
0.5
0.7272727272727273
0.4117647058823529
0.8
0.17647058823529413
0.2
0.4666666666666667
0.7142857142857143
0.875
0.0
0.2222222222222222
0.35294117647058826
0.56
0.15789473684210525
0.5294117647058824
0.2222222222222222
0.42857142857142855
0.45454545454545453
0.18518518518518517
0.0
0.3333333333333333
0.25
0.391304347826087
0.25
0.6666666666666666
0.15384615384615385
0.4
0.2
0.35714285714285715
0.11764705882352941
1.0
0.22580645161290322
0.5714285714285714
0.10526315789473684
0.5714285714285714
0.6
0.7777777777777778
0.8181818181818182
0.2222222222222222
0.18181818181818182
0.16666666666666666
0.043478260869565216
0.4
0.4
0.10344827586206896
0.3333333333333333
0.4
0.3333333333333333
0.2
0.4
0.1875
1.0
0.5
0.25
0.2
1.0
0.8333333333333334
0.5
0.2
0.22580645161290322
0.42857142857142855
0.7272727272727273
0.8571428571428571
0.2
0.5294117647058824
0.15625
0.25
0.2857142857142857
0.4
0.2857142857142857
0.6
0.11538461538461539
0.8
0.42857142857142855
0.3333333333333333
0.2777777777777778
0.5
0.1
0.2727272727272727
0.2857142857142857
1.0
0.4
0.375
0.16666666666666666
0.16666666666666666
0.2
0.07692307692307693
0.6666666666666666
0.3333333333333333
0.5
1.0
0.3333333333333333
0.16666666666666666
0.2857142857142857
0.6
0.5
0.4
1.0
1.0
0.16666666666666666
0.5
0.8
0.25
0.7142857142857143
0.375
0.5
0.3333333333333333
0.8333333333333334
0.15384615384615385
0.6666666666666666
0.07692307692307693
0.25
0.42857142857142855
0.5
0.2857142857142857
0.75
0.2857142857142857
0.7272727272727273
0.625
0.1
0.25
0.38461538461538464
0.5
0.5
0.4
0.5
0.25
0.5
0.09836065573770492
0.5
0.14285714285714285
0.3333333333333333
0.4166666666666667
0.08080808080808081
0.2
0.3157894736842105
0.29411764705882354
0.7142857142857143
0.3181818181818182
0.2727272727272727
0.0
0.4444444444444444
0.5
0.5
0.35
0.03571428571428571
0.3333333333333333
0.2727272727272727
0.0
0.2
0.2
0.2727272727272727
0.2647058823529412
0.5333333333333333
0.7777777777777778
0.11764705882352941
0.13793103448275862
0.6
0.16666666666666666
0.6
0.3333333333333333
0.2857142857142857
0.2
0.4166666666666667
0.5714285714285714
0.2727272727272727
0.2857142857142857
0.125
0.2608695652173913
0.25
0.7272727272727273
0.2727272727272727
0.42857142857142855
0.26666666666666666
0.6666666666666666
0.6
0.14285714285714285
0.0
0.2962962962962963
1.0
0.375
0.17777777777777778
0.6666666666666666
0.8
0.5
0.3076923076923077
0.8571428571428571
0.07142857142857142
0.18823529411764706
0.8
0.2857142857142857
0.6666666666666666
0.6
0.26666666666666666
0.75
0.2
0.7
0.2
0.8
0.3333333333333333
0.8
0.75
0.4
0.5555555555555556
0.8
0.07017543859649122
0.3888888888888889
0.625
0.4444444444444444
0.16666666666666666
0.11428571428571428
0.25
0.25
0.45454545454545453
0.3333333333333333
0.2
0.5555555555555556
0.8333333333333334
0.1935483870967742
0.1111111111111111
0.4
0.125
0.2
0.36363636363636365
0.4
0.29411764705882354
0.2
0.2857142857142857
0.2857142857142857
0.0
0.6666666666666666
0.2
0.6
0.125
0.8333333333333334
1.0
0.16666666666666666
0.6
0.6
0.5
0.3333333333333333
0.7777777777777778
0.7142857142857143
0.5
0.19047619047619047
0.4444444444444444
0.5
0.3870967741935484
0.4
0.2857142857142857
0.25
