0.375
0.1
0.2
0.5
0.1111111111111111
0.5
0.13333333333333333
0.2222222222222222
0.6666666666666666
0.4
0.05263157894736842
0.16666666666666666
0.26666666666666666
0.375
0.3333333333333333
0.0
0.4444444444444444
0.25
0.16666666666666666
0.07692307692307693
0.16666666666666666
0.5714285714285714
0.125
0.125
0.5
0.4
0.4
0.5
0.029411764705882353
0.2222222222222222
0.12195121951219512
0.5333333333333333
0.42857142857142855
0.16666666666666666
0.4444444444444444
0.8
0.19047619047619047
0.3333333333333333
0.125
0.2
0.26666666666666666
0.5
0.4
0.42857142857142855
0.07692307692307693
0.25
0.75
0.5555555555555556
0.08333333333333333
0.45454545454545453
0.3333333333333333
0.125
0.375
0.4
0.125
0.2
0.75
0.04
0.6
0.1
0.75
0.022222222222222223
0.3
0.0
0.42857142857142855
0.125
0.2
0.23076923076923078
0.14285714285714285
0.2
0.2857142857142857
0.0
0.3333333333333333
0.8
0.14285714285714285
0.125
0.0
0.0
0.5454545454545454
0.5
0.11475409836065574
0.6
0.3333333333333333
0.13333333333333333
0.0
0.125
0.5
0.5
0.4
0.2857142857142857
0.4
1.0
0.0
0.2
0.2222222222222222
0.13043478260869565
0.0
0.15384615384615385
0.6
0.14285714285714285
0.2
0.13333333333333333
0.09090909090909091
0.2
0.2
0.15384615384615385
0.1590909090909091
0.3333333333333333
0.0
0.6666666666666666
0.3333333333333333
0.42857142857142855
0.09090909090909091
0.17647058823529413
0.16666666666666666
0.13636363636363635
0.18181818181818182
0.038461538461538464
0.4444444444444444
0.375
0.14285714285714285
0.4
0.42857142857142855
0.08333333333333333
0.25
0.08695652173913043
0.4
0.08823529411764706
0.09090909090909091
0.07692307692307693
0.14285714285714285
0.08333333333333333
0.14285714285714285
0.0
0.25
0.42857142857142855
0.18181818181818182
0.3333333333333333
0.06976744186046512
0.5454545454545454
0.3
0.15789473684210525
0.42857142857142855
0.14285714285714285
1.0
0.18181818181818182
0.0
0.09090909090909091
0.4
0.14285714285714285
0.21052631578947367
0.3333333333333333
0.0
0.6666666666666666
0.125
0.3125
0.23809523809523808
0.3333333333333333
0.5555555555555556
0.2
0.09836065573770492
0.15789473684210525
0.2
0.5
0.2
0.10344827586206896
0.3333333333333333
0.14285714285714285
0.3333333333333333
0.7
0.4
0.11627906976744186
0.16666666666666666
1.0
0.2857142857142857
0.4
0.3333333333333333
0.09090909090909091
0.2222222222222222
0.26666666666666666
0.5
1.0
0.0
0.5
0.16129032258064516
0.42857142857142855
0.125
0.038461538461538464
0.4
0.23809523809523808
0.06329113924050633
0.2857142857142857
0.6
0.6666666666666666
0.2727272727272727
0.08045977011494253
0.2727272727272727
0.4
0.3333333333333333
0.2
0.2222222222222222
0.16666666666666666
0.1
0.14285714285714285
0.625
0.14285714285714285
0.14285714285714285
0.18421052631578946
0.15789473684210525
0.4
0.3333333333333333
0.125
0.3333333333333333
0.4
0.2857142857142857
0.6666666666666666
0.5
0.0
0.375
0.35714285714285715
0.29411764705882354
0.4
0.5
0.4
0.13157894736842105
0.1111111111111111
0.3333333333333333
0.25
0.35714285714285715
0.17391304347826086
0.2
0.25
0.03225806451612903
0.42857142857142855
0.8333333333333334
0.4
0.45
0.25
0.375
0.2
0.5714285714285714
0.0
0.36363636363636365
0.6923076923076923
0.45454545454545453
0.5454545454545454
0.375
0.3333333333333333
0.14285714285714285
0.16666666666666666
0.3333333333333333
0.4
0.3076923076923077
0.3
0.5454545454545454
0.4
0.5
0.4
1.0
0.25
0.42857142857142855
0.75
0.4
0.29411764705882354
0.1
0.875
0.6
1.0
0.6
0.16666666666666666
0.6666666666666666
0.1111111111111111
0.5384615384615384
0.16666666666666666
0.16666666666666666
0.8333333333333334
0.0
0.1
0.05555555555555555
0.0
0.3
0.35714285714285715
0.8
0.3333333333333333
0.6666666666666666
0.0967741935483871
0.08333333333333333
0.26666666666666666
0.5714285714285714
0.0
0.16666666666666666
0.5
0.2
0.14285714285714285
0.2727272727272727
0.8333333333333334
0.25
0.3333333333333333
0.08695652173913043
0.16666666666666666
0.03333333333333333
0.23809523809523808
0.75
0.6
0.3333333333333333
0.5
0.034482758620689655
0.375
0.16666666666666666
0.2857142857142857
0.1875
0.2
0.75
0.23809523809523808
0.42857142857142855
0.6
0.125
0.3333333333333333
0.14285714285714285
0.8333333333333334
0.4
0.1111111111111111
0.375
0.16666666666666666
0.25
0.0
0.3333333333333333
0.35
0.5
0.75
0.5833333333333334
0.4
0.375
0.046511627906976744
0.0
0.6
0.05263157894736842
1.0
0.5
0.6666666666666666
0.75
0.09523809523809523
0.5
0.14285714285714285
0.0
0.3333333333333333
0.6666666666666666
0.4375
0.2
0.0
0.4
1.0
0.2
0.75
0.6
0.1111111111111111
0.5
0.14285714285714285
0.6
0.25
0.09433962264150944
0.17647058823529413
0.0
0.125
0.25
0.08695652173913043
0.25
0.375
0.16666666666666666
0.11764705882352941
0.14285714285714285
0.2222222222222222
0.2222222222222222
0.16666666666666666
0.6
0.6
0.25
0.05555555555555555
0.0
0.5714285714285714
0.6
0.2222222222222222
0.75
0.6
0.2727272727272727
0.2857142857142857
0.6
0.3
0.42857142857142855
0.3333333333333333
0.3333333333333333
0.08823529411764706
0.8
0.4
0.3333333333333333
0.36363636363636365
0.16666666666666666
0.125
0.21739130434782608
0.2
0.3333333333333333
0.13333333333333333
0.5
0.029411764705882353
0.25
0.25
0.5
0.0
0.42857142857142855
0.2857142857142857
0.4
0.2222222222222222
0.35714285714285715
0.25
0.06382978723404255
0.2222222222222222
0.3333333333333333
0.14285714285714285
0.3333333333333333
0.25
0.4666666666666667
0.5
0.3076923076923077
0.6666666666666666
0.125
0.1111111111111111
0.5714285714285714
0.25
0.125
0.08333333333333333
0.0
0.2
0.45454545454545453
0.3333333333333333
0.13636363636363635
0.5
0.3
0.13636363636363635
0.07142857142857142
0.5
0.5
0.07692307692307693
0.2222222222222222
0.08108108108108109
0.2857142857142857
0.625
0.7142857142857143
0.22727272727272727
0.5
0.1
0.6
0.0
0.2
0.1111111111111111
0.36363636363636365
0.4
0.07142857142857142
0.42857142857142855
0.2727272727272727
0.25
0.5454545454545454
0.6
0.4
0.2777777777777778
0.16216216216216217
0.16666666666666666
0.6
0.3333333333333333
0.25
0.12
0.13333333333333333
0.05555555555555555
0.6666666666666666
0.1111111111111111
0.4
0.23529411764705882
0.375
0.03333333333333333
0.5
0.3076923076923077
0.3157894736842105
0.36363636363636365
0.6
0.5
0.3181818181818182
0.4
0.1
0.21052631578947367
0.16666666666666666
0.2857142857142857
0.3333333333333333
0.16666666666666666
0.3333333333333333
0.75
0.5
0.5555555555555556
0.4
0.42857142857142855
0.2727272727272727
0.6
0.2222222222222222
0.2
0.0625
0.14285714285714285
0.5
0.3333333333333333
0.2857142857142857
0.043478260869565216
0.3333333333333333
0.36363636363636365
0.4
0.26666666666666666
0.5
0.1111111111111111
0.3333333333333333
0.42857142857142855
0.25
0.18181818181818182
0.25
0.8
0.16666666666666666
0.14285714285714285
0.0
0.09090909090909091
0.0
0.25
0.4444444444444444
0.4
0.20833333333333334
0.2
0.375
0.125
0.4
0.3
0.25
0.05263157894736842
0.14285714285714285
0.6
0.10344827586206896
0.5
0.11538461538461539
0.5
0.2857142857142857
0.0784313725490196
0.07317073170731707
0.5454545454545454
0.16666666666666666
0.4
0.2
0.75
0.2727272727272727
0.2727272727272727
0.25
0.42857142857142855
0.2727272727272727
0.15151515151515152
0.14285714285714285
0.21052631578947367
0.4
0.375
0.5714285714285714
0.16666666666666666
0.35714285714285715
0.0
0.06060606060606061
0.4
0.6666666666666666
0.08823529411764706
0.42857142857142855
0.14285714285714285
0.5
0.13333333333333333
0.3333333333333333
0.4
0.2727272727272727
0.3333333333333333
0.46153846153846156
0.2857142857142857
0.2857142857142857
0.8
0.42857142857142855
0.21739130434782608
0.5384615384615384
0.3333333333333333
0.6
0.3333333333333333
0.2857142857142857
0.0
0.3125
0.2
0.4
0.125
0.16666666666666666
0.2727272727272727
0.07692307692307693
0.75
0.6666666666666666
0.0
0.2857142857142857
0.4
0.2857142857142857
0.2777777777777778
0.4
0.125
0.26666666666666666
0.6
0.4
0.5
0.3076923076923077
0.75
0.4166666666666667
0.4
0.6
0.6
0.0
0.25
0.5
0.2
0.15384615384615385
0.3333333333333333
0.3
0.4
0.5
0.5
0.2222222222222222
0.4444444444444444
0.6
0.42857142857142855
0.4
0.2777777777777778
1.0
0.3333333333333333
0.5
0.25
0.0
0.15789473684210525
0.0
0.38461538461538464
0.11538461538461539
0.05405405405405406
0.25
0.17647058823529413
0.6153846153846154
0.7142857142857143
0.20588235294117646
1.0
0.06060606060606061
0.125
0.4
0.5
0.6
0.5714285714285714
0.42857142857142855
0.0
0.15384615384615385
0.4
0.2
0.13333333333333333
0.4
0.18181818181818182
0.4
0.2
0.5
0.25
0.2857142857142857
0.75
0.2
0.2
0.08333333333333333
0.21739130434782608
0.03669724770642202
0.4
0.25
0.6666666666666666
0.0
0.8
0.6
0.125
0.375
0.06666666666666667
0.3
0.75
0.21428571428571427
0.3125
0.4
0.18181818181818182
1.0
0.08163265306122448
0.02564102564102564
0.3333333333333333
0.8571428571428571
0.2
0.1875
0.42857142857142855
0.1
0.2222222222222222
0.5
0.3333333333333333
0.13114754098360656
0.2777777777777778
0.45454545454545453
0.42857142857142855
0.25
0.14285714285714285
0.25
0.5
0.125
0.4
0.2
0.2
0.5714285714285714
0.6
0.4
0.14285714285714285
0.0
0.2222222222222222
0.2631578947368421
0.6
0.0
0.14285714285714285
0.42857142857142855
0.2
0.4
0.8
0.4117647058823529
0.16666666666666666
0.125
0.5
0.19047619047619047
0.8
0.14285714285714285
0.6666666666666666
0.6666666666666666
0.07692307692307693
0.42857142857142855
0.2777777777777778
0.75
0.2222222222222222
0.16666666666666666
0.0
0.6
0.3333333333333333
0.07142857142857142
0.6
0.06060606060606061
0.25
0.2222222222222222
0.2857142857142857
0.15
0.10256410256410256
0.125
0.07575757575757576
0.4
0.16666666666666666
0.5
0.6363636363636364
0.2222222222222222
0.125
0.4
0.36363636363636365
1.0
0.2857142857142857
0.4
0.5
0.16129032258064516
0.5
0.06521739130434782
0.5
0.2777777777777778
0.2608695652173913
0.6666666666666666
0.027624309392265192
0.1
0.09090909090909091
0.5
0.058823529411764705
0.375
0.2857142857142857
0.07407407407407407
0.36363636363636365
0.3333333333333333
0.8
0.25
0.0
0.2857142857142857
0.0
0.25
0.16666666666666666
0.23529411764705882
0.4166666666666667
0.2
0.23076923076923078
0.3
0.09090909090909091
0.25
0.1
0.1111111111111111
0.15384615384615385
0.42857142857142855
0.19047619047619047
0.45454545454545453
0.375
0.2
0.13043478260869565
0.2857142857142857
0.2857142857142857
0.5
0.5
0.5
0.1
0.23076923076923078
0.5
0.1111111111111111
0.375
0.22727272727272727
0.35294117647058826
0.42857142857142855
0.375
0.4
0.13636363636363635
0.8333333333333334
0.3
0.13636363636363635
0.6
0.6666666666666666
0.8
0.2
0.6153846153846154
0.391304347826087
0.3333333333333333
0.2
0.25
0.4166666666666667
0.2222222222222222
0.5
0.13636363636363635
0.6
0.15625
0.375
0.6666666666666666
0.1
0.36363636363636365
0.08571428571428572
0.5
0.5
0.1111111111111111
0.0
0.5
0.3333333333333333
0.42857142857142855
0.5
0.5
0.25
1.0
0.05
0.5714285714285714
0.5714285714285714
0.7
0.16666666666666666
0.4
0.16666666666666666
0.42857142857142855
0.5
0.14285714285714285
0.6
0.5714285714285714
0.16666666666666666
0.16666666666666666
0.125
0.6
0.4
0.3333333333333333
0.11764705882352941
0.75
0.1875
0.75
0.5555555555555556
0.020833333333333332
0.4
0.16666666666666666
0.3333333333333333
0.06956521739130435
0.75
0.3333333333333333
0.1111111111111111
0.42857142857142855
0.14285714285714285
0.5
0.5
0.3125
0.6
0.1111111111111111
0.09090909090909091
0.2727272727272727
0.5
0.10526315789473684
0.5714285714285714
0.6666666666666666
0.42857142857142855
0.6
0.5
0.8
0.35714285714285715
0.16666666666666666
0.16666666666666666
0.4
0.4
0.16666666666666666
0.10344827586206896
0.45
0.25
0.36363636363636365
0.4444444444444444
0.8333333333333334
0.10526315789473684
0.4
0.2
0.0
0.16666666666666666
0.3333333333333333
0.3333333333333333
0.6
0.07142857142857142
0.7
0.5
0.45454545454545453
0.4
0.6
0.15384615384615385
0.4
0.18181818181818182
0.09803921568627451
0.25
0.7142857142857143
0.2857142857142857
0.8
0.16666666666666666
0.5
0.375
0.5
0.19047619047619047
0.0
0.2
0.175
0.043478260869565216
0.4444444444444444
0.42857142857142855
0.375
0.2
0.1875
0.6
0.09090909090909091
0.1
0.2222222222222222
0.625
0.6
0.4444444444444444
1.0
0.375
0.6
0.42857142857142855
0.6
0.2
0.5
0.4
0.8333333333333334
0.6666666666666666
0.13333333333333333
0.16666666666666666
0.8
0.5714285714285714
0.8
0.8
0.6666666666666666
0.3333333333333333
0.125
0.0
0.14285714285714285
0.5
0.2
0.1875
0.09375
0.1
0.0
0.0
0.5
0.16666666666666666
0.5
0.3333333333333333
0.8333333333333334
0.7272727272727273
0.45454545454545453
0.1
0.11904761904761904
0.8
0.02564102564102564
0.2
0.16666666666666666
0.09090909090909091
0.25
0.3333333333333333
0.3333333333333333
0.7272727272727273
0.4
0.2727272727272727
0.375
0.375
0.125
0.6923076923076923
0.35714285714285715
0.041666666666666664
0.75
0.8
0.18181818181818182
0.17142857142857143
0.24
0.4
0.21739130434782608
0.15789473684210525
0.2
0.6666666666666666
0.625
0.4
1.0
0.5
0.4
0.21428571428571427
0.36363636363636365
0.26666666666666666
0.125
0.1111111111111111
0.8
0.0
0.15384615384615385
0.2222222222222222
0.75
0.35294117647058826
0.8333333333333334
0.36363636363636365
0.0
0.4444444444444444
0.3333333333333333
0.17142857142857143
0.75
0.08823529411764706
0.8
0.12
0.625
0.2
0.2
0.3
0.6
0.4
0.14705882352941177
0.5
0.2
0.4375
0.42857142857142855
0.4
0.5
0.5714285714285714
0.6
0.08333333333333333
0.6
0.8333333333333334
1.0
0.75
0.42857142857142855
0.42857142857142855
0.2857142857142857
0.4
0.75
0.5
0.375
0.375
0.4
0.125
0.16666666666666666
0.5
0.375
0.05263157894736842
0.0
0.5
0.14285714285714285
0.8
0.5
0.6
0.16666666666666666
0.2222222222222222
0.35714285714285715
0.0
0.14705882352941177
0.625
0.4
0.25
0.22727272727272727
0.3157894736842105
0.6
0.2
0.2727272727272727
0.6
0.2857142857142857
0.5714285714285714
0.6
0.0
0.3333333333333333
0.3
0.14285714285714285
0.1111111111111111
0.4
0.36363636363636365
1.0
0.4
0.3333333333333333
0.375
0.14285714285714285
0.7
0.3333333333333333
0.05
0.75
0.08333333333333333
0.0
0.5714285714285714
0.5714285714285714
0.7
0.42857142857142855
0.2
0.10526315789473684
0.2
0.5555555555555556
0.3076923076923077
0.14285714285714285
1.0
0.25
0.15151515151515152
0.1111111111111111
0.6
0.3333333333333333
0.0
0.16666666666666666
0.2857142857142857
0.7142857142857143
0.42857142857142855
0.42857142857142855
0.5
0.6
0.3333333333333333
0.1
0.16666666666666666
0.2727272727272727
0.26666666666666666
0.3333333333333333
0.5
0.6
0.2
0.6666666666666666
0.0
0.5
0.5
0.09090909090909091
0.16666666666666666
0.3333333333333333
0.8333333333333334
0.21428571428571427
0.125
0.2727272727272727
0.875
0.125
0.0
1.0
0.4
0.25
0.29411764705882354
0.2857142857142857
0.2222222222222222
0.06666666666666667
0.2777777777777778
1.0
0.25
0.375
0.15384615384615385
0.8333333333333334
0.14814814814814814
0.0
0.4
0.6
0.3333333333333333
0.2
0.14285714285714285
0.021739130434782608
0.4444444444444444
0.42857142857142855
0.36363636363636365
0.4
0.75
0.13157894736842105
0.2
0.19444444444444445
0.6
0.0
0.5
0.375
0.42857142857142855
0.5714285714285714
0.2
0.13333333333333333
0.5
0.3
0.125
1.0
0.5555555555555556
0.3333333333333333
0.16666666666666666
0.75
0.16666666666666666
0.0
0.2
0.5
0.0
0.0
0.25
0.20588235294117646
0.07894736842105263
0.3333333333333333
0.21739130434782608
0.058823529411764705
0.10714285714285714
0.2
0.5714285714285714
0.08571428571428572
0.4117647058823529
0.037037037037037035
0.14285714285714285
0.2
0.3333333333333333
0.0
0.3157894736842105
0.18181818181818182
0.4
0.125
0.11428571428571428
0.18181818181818182
0.028985507246376812
0.35714285714285715
0.10606060606060606
0.5333333333333333
0.2857142857142857
0.13636363636363635
0.5714285714285714
0.027777777777777776
0.0
0.10526315789473684
0.1724137931034483
0.6
0.25
0.2
0.3157894736842105
0.15217391304347827
0.6
0.6
0.25
0.0
0.23076923076923078
0.25
0.5
0.2222222222222222
0.125
0.6428571428571429
0.36363636363636365
0.25
0.25
0.07142857142857142
0.5714285714285714
0.8
0.5
0.25
0.25
0.375
0.19230769230769232
0.25
1.0
0.6
0.3333333333333333
0.25
0.4
0.2
0.06666666666666667
0.17647058823529413
0.5
0.5
0.0
0.42857142857142855
0.2
0.6666666666666666
0.3333333333333333
0.26666666666666666
1.0
0.2857142857142857
0.6
0.75
0.375
0.3076923076923077
0.2608695652173913
0.2
1.0
0.2857142857142857
0.08333333333333333
0.2222222222222222
0.75
0.6666666666666666
0.1590909090909091
0.6
0.4
0.26666666666666666
0.6666666666666666
0.17391304347826086
0.1875
0.5
0.3333333333333333
0.5555555555555556
0.4
0.2
0.3076923076923077
0.13793103448275862
0.25
0.2222222222222222
0.0
0.125
0.2857142857142857
0.3333333333333333
0.6
0.14285714285714285
0.0
0.18181818181818182
0.75
0.2857142857142857
0.25
0.8
0.8
0.13333333333333333
0.125
0.16666666666666666
0.6666666666666666
0.3076923076923077
1.0
0.10526315789473684
0.23529411764705882
0.16666666666666666
0.125
0.75
0.13793103448275862
0.5714285714285714
0.25
0.0
0.16666666666666666
0.2
0.6666666666666666
0.4666666666666667
0.25
0.23076923076923078
0.15
0.17647058823529413
1.0
0.2727272727272727
0.5714285714285714
1.0
0.18181818181818182
0.3333333333333333
0.6
0.5833333333333334
0.6
0.3333333333333333
0.0
0.29411764705882354
0.25
0.2
0.10810810810810811
0.1111111111111111
0.4444444444444444
0.3333333333333333
0.4
0.041666666666666664
0.16666666666666666
0.6
0.42857142857142855
0.42857142857142855
0.25
0.35714285714285715
0.1
0.4
0.42857142857142855
0.2857142857142857
0.10526315789473684
0.09523809523809523
0.7
0.11538461538461539
0.08333333333333333
0.6666666666666666
0.3333333333333333
0.42857142857142855
0.06741573033707865
0.13043478260869565
0.42857142857142855
0.23333333333333334
0.2
0.42857142857142855
0.75
0.23076923076923078
0.4444444444444444
0.16666666666666666
0.08333333333333333
0.25
0.3333333333333333
0.24
0.08333333333333333
0.25
0.35294117647058826
0.42857142857142855
0.3
0.5
0.20689655172413793
1.0
0.75
0.06666666666666667
0.75
0.5
0.3333333333333333
0.8
0.1111111111111111
0.42857142857142855
0.75
0.6666666666666666
0.7272727272727273
0.3
0.5
0.15384615384615385
0.05128205128205128
0.5
0.25
0.25
0.4
0.16666666666666666
0.14285714285714285
0.5
0.3333333333333333
0.08695652173913043
1.0
0.6923076923076923
0.4
0.7142857142857143
0.0
0.3333333333333333
0.7142857142857143
0.3
0.7777777777777778
0.5
0.5
0.8
0.5714285714285714
0.35714285714285715
0.6666666666666666
0.75
0.18181818181818182
0.15789473684210525
0.15
0.2857142857142857
0.13636363636363635
0.1
0.1875
0.0625
0.36363636363636365
0.3333333333333333
0.6
0.18181818181818182
0.16666666666666666
0.13333333333333333
0.2857142857142857
0.0
0.5
0.4
0.42857142857142855
0.26666666666666666
0.3076923076923077
0.25
0.13636363636363635
0.14285714285714285
0.0
0.14285714285714285
0.21052631578947367
0.4166666666666667
0.2727272727272727
0.16
0.18181818181818182
0.42857142857142855
0.5
0.2
0.07142857142857142
0.8
0.5
0.25
0.6666666666666666
0.25
0.4
0.4
0.3333333333333333
0.75
0.25
0.09523809523809523
0.3333333333333333
0.0
0.2
0.5
0.3
0.375
0.21428571428571427
0.2
0.10526315789473684
0.5
0.20833333333333334
0.14285714285714285
0.26666666666666666
0.6666666666666666
0.6
0.2222222222222222
0.26666666666666666
0.2
0.5714285714285714
0.3
0.125
0.75
0.4
0.12195121951219512
0.125
0.46153846153846156
0.6
0.16666666666666666
0.20833333333333334
0.2857142857142857
0.041666666666666664
0.8333333333333334
0.42857142857142855
0.6
0.23809523809523808
0.09259259259259259
0.09090909090909091
0.1724137931034483
0.18181818181818182
0.5
1.0
0.375
0.2
0.7
0.0
0.6666666666666666
0.0
0.25
0.15625
0.5454545454545454
0.16666666666666666
0.14285714285714285
0.4
0.5
0.75
0.8
0.2
0.3333333333333333
0.2777777777777778
0.8
0.037037037037037035
0.1282051282051282
0.16666666666666666
0.1875
0.8
0.175
0.8
0.25
0.0
0.2
0.2
0.25
0.8571428571428571
0.3333333333333333
0.7777777777777778
0.5
0.8571428571428571
0.3333333333333333
0.29411764705882354
0.02857142857142857
0.5
0.3333333333333333
0.8
0.18181818181818182
0.07317073170731707
0.4375
0.4
1.0
0.8
0.14285714285714285
0.23076923076923078
0.4
0.17391304347826086
0.25
0.25
0.04
0.2857142857142857
0.09090909090909091
0.6
0.16
0.23333333333333334
0.18518518518518517
0.35714285714285715
0.4
0.36363636363636365
0.5714285714285714
0.2857142857142857
0.16666666666666666
0.5
0.2
0.5
0.75
0.25
0.75
0.14814814814814814
0.4
0.09090909090909091
0.3333333333333333
0.25
0.3
0.125
0.42857142857142855
0.4
0.6666666666666666
0.4
0.2
0.3333333333333333
0.13636363636363635
0.3333333333333333
0.2903225806451613
0.25
0.2857142857142857
0.3333333333333333
0.08333333333333333
0.4
0.0
0.38461538461538464
0.6
0.10869565217391304
0.3333333333333333
0.8
0.25
0.38461538461538464
0.125
0.08333333333333333
0.5555555555555556
0.45
0.5454545454545454
0.4444444444444444
0.25
0.13333333333333333
0.25
0.6
0.5555555555555556
0.5
0.4
0.5
0.2727272727272727
0.6
1.0
0.0
0.3
0.2
0.2727272727272727
0.09090909090909091
0.07936507936507936
0.3
0.6
0.2222222222222222
0.0
0.4
0.2857142857142857
0.2222222222222222
0.7777777777777778
0.2777777777777778
0.07142857142857142
0.18181818181818182
0.13513513513513514
0.25
0.2
0.2
0.5
0.4444444444444444
0.05555555555555555
0.10714285714285714
0.25
0.058823529411764705
0.8333333333333334
0.07142857142857142
0.14285714285714285
0.16666666666666666
0.19047619047619047
1.0
0.2857142857142857
1.0
0.4166666666666667
0.375
0.21212121212121213
0.2
0.16666666666666666
0.6
0.4
1.0
0.25
0.1
0.06666666666666667
0.16666666666666666
0.23529411764705882
0.6363636363636364
0.25
0.5
0.25
0.4
0.4375
0.2222222222222222
0.6
0.2857142857142857
0.7142857142857143
0.0967741935483871
0.8
0.4444444444444444
0.25
0.8571428571428571
0.4
0.04918032786885246
0.14285714285714285
0.4
0.2857142857142857
0.38095238095238093
0.25
0.2
0.6
0.3333333333333333
0.1875
0.14285714285714285
0.14285714285714285
0.16666666666666666
0.6
0.3333333333333333
0.6
0.2222222222222222
0.5714285714285714
0.8
0.6
0.6
0.75
0.15384615384615385
0.5
0.03333333333333333
0.2
0.2857142857142857
0.6363636363636364
0.3
0.5294117647058824
0.05555555555555555
0.2222222222222222
0.375
0.5833333333333334
0.8333333333333334
0.3333333333333333
0.42857142857142855
0.1
0.42857142857142855
1.0
0.42857142857142855
0.3333333333333333
0.14285714285714285
1.0
0.5
0.0
0.3333333333333333
0.7142857142857143
0.3
0.5
0.3333333333333333
0.5
0.8
0.75
0.6
0.2727272727272727
0.15384615384615385
0.1111111111111111
0.07692307692307693
0.2
0.42857142857142855
0.125
0.2
0.46153846153846156
0.3333333333333333
0.09523809523809523
0.5
0.5
0.13157894736842105
0.4
0.2857142857142857
0.42857142857142855
0.3076923076923077
0.01639344262295082
0.2
0.8
0.3333333333333333
0.3
0.3333333333333333
0.5
0.6
0.42857142857142855
0.36363636363636365
0.15625
0.2777777777777778
0.5
0.3333333333333333
0.21428571428571427
0.6666666666666666
0.14285714285714285
0.2
0.2857142857142857
0.42857142857142855
0.09090909090909091
0.21428571428571427
0.3
0.2222222222222222
0.2857142857142857
0.5
0.3181818181818182
0.21428571428571427
0.2
0.02564102564102564
0.5
0.25
0.07407407407407407
0.75
0.0
0.2222222222222222
0.18181818181818182
0.2
0.42857142857142855
0.5714285714285714
0.42857142857142855
0.2727272727272727
0.42857142857142855
0.047619047619047616
0.3
0.25
0.2
0.0
0.0975609756097561
0.45454545454545453
0.2857142857142857
0.0
0.16
0.16666666666666666
0.0
0.18181818181818182
0.5
0.06896551724137931
0.2857142857142857
0.4
0.125
0.5
0.3333333333333333
0.8333333333333334
0.5
0.25
0.13333333333333333
0.375
0.3333333333333333
0.14285714285714285
0.3
0.1
0.13333333333333333
0.05263157894736842
0.4
0.4
0.5
0.45454545454545453
0.3333333333333333
0.4375
0.0
0.625
0.14285714285714285
0.5
0.16666666666666666
0.6666666666666666
0.1111111111111111
0.14285714285714285
0.8333333333333334
1.0
0.2857142857142857
0.0
0.12244897959183673
0.15625
0.5
0.2222222222222222
0.6
0.2857142857142857
0.75
0.1
0.25
0.06779661016949153
0.2857142857142857
0.25
0.8
0.22580645161290322
0.4
0.75
0.4444444444444444
0.03508771929824561
0.0
0.16666666666666666
0.3333333333333333
0.75
0.23076923076923078
0.5
0.5
0.025
0.42857142857142855
0.09090909090909091
0.2727272727272727
0.5714285714285714
0.6
0.5
0.125
0.3333333333333333
0.375
0.2
0.5
0.16666666666666666
0.18181818181818182
0.4
0.14814814814814814
0.375
0.16666666666666666
0.25
0.1
0.2222222222222222
0.25
0.75
0.07692307692307693
0.36363636363636365
0.2
0.16666666666666666
0.25
0.25
0.1
0.5
0.6428571428571429
0.041666666666666664
0.3333333333333333
0.07228915662650602
0.6153846153846154
0.75
0.46153846153846156
0.25
0.45454545454545453
0.125
0.0625
0.1111111111111111
0.13157894736842105
0.2857142857142857
0.5
0.3
0.0
0.375
0.75
0.08823529411764706
0.2631578947368421
0.75
0.375
0.14285714285714285
0.3
0.3333333333333333
0.0
0.42857142857142855
0.15
0.25
0.1111111111111111
0.6666666666666666
0.3
0.8333333333333334
1.0
0.3
0.5454545454545454
0.4
0.1724137931034483
0.25
0.1346153846153846
0.6
0.3333333333333333
0.16666666666666666
1.0
0.01639344262295082
0.42857142857142855
0.5
0.2631578947368421
0.13636363636363635
0.2857142857142857
0.15384615384615385
0.3333333333333333
0.13333333333333333
0.6
0.10526315789473684
1.0
0.1111111111111111
0.3333333333333333
0.4
0.75
1.0
0.8
0.1111111111111111
0.08928571428571429
0.1111111111111111
0.4
0.0
0.45454545454545453
0.2
0.3
0.16666666666666666
0.7142857142857143
0.2777777777777778
0.5
0.6
0.1875
0.6
0.4
0.2727272727272727
0.1
0.3
0.2857142857142857
0.25
0.2857142857142857
0.2222222222222222
0.6
0.3333333333333333
0.2857142857142857
0.375
0.25
0.15384615384615385
0.2
0.18181818181818182
0.21428571428571427
0.75
0.0
0.42857142857142855
0.35294117647058826
0.5714285714285714
0.75
0.5555555555555556
0.16666666666666666
0.11764705882352941
0.75
0.125
0.42857142857142855
0.18181818181818182
0.06451612903225806
0.375
0.14814814814814814
0.046875
0.6
0.2
0.07407407407407407
0.16666666666666666
0.75
0.5
0.9
0.5555555555555556
0.6
0.25
0.09090909090909091
0.2857142857142857
0.14285714285714285
0.5
0.0
0.18181818181818182
0.1
0.0
0.6
0.1111111111111111
0.0
0.4
0.75
0.3333333333333333
0.375
0.17647058823529413
0.6666666666666666
0.2
0.5714285714285714
0.16666666666666666
0.25
0.2
0.17391304347826086
0.5
0.25
0.2
0.23076923076923078
0.8
0.16666666666666666
0.3333333333333333
0.3333333333333333
0.16666666666666666
0.2727272727272727
0.5714285714285714
0.4
0.020833333333333332
0.25
0.18181818181818182
0.17391304347826086
0.5
0.2222222222222222
0.23076923076923078
0.2857142857142857
0.043478260869565216
0.4117647058823529
0.09523809523809523
0.3333333333333333
0.125
0.2857142857142857
0.8
0.013513513513513514
0.09523809523809523
0.0
0.4
0.2
0.5
0.3333333333333333
0.25
0.0
0.2
0.4444444444444444
0.21052631578947367
0.75
0.1875
0.42857142857142855
0.2
0.5555555555555556
0.3
0.5
0.13333333333333333
0.5
0.4
0.2
0.6
0.3333333333333333
0.2
0.1
0.5
0.041666666666666664
0.42857142857142855
0.13333333333333333
0.6
0.6
0.21428571428571427
0.3333333333333333
0.5
0.15789473684210525
0.3333333333333333
0.25
0.42857142857142855
0.4666666666666667
0.34615384615384615
0.13043478260869565
0.4166666666666667
0.03225806451612903
0.45454545454545453
0.0
0.2777777777777778
0.060240963855421686
0.2
0.625
0.375
0.15
0.5454545454545454
0.25
0.5
0.5
0.1
0.08333333333333333
0.4
0.2
0.5
0.2222222222222222
0.15384615384615385
0.1111111111111111
0.5384615384615384
0.2727272727272727
0.1
0.14285714285714285
0.0
0.125
0.09615384615384616
0.125
0.36363636363636365
0.45454545454545453
0.19230769230769232
0.4
0.15384615384615385
0.8333333333333334
0.13333333333333333
0.2222222222222222
0.2
0.4
0.061224489795918366
0.75
0.0
0.2727272727272727
0.21739130434782608
0.2727272727272727
0.25
0.6
0.07142857142857142
0.3
0.15
0.06060606060606061
0.2857142857142857
0.25
0.375
0.06666666666666667
0.25
0.2857142857142857
0.38461538461538464
0.16666666666666666
0.15384615384615385
0.2
0.2
0.5
0.42857142857142855
0.2
0.7
0.0
0.625
0.1875
0.375
0.25
0.2
0.3
0.75
0.2222222222222222
0.17857142857142858
0.16666666666666666
0.13157894736842105
0.25925925925925924
0.26666666666666666
0.5555555555555556
0.4
0.42857142857142855
0.2
0.23076923076923078
1.0
0.0
0.42857142857142855
0.16666666666666666
0.1111111111111111
0.8571428571428571
0.8333333333333334
0.3333333333333333
0.09302325581395349
0.3333333333333333
0.5
0.14285714285714285
0.14285714285714285
0.42857142857142855
0.1111111111111111
0.2857142857142857
0.25
0.42857142857142855
0.1111111111111111
0.125
0.0
0.0
0.1875
0.29411764705882354
0.125
0.03225806451612903
0.03125
0.2222222222222222
0.3333333333333333
0.03571428571428571
0.3333333333333333
0.2777777777777778
0.8333333333333334
0.16666666666666666
0.25
0.06557377049180328
0.6
0.08695652173913043
0.6666666666666666
0.0625
0.6666666666666666
0.4
0.25
0.21739130434782608
0.2
0.16
0.16666666666666666
0.5
0.2222222222222222
0.6666666666666666
0.4
0.2
0.14285714285714285
0.06818181818181818
0.21739130434782608
0.125
0.36363636363636365
0.3333333333333333
0.2
0.14285714285714285
0.5
0.09523809523809523
0.5
0.3333333333333333
0.3333333333333333
0.4
0.14814814814814814
0.16666666666666666
0.16666666666666666
0.6
0.375
0.2
0.8571428571428571
0.3333333333333333
0.4
0.3333333333333333
0.46153846153846156
0.24
0.75
0.3333333333333333
0.08695652173913043
0.125
0.0
0.4375
0.4
0.2727272727272727
0.16666666666666666
0.125
0.3333333333333333
0.38461538461538464
0.4
0.0
0.5714285714285714
0.5
0.2222222222222222
0.4
0.4
0.6
0.4
0.0
0.14285714285714285
0.75
1.0
0.15789473684210525
1.0
0.4
0.2
0.38461538461538464
0.42857142857142855
0.16666666666666666
0.6
0.11428571428571428
0.25
1.0
0.14285714285714285
0.09090909090909091
0.25
0.3333333333333333
0.11764705882352941
0.3333333333333333
1.0
0.375
0.5
0.2
0.6
0.0
0.1935483870967742
0.14285714285714285
0.25
0.16666666666666666
0.36363636363636365
0.07142857142857142
0.5
0.25
0.25
0.5
0.16666666666666666
0.29411764705882354
0.0
0.05
0.25
0.0
0.0
0.25
0.25925925925925924
0.35294117647058826
0.391304347826087
0.0
0.16666666666666666
0.45454545454545453
0.058823529411764705
0.3333333333333333
0.0
0.8333333333333334
0.3333333333333333
0.5
0.5454545454545454
0.15625
0.2631578947368421
0.13793103448275862
1.0
0.16666666666666666
1.0
0.03488372093023256
0.5
0.25
0.3333333333333333
0.0
0.2222222222222222
0.3
0.23076923076923078
0.25
0.017857142857142856
0.26666666666666666
0.3157894736842105
0.6
0.25
0.23529411764705882
0.10526315789473684
1.0
0.25
0.6
0.375
0.18181818181818182
0.2
0.16666666666666666
0.6428571428571429
0.1
0.15789473684210525
0.2222222222222222
0.42857142857142855
0.6
0.2
0.2857142857142857
0.5
0.375
0.6666666666666666
0.3333333333333333
0.16666666666666666
0.16666666666666666
0.3333333333333333
0.3333333333333333
0.2857142857142857
0.16666666666666666
0.5
0.42857142857142855
0.12244897959183673
0.1
0.25
0.06666666666666667
0.0
0.1
0.25
0.22727272727272727
0.2857142857142857
0.2727272727272727
0.4166666666666667
0.03333333333333333
0.14285714285714285
0.125
0.875
0.4
0.2222222222222222
0.21428571428571427
0.3333333333333333
0.5
0.09523809523809523
0.5333333333333333
0.6666666666666666
0.42857142857142855
0.06666666666666667
0.8
0.4
0.25
0.4
0.07692307692307693
0.25
0.8
1.0
0.06666666666666667
0.42857142857142855
0.3333333333333333
0.42857142857142855
0.5
0.18181818181818182
0.4
0.6
0.16666666666666666
0.0625
0.11538461538461539
0.4
0.2727272727272727
0.16666666666666666
0.5
0.0
0.125
0.375
0.0625
0.22727272727272727
0.375
0.0
0.5
0.5833333333333334
0.25
0.375
0.21428571428571427
0.5
0.0
0.07692307692307693
0.42857142857142855
0.4117647058823529
0.3333333333333333
0.8333333333333334
0.7142857142857143
0.8
0.3
0.2727272727272727
0.07142857142857142
0.4
0.6
0.13333333333333333
0.03076923076923077
0.4
0.3333333333333333
0.125
0.25
0.4
0.2
0.25
0.2222222222222222
0.2
0.1
0.47368421052631576
0.4166666666666667
0.10344827586206896
0.07894736842105263
0.4166666666666667
0.6
0.6
0.4
0.125
0.2
0.3333333333333333
0.25
0.0
0.2
0.25
0.42857142857142855
0.6666666666666666
0.6
0.1
0.3333333333333333
0.0
1.0
0.07407407407407407
0.23529411764705882
0.125
0.25
0.2222222222222222
0.2727272727272727
0.2
0.4
0.42857142857142855
0.2
0.21052631578947367
0.8
0.42857142857142855
0.4
0.1935483870967742
0.4
0.6428571428571429
0.4
0.75
0.0423728813559322
0.25
0.8
1.0
0.18181818181818182
0.0
0.21428571428571427
0.16666666666666666
0.25
0.4
0.25
0.2222222222222222
0.7777777777777778
0.6
0.4
0.3
0.0
0.16666666666666666
0.15
0.4
0.3
0.2857142857142857
0.625
0.8
0.375
0.1
0.4
0.10526315789473684
0.21052631578947367
0.5833333333333334
0.2
0.5
0.4
0.5
0.0
0.42857142857142855
0.3333333333333333
0.08
0.21052631578947367
0.14285714285714285
0.5
0.25
0.42857142857142855
0.1111111111111111
0.4
0.2
0.5
0.3333333333333333
0.3333333333333333
0.35714285714285715
0.15384615384615385
0.8
0.2857142857142857
0.2222222222222222
0.18181818181818182
0.2
0.1875
0.09090909090909091
0.8
0.29411764705882354
0.11764705882352941
0.42857142857142855
0.2857142857142857
0.0
0.4166666666666667
0.6666666666666666
0.4
0.16666666666666666
0.2857142857142857
0.22727272727272727
0.8333333333333334
0.3333333333333333
0.5
0.2857142857142857
0.0
0.17647058823529413
0.08571428571428572
0.2857142857142857
0.4166666666666667
0.25
1.0
0.15
0.4
0.42857142857142855
0.4
0.09803921568627451
0.3333333333333333
0.09090909090909091
0.22727272727272727
0.14285714285714285
0.6
0.26666666666666666
0.21052631578947367
0.4166666666666667
0.13636363636363635
0.14285714285714285
0.25
0.14285714285714285
0.8
0.35
0.2222222222222222
0.6363636363636364
0.16666666666666666
0.3
0.125
0.041666666666666664
0.4444444444444444
0.08333333333333333
0.42857142857142855
0.8
0.3333333333333333
0.1111111111111111
0.043478260869565216
0.08333333333333333
0.2857142857142857
0.2222222222222222
0.18181818181818182
0.6
0.0625
0.625
0.3333333333333333
0.0
0.16666666666666666
0.058823529411764705
0.10869565217391304
0.8
0.2
0.14285714285714285
0.5
0.1
0.2222222222222222
1.0
0.5
0.2857142857142857
0.07692307692307693
0.25
0.42857142857142855
0.043010752688172046
0.2
0.3333333333333333
0.16666666666666666
0.07692307692307693
0.25
0.08
0.125
0.5
0.1388888888888889
0.5
0.5
0.5
0.25
0.4
0.125
0.14285714285714285
0.4
0.23809523809523808
0.36363636363636365
0.14285714285714285
0.25
0.25
0.17647058823529413
0.3076923076923077
0.5555555555555556
0.2
0.5454545454545454
0.75
0.42857142857142855
0.2
0.2222222222222222
0.19047619047619047
0.125
0.5714285714285714
0.5
0.08695652173913043
0.15
0.23529411764705882
0.5
0.625
0.2727272727272727
0.3076923076923077
1.0
0.6666666666666666
0.6666666666666666
0.5
0.6666666666666666
0.14285714285714285
0.18181818181818182
0.2857142857142857
0.08333333333333333
0.6666666666666666
1.0
0.1
0.4
0.38461538461538464
0.45454545454545453
0.5
0.2
0.6
0.2
0.023809523809523808
0.5555555555555556
0.08333333333333333
0.4
1.0
0.6
0.2857142857142857
0.5
0.2692307692307692
0.6
0.47058823529411764
0.30434782608695654
0.8333333333333334
0.2608695652173913
0.2222222222222222
0.8
0.4
0.6363636363636364
0.2
0.2
0.07692307692307693
0.2222222222222222
0.07142857142857142
0.1111111111111111
0.5
0.5
0.3
0.5
0.8
0.7142857142857143
1.0
0.5
0.2
0.75
0.3333333333333333
0.2
0.08695652173913043
0.07142857142857142
0.5
0.28
0.15
0.18518518518518517
0.125
0.5
0.2
0.25
0.13636363636363635
0.1111111111111111
0.2857142857142857
0.42857142857142855
0.044444444444444446
0.10344827586206896
0.4
0.2
0.5
0.3333333333333333
0.2222222222222222
0.75
0.5
0.3
0.16666666666666666
0.6
0.3
0.2857142857142857
0.1
0.2222222222222222
0.1
0.5
0.2222222222222222
0.8
0.5263157894736842
0.5
0.38461538461538464
0.14285714285714285
0.3333333333333333
0.42857142857142855
0.5
0.0
0.2727272727272727
0.3333333333333333
0.16666666666666666
0.2727272727272727
0.2
0.3333333333333333
0.5
0.16666666666666666
1.0
0.16666666666666666
0.1
0.1875
0.6
0.42857142857142855
0.5
0.13043478260869565
0.5
0.23529411764705882
0.5
0.05263157894736842
0.22580645161290322
0.5
0.2
0.1
0.0
0.16666666666666666
0.3333333333333333
0.0
0.8
0.16666666666666666
0.1
0.16666666666666666
0.0
0.4
0.375
0.3333333333333333
0.0
0.2222222222222222
0.42857142857142855
0.42857142857142855
0.5
0.25
0.2727272727272727
0.03125
0.25
0.4
0.18518518518518517
0.3
0.5
0.25
0.6666666666666666
0.4
0.4444444444444444
0.6
0.2
0.3333333333333333
0.18181818181818182
0.125
0.3684210526315789
0.5555555555555556
0.1935483870967742
0.3333333333333333
0.45454545454545453
0.09090909090909091
0.2222222222222222
0.5
0.4
0.2
0.3333333333333333
0.029411764705882353
0.125
0.4
0.8
0.050359712230215826
0.125
0.125
0.4
0.3333333333333333
0.2
0.2857142857142857
0.16666666666666666
0.4444444444444444
0.14285714285714285
0.6363636363636364
0.16666666666666666
0.3333333333333333
0.2
1.0
0.3333333333333333
0.5
0.0
0.5
0.25
0.75
0.3333333333333333
0.8
0.12280701754385964
0.375
0.2222222222222222
0.14285714285714285
0.2727272727272727
0.125
0.08333333333333333
0.18181818181818182
0.5
0.2857142857142857
0.0
0.2
0.1111111111111111
0.25
0.022222222222222223
0.2857142857142857
0.2
0.6
0.16666666666666666
1.0
0.2857142857142857
0.25
0.5
0.0625
0.75
0.17857142857142858
0.125
0.2857142857142857
0.14285714285714285
0.1016949152542373
0.14285714285714285
0.3333333333333333
0.8
0.3333333333333333
0.2727272727272727
0.2857142857142857
0.25
0.25
0.375
0.2
0.6
0.23529411764705882
0.35294117647058826
0.09090909090909091
0.2
0.42857142857142855
0.3333333333333333
0.2727272727272727
0.6
0.5
1.0
0.08333333333333333
0.16666666666666666
0.11363636363636363
0.3125
0.3
0.07142857142857142
0.25
0.8
0.12280701754385964
0.4
0.4444444444444444
0.16666666666666666
0.6666666666666666
0.07462686567164178
0.2857142857142857
0.18181818181818182
0.2727272727272727
0.23076923076923078
0.0
0.10714285714285714
1.0
0.09090909090909091
1.0
0.0
0.8333333333333334
0.09090909090909091
0.38461538461538464
0.16666666666666666
0.17647058823529413
0.2
0.034722222222222224
0.16666666666666666
0.5
0.42857142857142855
0.5
0.5714285714285714
0.13636363636363635
0.5
0.6666666666666666
0.08333333333333333
0.5
0.5
0.2
0.14285714285714285
0.15384615384615385
0.21052631578947367
0.21428571428571427
1.0
1.0
0.42857142857142855
0.5
0.5555555555555556
0.1
0.3333333333333333
0.05555555555555555
0.8333333333333334
0.1111111111111111
0.125
0.5
0.08333333333333333
0.75
0.3125
0.125
0.6666666666666666
0.07142857142857142
0.04
0.6666666666666666
0.2777777777777778
0.4
0.17777777777777778
0.16666666666666666
0.05555555555555555
0.15789473684210525
0.4
0.3333333333333333
0.10416666666666667
0.2
0.3181818181818182
0.25
0.6
0.2222222222222222
0.175
0.375
0.1111111111111111
0.3333333333333333
0.14285714285714285
0.5555555555555556
0.125
0.11538461538461539
0.0
0.07692307692307693
0.1111111111111111
0.09090909090909091
0.6666666666666666
0.42857142857142855
0.3333333333333333
0.125
0.375
0.2857142857142857
0.08333333333333333
0.16666666666666666
0.15789473684210525
0.3333333333333333
0.75
0.3333333333333333
0.5714285714285714
0.07692307692307693
0.2608695652173913
0.5555555555555556
0.6
0.42857142857142855
0.125
0.35714285714285715
0.0
0.6363636363636364
0.8
0.8888888888888888
0.1875
0.4
0.0
0.0
0.25
0.3333333333333333
1.0
0.11764705882352941
0.3333333333333333
0.06451612903225806
0.2857142857142857
0.4
0.09433962264150944
0.25
0.13333333333333333
0.5
0.6
0.42857142857142855
0.15
0.6666666666666666
0.6
1.0
0.06818181818181818
0.125
0.3076923076923077
0.3333333333333333
0.35294117647058826
0.5714285714285714
0.125
0.125
0.0
0.16666666666666666
0.5
0.15384615384615385
1.0
0.45454545454545453
0.4
0.6
0.18181818181818182
0.3125
0.6
0.0
0.6
0.4
0.0
0.6666666666666666
0.1
0.2
0.7142857142857143
0.0
0.8
0.38461538461538464
0.15384615384615385
0.25
1.0
0.18518518518518517
0.16666666666666666
0.25
0.2
0.5
0.06666666666666667
0.4
0.2
0.13636363636363635
0.16666666666666666
0.2222222222222222
0.125
0.38461538461538464
0.06060606060606061
0.5
0.16666666666666666
0.26666666666666666
0.25
0.07142857142857142
0.25925925925925924
0.25
0.16666666666666666
0.5714285714285714
0.42857142857142855
0.1
0.5
0.3333333333333333
0.5714285714285714
1.0
0.125
0.8333333333333334
0.6
0.16666666666666666
0.2857142857142857
0.8
0.0
0.2222222222222222
0.3
0.08108108108108109
0.6
0.4444444444444444
0.6666666666666666
0.4
0.0
0.625
0.21212121212121213
0.0
0.4
0.3333333333333333
0.2
0.24
0.05555555555555555
0.1111111111111111
0.045454545454545456
0.6666666666666666
0.5
0.0
0.2
1.0
0.0
0.23076923076923078
0.5
1.0
0.15384615384615385
0.29411764705882354
0.3333333333333333
0.14285714285714285
0.08571428571428572
0.45454545454545453
0.7777777777777778
0.14285714285714285
0.3333333333333333
0.3333333333333333
0.6
0.3333333333333333
0.2
1.0
0.0
0.2727272727272727
0.375
0.3333333333333333
0.42857142857142855
0.21428571428571427
0.8571428571428571
0.2857142857142857
0.625
0.4
0.3333333333333333
0.2222222222222222
0.4
0.16666666666666666
0.6666666666666666
0.2222222222222222
0.0
0.0
0.5
0.125
0.6
0.0
0.5
0.25
0.3333333333333333
0.2222222222222222
0.6666666666666666
0.6
0.7142857142857143
0.0
0.10714285714285714
0.05405405405405406
0.07894736842105263
0.625
0.1
0.8
0.2
0.125
0.2857142857142857
0.375
0.05263157894736842
0.5
0.75
0.0
0.22580645161290322
0.0
0.6666666666666666
0.20588235294117646
0.13333333333333333
0.1111111111111111
0.1875
0.19047619047619047
0.20833333333333334
0.38461538461538464
0.3333333333333333
0.5
0.01694915254237288
0.15789473684210525
0.25
0.03225806451612903
0.375
0.75
0.3076923076923077
0.1111111111111111
0.8
0.16666666666666666
0.5
0.375
0.6
0.625
0.6
0.08695652173913043
0.08163265306122448
0.21052631578947367
0.20833333333333334
0.4
0.25
0.02040816326530612
0.5
0.15384615384615385
0.25
0.2692307692307692
1.0
0.3
0.8333333333333334
0.5
0.05660377358490566
0.5
0.25
0.16666666666666666
0.0
0.75
0.6
0.125
0.18181818181818182
0.7142857142857143
0.2
0.2727272727272727
0.0
0.14285714285714285
0.2
0.125
0.5
0.75
0.5
0.08
0.6666666666666666
0.125
0.16666666666666666
0.2857142857142857
0.35714285714285715
0.75
0.0
0.375
0.2
0.5625
0.3333333333333333
0.4166666666666667
0.35714285714285715
0.0
0.05555555555555555
0.75
0.25
0.0
0.15789473684210525
0.14285714285714285
0.1
0.4
0.375
0.875
0.35714285714285715
0.75
0.0
0.06666666666666667
0.0
0.5
0.18181818181818182
0.3333333333333333
0.8333333333333334
0.15789473684210525
0.6
0.16666666666666666
0.2857142857142857
0.5
0.1875
0.875
0.25
0.3333333333333333
0.09375
0.18181818181818182
0.08
0.1111111111111111
0.5
0.75
0.375
0.4
0.5
0.16
0.03333333333333333
0.7142857142857143
0.75
0.2727272727272727
0.2
0.0
0.6666666666666666
0.2608695652173913
0.3333333333333333
0.1111111111111111
0.25
0.35714285714285715
0.42857142857142855
0.14285714285714285
0.4
0.2
0.3333333333333333
0.125
0.03571428571428571
0.75
0.03225806451612903
0.2631578947368421
0.875
0.20588235294117646
0.16666666666666666
0.125
0.2222222222222222
0.06666666666666667
0.25
0.2
0.5
0.2
0.24
0.6363636363636364
0.4375
0.5
0.8
0.3125
0.2222222222222222
0.125
0.5
0.16666666666666666
0.12903225806451613
0.25
0.4
0.42857142857142855
0.6
0.0
0.0
0.4
0.6
0.23529411764705882
0.058823529411764705
0.375
0.625
0.2857142857142857
0.05714285714285714
0.3888888888888889
0.3333333333333333
0.03508771929824561
0.375
0.3333333333333333
0.3333333333333333
0.5555555555555556
0.35714285714285715
0.16666666666666666
0.09722222222222222
0.4
0.6
0.45454545454545453
0.0
0.4
0.7142857142857143
0.25
0.18181818181818182
0.875
0.1875
0.18518518518518517
0.125
0.5
0.15789473684210525
0.5
0.17857142857142858
0.8333333333333334
0.07142857142857142
0.4166666666666667
0.6
0.0
0.25
0.6
0.5
0.6666666666666666
0.3076923076923077
0.4
0.4
0.7142857142857143
0.16666666666666666
0.3333333333333333
0.25
0.0
0.1111111111111111
0.6
0.38461538461538464
1.0
0.4
0.5454545454545454
0.5
0.22727272727272727
0.23809523809523808
0.5
0.16666666666666666
0.2857142857142857
0.4
0.08695652173913043
0.2222222222222222
0.6666666666666666
0.3
0.08
0.5714285714285714
0.4444444444444444
0.2857142857142857
0.4
0.21212121212121213
0.3333333333333333
0.21428571428571427
0.0875
0.2857142857142857
0.14285714285714285
0.3333333333333333
0.2857142857142857
0.6
0.05970149253731343
0.6
0.2857142857142857
0.1875
0.35714285714285715
0.07526881720430108
0.42857142857142855
0.3076923076923077
0.14285714285714285
0.25
0.13333333333333333
0.1
0.26666666666666666
0.025
0.4117647058823529
0.17857142857142858
0.5
0.6
0.5833333333333334
0.42857142857142855
0.25
0.5833333333333334
0.45454545454545453
0.2857142857142857
0.2857142857142857
0.1
0.16666666666666666
0.25
0.16666666666666666
0.45454545454545453
0.5
0.6
0.3333333333333333
0.4
0.8
0.5
0.4
0.5555555555555556
0.2413793103448276
0.4
0.4444444444444444
0.21428571428571427
0.037037037037037035
0.5833333333333334
1.0
0.5
0.5
0.2857142857142857
0.6
0.4
0.1111111111111111
0.13333333333333333
0.75
0.06060606060606061
0.047619047619047616
0.07407407407407407
0.4444444444444444
0.8
0.6
0.25
0.0
0.125
0.2727272727272727
0.3333333333333333
0.8
0.45454545454545453
0.0
0.625
0.5555555555555556
0.2
0.8
0.5
0.5833333333333334
0.36363636363636365
0.21428571428571427
0.3333333333333333
0.29411764705882354
0.75
0.3333333333333333
1.0
0.23529411764705882
0.36363636363636365
0.06060606060606061
0.36363636363636365
0.6
0.375
0.23076923076923078
0.4
0.4166666666666667
0.75
0.14285714285714285
0.18181818181818182
0.6666666666666666
0.3125
0.2857142857142857
0.375
0.15
1.0
0.2857142857142857
0.15789473684210525
0.5555555555555556
0.14285714285714285
0.75
0.25
0.14285714285714285
0.14285714285714285
1.0
0.07692307692307693
0.6
0.42857142857142855
0.2727272727272727
0.3333333333333333
0.4
0.6
0.6
0.11538461538461539
0.4
0.04878048780487805
0.15151515151515152
0.24
0.42857142857142855
0.45454545454545453
0.6
0.6
0.14285714285714285
0.15384615384615385
0.75
0.14285714285714285
0.8
0.6666666666666666
0.08695652173913043
0.7142857142857143
0.034482758620689655
0.25
0.25
0.25
0.23809523809523808
0.8
0.8333333333333334
0.0
0.30434782608695654
0.15384615384615385
0.0
0.11764705882352941
0.17391304347826086
0.0967741935483871
0.2727272727272727
0.0
0.2
0.2857142857142857
0.2
0.6
0.07692307692307693
0.15384615384615385
0.3157894736842105
0.5
0.7142857142857143
0.05263157894736842
0.07317073170731707
1.0
0.42857142857142855
0.09803921568627451
0.11627906976744186
0.4
0.14285714285714285
0.01694915254237288
0.2
0.125
0.11363636363636363
0.16666666666666666
0.5
0.25
0.14285714285714285
0.5
0.0
0.11428571428571428
0.03125
0.14285714285714285
0.6
0.45454545454545453
0.8
0.17647058823529413
0.5
0.21428571428571427
1.0
0.15384615384615385
0.3333333333333333
0.8333333333333334
0.06818181818181818
0.2222222222222222
0.047619047619047616
0.10256410256410256
0.12
0.3333333333333333
0.4
0.8333333333333334
0.5
0.8
0.5
0.0
0.5
0.4
1.0
0.2
0.22727272727272727
0.42857142857142855
0.5
0.2727272727272727
0.07017543859649122
0.29411764705882354
0.8
0.15384615384615385
0.375
0.2857142857142857
0.16666666666666666
0.0
0.28
0.2727272727272727
0.6666666666666666
0.2
0.2
0.2
0.25
0.45454545454545453
0.03571428571428571
0.1875
0.15384615384615385
0.15384615384615385
0.6
0.11764705882352941
0.13333333333333333
0.2222222222222222
0.125
0.21052631578947367
0.5714285714285714
0.0
0.13333333333333333
0.13043478260869565
0.8
0.16666666666666666
0.125
0.5
0.14285714285714285
0.23529411764705882
0.125
0.5
0.6
0.1111111111111111
0.2857142857142857
0.4
0.6
0.2
0.3
0.4
0.5
0.2857142857142857
0.4
0.5454545454545454
0.2
0.25
0.5714285714285714
0.5
0.23809523809523808
0.4
0.041666666666666664
0.3076923076923077
0.08823529411764706
0.25
1.0
0.8333333333333334
0.42857142857142855
0.2857142857142857
0.5
0.2857142857142857
0.7142857142857143
0.1111111111111111
0.2
0.3333333333333333
0.13636363636363635
0.42857142857142855
0.3333333333333333
0.4
0.375
0.8
0.2222222222222222
0.5833333333333334
0.0
0.2
0.6363636363636364
0.42857142857142855
0.375
0.75
0.6
0.21428571428571427
0.0
0.36363636363636365
0.26666666666666666
0.2
0.35714285714285715
0.3333333333333333
0.3181818181818182
0.0
0.2222222222222222
0.16666666666666666
0.1016949152542373
0.6
0.2
0.16666666666666666
0.13333333333333333
0.8
0.22727272727272727
0.2222222222222222
0.2727272727272727
0.2857142857142857
0.1
0.02962962962962963
0.4
0.5714285714285714
0.5714285714285714
0.09090909090909091
0.75
0.5
0.8333333333333334
0.0
0.17647058823529413
0.2727272727272727
0.5
0.6666666666666666
1.0
0.23076923076923078
0.6666666666666666
0.6
0.23076923076923078
0.6
0.07692307692307693
0.06666666666666667
0.3333333333333333
0.5
0.5
0.14285714285714285
0.6666666666666666
0.3333333333333333
0.1
0.18181818181818182
0.0
0.6
0.5
0.3333333333333333
0.29411764705882354
1.0
1.0
0.375
0.375
0.2727272727272727
0.23076923076923078
0.16666666666666666
0.45454545454545453
0.0
0.4
0.14285714285714285
0.25
0.5
0.2727272727272727
0.4
0.029850746268656716
0.1
0.4
0.3333333333333333
0.2222222222222222
0.25
0.14285714285714285
0.2
0.1111111111111111
0.5
0.16666666666666666
0.6
0.25
0.2
0.0
0.17391304347826086
0.5714285714285714
0.16666666666666666
0.3076923076923077
0.17647058823529413
0.26666666666666666
0.4
0.1111111111111111
0.625
0.14545454545454545
0.25
0.2222222222222222
0.6
0.07692307692307693
0.29411764705882354
0.18181818181818182
0.3333333333333333
0.17857142857142858
0.16666666666666666
0.0
0.25
0.2857142857142857
0.6
0.15384615384615385
0.1
0.3333333333333333
0.0
0.35714285714285715
0.15384615384615385
0.1111111111111111
0.25
0.2857142857142857
0.4
0.3
0.25
0.6666666666666666
0.14285714285714285
0.05128205128205128
0.17142857142857143
0.5555555555555556
0.2857142857142857
0.75
0.3333333333333333
0.2222222222222222
0.25
0.0
0.1111111111111111
0.3333333333333333
0.16666666666666666
0.3333333333333333
0.0
0.17142857142857143
0.42857142857142855
0.2222222222222222
0.25
0.14285714285714285
0.5714285714285714
0.23529411764705882
0.16666666666666666
0.09090909090909091
0.2
0.2857142857142857
0.4666666666666667
0.25
0.6
0.23529411764705882
0.42857142857142855
0.05660377358490566
0.23076923076923078
0.375
0.25
0.11428571428571428
0.0
0.625
0.07692307692307693
0.14285714285714285
0.08823529411764706
0.08
0.1794871794871795
0.2777777777777778
0.1875
0.3
0.07142857142857142
1.0
0.5
0.2857142857142857
0.5
0.375
0.1
0.3333333333333333
0.6
0.16666666666666666
0.15384615384615385
0.5
0.2
0.07142857142857142
0.21428571428571427
0.05454545454545454
0.5
0.5
0.14285714285714285
0.3684210526315789
0.4
0.8
0.29411764705882354
0.08333333333333333
0.0
0.20833333333333334
0.2857142857142857
0.18181818181818182
0.5714285714285714
0.4
0.08571428571428572
0.25
0.4166666666666667
0.4
0.2
0.14285714285714285
0.5
0.25
0.4
0.0
0.06896551724137931
0.0
0.75
0.10344827586206896
0.5454545454545454
0.07692307692307693
0.2857142857142857
0.42857142857142855
0.0
0.3333333333333333
0.5
0.05
0.25
0.5
0.2857142857142857
0.5
0.10526315789473684
0.2
0.42857142857142855
0.05
0.09090909090909091
0.16666666666666666
0.75
0.1111111111111111
0.375
0.3333333333333333
0.2
0.2857142857142857
0.18181818181818182
0.12244897959183673
0.6
0.2
1.0
0.16666666666666666
0.08
0.5
0.0
0.16666666666666666
0.2727272727272727
0.5
0.05555555555555555
0.2857142857142857
0.20833333333333334
0.4
0.21739130434782608
0.5
0.14285714285714285
0.16666666666666666
0.42857142857142855
0.25
0.13043478260869565
0.2222222222222222
0.17647058823529413
0.5714285714285714
0.0
0.3333333333333333
0.25
0.25
0.2
0.16666666666666666
0.4
0.09090909090909091
0.35
0.125
0.25
0.4
0.13333333333333333
0.0
0.16666666666666666
1.0
0.0
0.18181818181818182
0.4444444444444444
0.6
0.0
0.09090909090909091
0.5833333333333334
0.3076923076923077
0.14285714285714285
0.5
0.3333333333333333
0.022058823529411766
0.6
0.6666666666666666
0.2
0.2
0.5
0.1111111111111111
0.4
0.1875
0.2857142857142857
0.6
0.625
0.19230769230769232
0.14285714285714285
0.3333333333333333
0.2222222222222222
0.17647058823529413
0.18181818181818182
0.6153846153846154
0.25
0.25
0.15625
0.2857142857142857
0.4
0.5
0.5
0.5
0.0
0.4666666666666667
0.18181818181818182
0.6
0.1
0.2727272727272727
0.12
0.13333333333333333
0.125
0.07692307692307693
0.3333333333333333
0.0
0.26666666666666666
0.2222222222222222
0.0
0.25
0.3333333333333333
0.06666666666666667
0.2727272727272727
0.0
1.0
0.4
0.2222222222222222
0.4
0.5
0.16666666666666666
0.4444444444444444
0.1
0.13333333333333333
0.6
1.0
0.24
0.25
0.26666666666666666
0.5714285714285714
0.3333333333333333
0.1111111111111111
0.6666666666666666
0.6666666666666666
0.42857142857142855
0.1
0.16666666666666666
0.1111111111111111
0.5
0.0
0.16666666666666666
0.17647058823529413
0.5
0.06349206349206349
0.19047619047619047
0.2857142857142857
0.3333333333333333
0.07142857142857142
0.3333333333333333
0.23529411764705882
0.2
0.16666666666666666
0.125
0.17142857142857143
0.038461538461538464
0.0392156862745098
0.0
0.0
0.5
0.16216216216216217
0.42857142857142855
0.5714285714285714
0.25
0.3076923076923077
0.25
0.2
0.06666666666666667
1.0
0.1111111111111111
0.3125
0.0
0.46153846153846156
0.16666666666666666
0.5
0.0
0.18181818181818182
0.125
0.7777777777777778
0.03636363636363636
0.75
0.5
0.5714285714285714
0.6666666666666666
0.3333333333333333
0.13157894736842105
0.23529411764705882
0.3333333333333333
0.1875
0.8
0.2692307692307692
0.2727272727272727
0.75
0.3333333333333333
0.6
1.0
0.08771929824561403
0.8
0.0
0.13513513513513514
0.42857142857142855
0.42857142857142855
0.6
0.3
0.5333333333333333
0.4666666666666667
0.4
0.8
0.1875
0.25
0.09859154929577464
0.125
0.5
0.3333333333333333
0.4
0.4444444444444444
0.11538461538461539
0.05128205128205128
0.75
0.2222222222222222
0.5
0.2
0.08
0.3333333333333333
0.875
0.4
0.057971014492753624
0.42857142857142855
0.08888888888888889
0.2857142857142857
0.19230769230769232
0.3333333333333333
0.2857142857142857
0.35714285714285715
0.13157894736842105
0.6
0.0
0.2857142857142857
0.7
0.4
0.6
0.3333333333333333
0.18181818181818182
0.15384615384615385
0.42857142857142855
0.23076923076923078
0.3333333333333333
0.2
0.0
0.42857142857142855
0.7777777777777778
0.25
0.2
0.6666666666666666
0.07142857142857142
0.4
0.15384615384615385
0.6363636363636364
0.2222222222222222
0.3333333333333333
0.0
0.4
0.06451612903225806
0.375
0.25
0.14285714285714285
0.06666666666666667
0.14285714285714285
0.5
0.4166666666666667
0.16666666666666666
0.17647058823529413
0.5
0.4375
0.2857142857142857
0.4
0.17647058823529413
0.25
0.8
0.22727272727272727
0.2857142857142857
0.21428571428571427
0.5
0.8
0.03614457831325301
0.375
0.7142857142857143
0.4
0.0
0.4
0.42857142857142855
0.3
0.08333333333333333
0.5
0.0
0.2222222222222222
0.42857142857142855
0.24
0.20833333333333334
0.23529411764705882
0.02
0.5
0.2222222222222222
0.0
0.1
0.23529411764705882
0.5
0.8333333333333334
0.14285714285714285
1.0
0.2857142857142857
0.35294117647058826
0.7
0.32142857142857145
0.3333333333333333
0.6
0.375
0.2222222222222222
0.5
0.2
0.1282051282051282
0.375
0.5
0.42857142857142855
0.2903225806451613
0.16666666666666666
0.25
0.14285714285714285
0.3333333333333333
0.42857142857142855
0.1111111111111111
0.2413793103448276
0.057692307692307696
0.022222222222222223
0.2
0.6
0.09090909090909091
0.5
0.4375
0.4
0.375
0.14285714285714285
0.6
0.12121212121212122
0.4
0.2
0.25
0.5
0.125
0.75
0.0
0.2
0.125
0.3333333333333333
0.15789473684210525
0.09090909090909091
0.125
0.0
0.42857142857142855
0.14285714285714285
0.5
0.2857142857142857
0.11538461538461539
0.06557377049180328
0.75
0.2
0.875
1.0
0.6666666666666666
0.6
0.1
0.07692307692307693
0.0
0.6666666666666666
0.75
0.21428571428571427
0.4
0.07317073170731707
0.3333333333333333
0.35714285714285715
0.8
0.25
0.5
0.3333333333333333
0.75
0.22727272727272727
0.75
0.3333333333333333
0.09090909090909091
0.23076923076923078
0.5
0.3076923076923077
0.2857142857142857
0.4375
0.36363636363636365
0.16666666666666666
0.6
0.2
0.3333333333333333
0.8333333333333334
0.1111111111111111
0.6
0.15384615384615385
0.2222222222222222
0.26666666666666666
0.17647058823529413
0.36363636363636365
0.15384615384615385
0.5
0.06666666666666667
0.2222222222222222
0.125
0.42857142857142855
0.07142857142857142
0.42857142857142855
0.75
0.2857142857142857
0.125
0.0
0.0
0.3333333333333333
0.5
0.2
0.6
0.3333333333333333
0.23076923076923078
0.16666666666666666
0.2
0.13333333333333333
0.391304347826087
0.2857142857142857
0.42857142857142855
0.21052631578947367
0.875
0.2857142857142857
0.07142857142857142
0.13333333333333333
0.4166666666666667
0.14285714285714285
0.3
0.3333333333333333
0.3
0.4
0.21052631578947367
0.6
0.4
0.6
0.047619047619047616
0.7142857142857143
0.2222222222222222
0.25
0.5454545454545454
0.42857142857142855
0.75
0.22727272727272727
0.09090909090909091
0.058823529411764705
0.08695652173913043
0.12
0.2222222222222222
0.6
0.23529411764705882
0.0
0.1111111111111111
0.5
0.4
0.25
0.7272727272727273
0.6
0.16666666666666666
0.07692307692307693
0.0
0.38461538461538464
0.14285714285714285
0.3333333333333333
0.14285714285714285
0.23076923076923078
0.75
1.0
0.14285714285714285
0.5
0.14285714285714285
0.3333333333333333
0.045871559633027525
0.3
0.375
0.5
0.14285714285714285
0.23076923076923078
0.42857142857142855
0.2857142857142857
0.3333333333333333
0.42857142857142855
0.2857142857142857
0.6
0.15789473684210525
0.2857142857142857
0.375
0.2857142857142857
0.16666666666666666
0.2222222222222222
0.125
0.625
0.26666666666666666
0.06976744186046512
0.04054054054054054
0.8333333333333334
0.36363636363636365
0.21428571428571427
0.5
0.6
0.2777777777777778
0.19047619047619047
0.5555555555555556
0.4
1.0
0.6666666666666666
0.3333333333333333
0.2857142857142857
0.3333333333333333
0.16666666666666666
0.6
0.13636363636363635
0.125
0.2
0.2727272727272727
0.0
0.42857142857142855
0.8
1.0
0.5714285714285714
0.0625
0.3333333333333333
0.3333333333333333
0.5
0.2727272727272727
1.0
0.23076923076923078
0.16666666666666666
0.024390243902439025
0.4375
0.8333333333333334
0.375
0.1
0.0
0.11764705882352941
0.75
0.15625
0.8571428571428571
0.7777777777777778
1.0
0.20689655172413793
0.18181818181818182
0.6
0.3333333333333333
0.125
0.6
0.15
0.4166666666666667
0.125
0.25
0.3
0.15384615384615385
0.5
0.3333333333333333
0.2
0.125
0.1875
0.36363636363636365
0.12
0.14285714285714285
0.4
0.7142857142857143
0.07894736842105263
0.6666666666666666
0.2
0.0
0.3333333333333333
0.6
0.5
0.6666666666666666
0.2857142857142857
0.3
0.75
0.0
0.0
0.3333333333333333
0.5
0.09090909090909091
0.6
0.0
0.3
0.25
0.8333333333333334
0.17777777777777778
0.29411764705882354
0.4
0.4
0.0
0.26666666666666666
0.08333333333333333
0.46153846153846156
0.0
0.09090909090909091
0.8
0.2
0.5
0.42857142857142855
0.75
0.15789473684210525
0.5
0.08333333333333333
1.0
0.3333333333333333
0.1
0.19047619047619047
0.2222222222222222
0.2
0.25
0.13043478260869565
0.5555555555555556
0.5
0.25
0.6666666666666666
0.2
0.1111111111111111
0.4444444444444444
0.4
0.1111111111111111
0.16666666666666666
0.25
0.5
0.22727272727272727
0.07692307692307693
0.5
0.3888888888888889
0.25
0.3333333333333333
0.2727272727272727
0.05084745762711865
0.3333333333333333
0.5
0.16666666666666666
0.3333333333333333
0.4
0.2857142857142857
0.6363636363636364
0.07317073170731707
0.058823529411764705
0.3333333333333333
0.3333333333333333
0.6
0.4
0.2727272727272727
0.3333333333333333
0.47058823529411764
0.14285714285714285
0.46153846153846156
0.14285714285714285
0.5
0.3333333333333333
0.15384615384615385
0.0
0.2
0.13793103448275862
0.3333333333333333
0.75
0.8
0.18181818181818182
0.2608695652173913
0.3333333333333333
0.6666666666666666
0.125
0.3333333333333333
0.18604651162790697
0.4166666666666667
0.07317073170731707
0.1111111111111111
0.07142857142857142
0.2
0.4
0.2
0.2727272727272727
0.4
0.6
0.4444444444444444
0.8
0.1111111111111111
0.6666666666666666
0.5
0.30434782608695654
0.34782608695652173
1.0
0.5
0.6
0.3333333333333333
0.2
0.11538461538461539
0.16666666666666666
0.20833333333333334
0.2857142857142857
0.1
0.5
0.6666666666666666
0.2857142857142857
0.1724137931034483
0.2
0.06779661016949153
0.6666666666666666
0.8
0.8571428571428571
0.5714285714285714
0.2222222222222222
0.15
0.18181818181818182
0.16666666666666666
0.6666666666666666
0.2727272727272727
0.15789473684210525
0.05714285714285714
0.25
0.3333333333333333
0.05555555555555555
0.8333333333333334
0.5
0.0
0.0
0.46153846153846156
0.2857142857142857
0.5454545454545454
0.14285714285714285
0.29411764705882354
0.4444444444444444
0.3333333333333333
0.2222222222222222
0.5
0.2222222222222222
0.625
0.8
0.2
0.23529411764705882
0.19047619047619047
0.4
0.125
0.08823529411764706
0.125
0.09090909090909091
0.4
0.2
0.5555555555555556
0.3333333333333333
0.0
0.2222222222222222
0.2222222222222222
0.06
0.1
0.25
0.2857142857142857
0.2857142857142857
0.2
0.4
0.15625
0.6
0.6666666666666666
0.4
0.42857142857142855
0.45454545454545453
0.8333333333333334
0.1111111111111111
0.16666666666666666
0.75
0.16666666666666666
0.4
0.2
0.15384615384615385
0.16666666666666666
0.5555555555555556
0.13793103448275862
0.2
0.1111111111111111
0.6666666666666666
0.5
0.38461538461538464
0.16666666666666666
0.0
0.0
0.06896551724137931
0.25
0.5
0.05555555555555555
0.375
0.2857142857142857
0.2
0.10714285714285714
0.15
0.25
0.2727272727272727
0.047619047619047616
0.4117647058823529
0.4444444444444444
0.0
0.6
0.4
0.23809523809523808
0.5
0.3125
0.11764705882352941
0.11428571428571428
0.25
0.041666666666666664
0.45454545454545453
0.23076923076923078
0.375
0.25
0.3333333333333333
0.2
1.0
0.23076923076923078
0.2
0.6666666666666666
0.38461538461538464
1.0
0.0
0.14285714285714285
0.08333333333333333
0.23529411764705882
0.25
0.42857142857142855
0.18181818181818182
0.6
0.25
0.26666666666666666
0.06666666666666667
0.4
0.08333333333333333
0.09090909090909091
0.3333333333333333
0.16666666666666666
0.15384615384615385
0.2
1.0
0.5555555555555556
0.35714285714285715
0.23076923076923078
0.0
0.1111111111111111
0.46153846153846156
0.875
0.125
0.0
0.16666666666666666
0.4
1.0
1.0
0.17647058823529413
0.6
0.0
0.5454545454545454
0.8333333333333334
0.5
0.20833333333333334
0.0625
0.13513513513513514
0.4
0.12903225806451613
0.25
0.0
0.3333333333333333
0.6
0.1
0.25
0.8571428571428571
0.16666666666666666
0.1
0.23076923076923078
0.6
0.16666666666666666
0.625
0.2
0.6
0.2857142857142857
0.2
0.08571428571428572
0.2727272727272727
0.3
0.2222222222222222
0.05263157894736842
0.5
0.6363636363636364
0.29411764705882354
0.6
0.17647058823529413
0.1
0.2
0.7142857142857143
0.75
0.0
0.16666666666666666
0.14705882352941177
0.36
0.10526315789473684
0.35294117647058826
0.2222222222222222
0.14285714285714285
0.45454545454545453
0.07407407407407407
0.0
0.3333333333333333
0.0
0.30434782608695654
0.25
0.6666666666666666
0.07692307692307693
0.4
0.1
0.2857142857142857
0.058823529411764705
0.75
0.16129032258064516
0.42857142857142855
0.10526315789473684
0.42857142857142855
0.4
0.6666666666666666
0.7272727272727273
0.2222222222222222
0.0
0.05555555555555555
0.021739130434782608
0.3333333333333333
0.3
0.06896551724137931
0.3333333333333333
0.3
0.16666666666666666
0.2
0.4
0.0625
1.0
0.5
0.25
0.2
0.75
0.6666666666666666
0.5
0.16
0.16129032258064516
0.42857142857142855
0.45454545454545453
0.8571428571428571
0.2
0.35294117647058826
0.125
0.25
0.14285714285714285
0.4
0.2857142857142857
0.6
0.11538461538461539
0.6
0.42857142857142855
0.3333333333333333
0.16666666666666666
0.5
0.0
0.2727272727272727
0.14285714285714285
0.8
0.25
0.375
0.16666666666666666
0.16666666666666666
0.2
0.07692307692307693
0.5
0.26666666666666666
0.3333333333333333
1.0
0.3333333333333333
0.16666666666666666
0.21428571428571427
0.6
0.35
0.2
0.75
0.75
0.16666666666666666
0.5
0.4
0.25
0.5714285714285714
0.375
0.5
0.3333333333333333
0.8333333333333334
0.07692307692307693
0.6666666666666666
0.0
0.25
0.2857142857142857
0.3333333333333333
0.2857142857142857
0.625
0.2857142857142857
0.5454545454545454
0.625
0.0
0.15
0.38461538461538464
0.375
0.25
0.4
0.5
0.15
0.5
0.08196721311475409
0.5
0.14285714285714285
0.2222222222222222
0.4166666666666667
0.050505050505050504
0.2
0.15789473684210525
0.20588235294117646
0.5714285714285714
0.18181818181818182
0.2727272727272727
0.0
0.3333333333333333
0.5
0.5
0.3
0.03571428571428571
0.3333333333333333
0.2727272727272727
0.0
0.2
0.1
0.18181818181818182
0.17647058823529413
0.4666666666666667
0.6666666666666666
0.058823529411764705
0.13793103448275862
0.6
0.16666666666666666
0.6
0.3333333333333333
0.2857142857142857
0.1
0.25
0.38095238095238093
0.09090909090909091
0.2857142857142857
0.125
0.13043478260869565
0.25
0.7272727272727273
0.13636363636363635
0.2857142857142857
0.2
0.5
0.6
0.14285714285714285
0.0
0.2222222222222222
1.0
0.3125
0.1111111111111111
0.6666666666666666
0.8
0.25
0.3076923076923077
0.7142857142857143
0.07142857142857142
0.09411764705882353
0.6
0.2857142857142857
0.6666666666666666
0.6
0.2
0.75
0.2
0.5
0.06666666666666667
0.8
0.16666666666666666
0.6
0.75
0.4
0.5555555555555556
0.8
0.07017543859649122
0.2222222222222222
0.5
0.3333333333333333
0.0
0.11428571428571428
0.25
0.25
0.36363636363636365
0.3333333333333333
0.2
0.4444444444444444
0.6666666666666666
0.16129032258064516
0.1111111111111111
0.4
0.078125
0.0
0.36363636363636365
0.2
0.23529411764705882
0.2
0.2857142857142857
0.2857142857142857
0.0
0.6666666666666666
0.2
0.4
0.125
0.8333333333333334
1.0
0.16666666666666666
0.6
0.4
0.16666666666666666
0.16666666666666666
0.5555555555555556
0.7142857142857143
0.25
0.14285714285714285
0.2222222222222222
0.5
0.22580645161290322
0.2
0.21428571428571427
0.25
