1	0.0	0.0
2	0.0	0.0
3	0.01818181818181818	0.3333333333333333
4	0.01818181818181818	0.25
5	0.03636363636363636	0.4
6	0.05454545454545454	0.5
7	0.07272727272727272	0.5714285714285714
8	0.09090909090909091	0.625
9	0.09090909090909091	0.5555555555555556
10	0.09090909090909091	0.5
11	0.10909090909090909	0.5454545454545454
12	0.12727272727272726	0.5833333333333334
13	0.12727272727272726	0.5384615384615384
14	0.14545454545454545	0.5714285714285714
15	0.14545454545454545	0.5333333333333333
16	0.14545454545454545	0.5
17	0.16363636363636364	0.5294117647058824
18	0.16363636363636364	0.5
19	0.16363636363636364	0.47368421052631576
20	0.18181818181818182	0.5
21	0.18181818181818182	0.47619047619047616
22	0.18181818181818182	0.45454545454545453
23	0.18181818181818182	0.43478260869565216
24	0.2	0.4583333333333333
25	0.21818181818181817	0.48
