1	0.06666666666666667	1.0
2	0.06666666666666667	0.5
3	0.13333333333333333	0.6666666666666666
4	0.2	0.75
5	0.2	0.6
6	0.2	0.5
7	0.2	0.42857142857142855
8	0.2	0.375
9	0.2	0.3333333333333333
10	0.2	0.3
11	0.2	0.2727272727272727
12	0.2	0.25
13	0.2	0.23076923076923078
14	0.2	0.21428571428571427
15	0.2	0.2
16	0.2	0.1875
17	0.2	0.17647058823529413
18	0.26666666666666666	0.2222222222222222
19	0.3333333333333333	0.2631578947368421
20	0.4	0.3
21	0.4	0.2857142857142857
22	0.4666666666666667	0.3181818181818182
23	0.4666666666666667	0.30434782608695654
24	0.4666666666666667	0.2916666666666667
25	0.4666666666666667	0.28
