1	0.021739130434782608	1.0
2	0.043478260869565216	1.0
3	0.06521739130434782	1.0
4	0.06521739130434782	0.75
5	0.06521739130434782	0.6
6	0.06521739130434782	0.5
7	0.06521739130434782	0.42857142857142855
8	0.08695652173913043	0.5
9	0.10869565217391304	0.5555555555555556
10	0.10869565217391304	0.5
11	0.10869565217391304	0.45454545454545453
12	0.13043478260869565	0.5
13	0.13043478260869565	0.46153846153846156
14	0.13043478260869565	0.42857142857142855
15	0.13043478260869565	0.4
16	0.15217391304347827	0.4375
17	0.17391304347826086	0.47058823529411764
18	0.17391304347826086	0.4444444444444444
19	0.17391304347826086	0.42105263157894735
20	0.1956521739130435	0.45
21	0.1956521739130435	0.42857142857142855
22	0.1956521739130435	0.4090909090909091
23	0.1956521739130435	0.391304347826087
24	0.21739130434782608	0.4166666666666667
25	0.21739130434782608	0.4
