1	0.05263157894736842	1.0
2	0.05263157894736842	0.5
3	0.05263157894736842	0.3333333333333333
4	0.10526315789473684	0.5
5	0.10526315789473684	0.4
6	0.10526315789473684	0.3333333333333333
7	0.10526315789473684	0.2857142857142857
8	0.15789473684210525	0.375
9	0.15789473684210525	0.3333333333333333
10	0.15789473684210525	0.3
11	0.15789473684210525	0.2727272727272727
12	0.15789473684210525	0.25
13	0.15789473684210525	0.23076923076923078
14	0.15789473684210525	0.21428571428571427
15	0.21052631578947367	0.26666666666666666
16	0.2631578947368421	0.3125
17	0.2631578947368421	0.29411764705882354
18	0.2631578947368421	0.2777777777777778
19	0.2631578947368421	0.2631578947368421
20	0.2631578947368421	0.25
21	0.2631578947368421	0.23809523809523808
22	0.2631578947368421	0.22727272727272727
23	0.2631578947368421	0.21739130434782608
24	0.3157894736842105	0.25
25	0.3157894736842105	0.24
