1	0.0625	1.0
2	0.0625	0.5
3	0.0625	0.3333333333333333
4	0.0625	0.25
5	0.0625	0.2
6	0.0625	0.16666666666666666
7	0.0625	0.14285714285714285
8	0.125	0.25
9	0.1875	0.3333333333333333
10	0.1875	0.3
11	0.1875	0.2727272727272727
12	0.1875	0.25
13	0.1875	0.23076923076923078
14	0.1875	0.21428571428571427
15	0.1875	0.2
16	0.25	0.25
17	0.3125	0.29411764705882354
18	0.3125	0.2777777777777778
19	0.375	0.3157894736842105
20	0.4375	0.35
21	0.4375	0.3333333333333333
22	0.4375	0.3181818181818182
23	0.4375	0.30434782608695654
24	0.4375	0.2916666666666667
25	0.4375	0.28
