1	0.04	1.0
2	0.08	1.0
3	0.12	1.0
4	0.16	1.0
5	0.16	0.8
6	0.16	0.6666666666666666
7	0.16	0.5714285714285714
8	0.2	0.625
9	0.24	0.6666666666666666
10	0.24	0.6
11	0.24	0.5454545454545454
12	0.28	0.5833333333333334
13	0.32	0.6153846153846154
14	0.32	0.5714285714285714
15	0.36	0.6
16	0.4	0.625
17	0.44	0.6470588235294118
18	0.44	0.6111111111111112
19	0.44	0.5789473684210527
20	0.48	0.6
21	0.52	0.6190476190476191
22	0.52	0.5909090909090909
23	0.52	0.5652173913043478
24	0.56	0.5833333333333334
25	0.56	0.56
