1	0.07142857142857142	1.0
2	0.14285714285714285	1.0
3	0.14285714285714285	0.6666666666666666
4	0.21428571428571427	0.75
5	0.2857142857142857	0.8
6	0.35714285714285715	0.8333333333333334
7	0.42857142857142855	0.8571428571428571
8	0.42857142857142855	0.75
9	0.5	0.7777777777777778
10	0.5	0.7
11	0.5	0.6363636363636364
12	0.5714285714285714	0.6666666666666666
13	0.6428571428571429	0.6923076923076923
14	0.6428571428571429	0.6428571428571429
15	0.6428571428571429	0.6
16	0.6428571428571429	0.5625
17	0.7142857142857143	0.5882352941176471
18	0.7142857142857143	0.5555555555555556
19	0.7857142857142857	0.5789473684210527
20	0.7857142857142857	0.55
21	0.7857142857142857	0.5238095238095238
22	0.7857142857142857	0.5
23	0.8571428571428571	0.5217391304347826
24	0.8571428571428571	0.5
25	0.8571428571428571	0.48
