1	0.058823529411764705	1.0
2	0.058823529411764705	0.5
3	0.11764705882352941	0.6666666666666666
4	0.11764705882352941	0.5
5	0.17647058823529413	0.6
6	0.17647058823529413	0.5
7	0.23529411764705882	0.5714285714285714
8	0.29411764705882354	0.625
9	0.29411764705882354	0.5555555555555556
10	0.29411764705882354	0.5
11	0.35294117647058826	0.5454545454545454
12	0.35294117647058826	0.5
13	0.35294117647058826	0.46153846153846156
14	0.35294117647058826	0.42857142857142855
15	0.35294117647058826	0.4
16	0.35294117647058826	0.375
17	0.35294117647058826	0.35294117647058826
18	0.35294117647058826	0.3333333333333333
19	0.4117647058823529	0.3684210526315789
20	0.4117647058823529	0.35
21	0.4117647058823529	0.3333333333333333
22	0.47058823529411764	0.36363636363636365
23	0.5294117647058824	0.391304347826087
24	0.5294117647058824	0.375
25	0.5294117647058824	0.36
