1	0.038461538461538464	1.0
2	0.07692307692307693	1.0
3	0.11538461538461539	1.0
4	0.15384615384615385	1.0
5	0.15384615384615385	0.8
6	0.15384615384615385	0.6666666666666666
7	0.15384615384615385	0.5714285714285714
8	0.15384615384615385	0.5
9	0.19230769230769232	0.5555555555555556
10	0.23076923076923078	0.6
11	0.23076923076923078	0.5454545454545454
12	0.2692307692307692	0.5833333333333334
13	0.2692307692307692	0.5384615384615384
14	0.3076923076923077	0.5714285714285714
15	0.34615384615384615	0.6
16	0.38461538461538464	0.625
17	0.38461538461538464	0.5882352941176471
18	0.4230769230769231	0.6111111111111112
19	0.4230769230769231	0.5789473684210527
20	0.46153846153846156	0.6
21	0.46153846153846156	0.5714285714285714
22	0.46153846153846156	0.5454545454545454
23	0.5	0.5652173913043478
24	0.5384615384615384	0.5833333333333334
25	0.5384615384615384	0.56
