1	0.0	0.0
2	0.0	0.0
3	0.03225806451612903	0.3333333333333333
4	0.06451612903225806	0.5
5	0.06451612903225806	0.4
6	0.06451612903225806	0.3333333333333333
7	0.06451612903225806	0.2857142857142857
8	0.0967741935483871	0.375
9	0.0967741935483871	0.3333333333333333
10	0.12903225806451613	0.4
11	0.12903225806451613	0.36363636363636365
12	0.16129032258064516	0.4166666666666667
13	0.16129032258064516	0.38461538461538464
14	0.1935483870967742	0.42857142857142855
15	0.22580645161290322	0.4666666666666667
16	0.25806451612903225	0.5
17	0.25806451612903225	0.47058823529411764
18	0.2903225806451613	0.5
19	0.2903225806451613	0.47368421052631576
20	0.2903225806451613	0.45
21	0.3225806451612903	0.47619047619047616
22	0.3548387096774194	0.5
23	0.3870967741935484	0.5217391304347826
24	0.3870967741935484	0.5
25	0.3870967741935484	0.48
