1	0.0	0.0
2	0.125	0.5
3	0.25	0.6666666666666666
4	0.25	0.5
5	0.375	0.6
6	0.5	0.6666666666666666
7	0.5	0.5714285714285714
8	0.5	0.5
9	0.625	0.5555555555555556
10	0.75	0.6
11	0.75	0.5454545454545454
12	0.75	0.5
13	0.75	0.46153846153846156
14	0.75	0.42857142857142855
15	0.75	0.4
16	0.75	0.375
17	0.75	0.35294117647058826
18	0.75	0.3333333333333333
19	0.75	0.3157894736842105
20	0.875	0.35
21	0.875	0.3333333333333333
22	0.875	0.3181818181818182
23	0.875	0.30434782608695654
24	0.875	0.2916666666666667
25	0.875	0.28
