1	0.0	0.0
2	0.1111111111111111	0.5
3	0.1111111111111111	0.3333333333333333
4	0.2222222222222222	0.5
5	0.3333333333333333	0.6
6	0.3333333333333333	0.5
7	0.4444444444444444	0.5714285714285714
8	0.4444444444444444	0.5
9	0.4444444444444444	0.4444444444444444
10	0.4444444444444444	0.4
11	0.4444444444444444	0.36363636363636365
12	0.4444444444444444	0.3333333333333333
13	0.5555555555555556	0.38461538461538464
14	0.5555555555555556	0.35714285714285715
15	0.5555555555555556	0.3333333333333333
16	0.5555555555555556	0.3125
17	0.5555555555555556	0.29411764705882354
18	0.5555555555555556	0.2777777777777778
19	0.5555555555555556	0.2631578947368421
20	0.6666666666666666	0.3
21	0.6666666666666666	0.2857142857142857
22	0.6666666666666666	0.2727272727272727
23	0.6666666666666666	0.2608695652173913
24	0.6666666666666666	0.25
25	0.6666666666666666	0.24
