1	0.037037037037037035	1.0
2	0.07407407407407407	1.0
3	0.1111111111111111	1.0
4	0.14814814814814814	1.0
5	0.14814814814814814	0.8
6	0.14814814814814814	0.6666666666666666
7	0.14814814814814814	0.5714285714285714
8	0.14814814814814814	0.5
9	0.18518518518518517	0.5555555555555556
10	0.18518518518518517	0.5
11	0.2222222222222222	0.5454545454545454
12	0.2222222222222222	0.5
13	0.25925925925925924	0.5384615384615384
14	0.2962962962962963	0.5714285714285714
15	0.3333333333333333	0.6
16	0.3333333333333333	0.5625
17	0.37037037037037035	0.5882352941176471
18	0.4074074074074074	0.6111111111111112
19	0.4074074074074074	0.5789473684210527
20	0.4074074074074074	0.55
21	0.4074074074074074	0.5238095238095238
22	0.4444444444444444	0.5454545454545454
23	0.4444444444444444	0.5217391304347826
24	0.48148148148148145	0.5416666666666666
25	0.48148148148148145	0.52
