1	0.0	0.0
2	0.0	0.0
3	0.0	0.0
4	0.0	0.0
5	0.0	0.0
6	0.0	0.0
7	0.0	0.0
8	0.0	0.0
9	0.030303030303030304	0.1111111111111111
10	0.030303030303030304	0.1
11	0.030303030303030304	0.09090909090909091
12	0.030303030303030304	0.08333333333333333
13	0.06060606060606061	0.15384615384615385
14	0.06060606060606061	0.14285714285714285
15	0.06060606060606061	0.13333333333333333
16	0.06060606060606061	0.125
17	0.06060606060606061	0.11764705882352941
18	0.06060606060606061	0.1111111111111111
19	0.06060606060606061	0.10526315789473684
20	0.06060606060606061	0.1
21	0.09090909090909091	0.14285714285714285
22	0.09090909090909091	0.13636363636363635
23	0.09090909090909091	0.13043478260869565
24	0.09090909090909091	0.125
25	0.09090909090909091	0.12
