1	0.25	1.0
2	0.25	0.5
3	0.25	0.3333333333333333
4	0.25	0.25
5	0.25	0.2
6	0.25	0.16666666666666666
7	0.25	0.14285714285714285
8	0.25	0.125
9	0.25	0.1111111111111111
10	0.25	0.1
11	0.25	0.09090909090909091
12	0.25	0.08333333333333333
13	0.25	0.07692307692307693
14	0.5	0.14285714285714285
15	0.5	0.13333333333333333
16	0.5	0.125
17	0.5	0.11764705882352941
18	0.5	0.1111111111111111
19	0.5	0.10526315789473684
20	0.5	0.1
21	0.75	0.14285714285714285
22	0.75	0.13636363636363635
23	0.75	0.13043478260869565
24	0.75	0.125
25	0.75	0.12
