1	0.041666666666666664	1.0
2	0.041666666666666664	0.5
3	0.041666666666666664	0.3333333333333333
4	0.041666666666666664	0.25
5	0.041666666666666664	0.2
6	0.041666666666666664	0.16666666666666666
7	0.041666666666666664	0.14285714285714285
8	0.041666666666666664	0.125
9	0.041666666666666664	0.1111111111111111
10	0.041666666666666664	0.1
11	0.041666666666666664	0.09090909090909091
12	0.08333333333333333	0.16666666666666666
13	0.08333333333333333	0.15384615384615385
14	0.125	0.21428571428571427
15	0.125	0.2
16	0.125	0.1875
17	0.125	0.17647058823529413
18	0.125	0.16666666666666666
19	0.16666666666666666	0.21052631578947367
20	0.16666666666666666	0.2
21	0.16666666666666666	0.19047619047619047
22	0.16666666666666666	0.18181818181818182
23	0.16666666666666666	0.17391304347826086
24	0.16666666666666666	0.16666666666666666
25	0.16666666666666666	0.16
