1	0.022222222222222223	1.0
2	0.044444444444444446	1.0
3	0.06666666666666667	1.0
4	0.08888888888888889	1.0
5	0.08888888888888889	0.8
6	0.08888888888888889	0.6666666666666666
7	0.08888888888888889	0.5714285714285714
8	0.1111111111111111	0.625
9	0.1111111111111111	0.5555555555555556
10	0.1111111111111111	0.5
11	0.1111111111111111	0.45454545454545453
12	0.1111111111111111	0.4166666666666667
13	0.1111111111111111	0.38461538461538464
14	0.1111111111111111	0.35714285714285715
15	0.1111111111111111	0.3333333333333333
16	0.1111111111111111	0.3125
17	0.1111111111111111	0.29411764705882354
18	0.13333333333333333	0.3333333333333333
19	0.13333333333333333	0.3157894736842105
20	0.15555555555555556	0.35
21	0.17777777777777778	0.38095238095238093
22	0.17777777777777778	0.36363636363636365
23	0.17777777777777778	0.34782608695652173
24	0.17777777777777778	0.3333333333333333
25	0.17777777777777778	0.32
