1	0.0	0.0
2	0.0	0.0
3	0.0	0.0
4	0.0	0.0
5	0.0	0.0
6	0.02040816326530612	0.16666666666666666
7	0.04081632653061224	0.2857142857142857
8	0.061224489795918366	0.375
9	0.061224489795918366	0.3333333333333333
10	0.061224489795918366	0.3
11	0.08163265306122448	0.36363636363636365
12	0.08163265306122448	0.3333333333333333
13	0.10204081632653061	0.38461538461538464
14	0.12244897959183673	0.42857142857142855
15	0.14285714285714285	0.4666666666666667
16	0.14285714285714285	0.4375
17	0.16326530612244897	0.47058823529411764
18	0.16326530612244897	0.4444444444444444
19	0.16326530612244897	0.42105263157894735
20	0.1836734693877551	0.45
21	0.20408163265306123	0.47619047619047616
22	0.22448979591836735	0.5
23	0.24489795918367346	0.5217391304347826
24	0.2653061224489796	0.5416666666666666
25	0.2653061224489796	0.52
