1	0.07692307692307693	1.0
2	0.07692307692307693	0.5
3	0.07692307692307693	0.3333333333333333
4	0.07692307692307693	0.25
5	0.07692307692307693	0.2
6	0.15384615384615385	0.3333333333333333
7	0.23076923076923078	0.42857142857142855
8	0.3076923076923077	0.5
9	0.3076923076923077	0.4444444444444444
10	0.38461538461538464	0.5
11	0.38461538461538464	0.45454545454545453
12	0.38461538461538464	0.4166666666666667
13	0.38461538461538464	0.38461538461538464
14	0.38461538461538464	0.35714285714285715
15	0.46153846153846156	0.4
16	0.46153846153846156	0.375
17	0.46153846153846156	0.35294117647058826
18	0.46153846153846156	0.3333333333333333
19	0.46153846153846156	0.3157894736842105
20	0.46153846153846156	0.3
21	0.46153846153846156	0.2857142857142857
22	0.46153846153846156	0.2727272727272727
23	0.46153846153846156	0.2608695652173913
24	0.46153846153846156	0.25
25	0.46153846153846156	0.24
