1	0.017543859649122806	1.0
2	0.03508771929824561	1.0
3	0.03508771929824561	0.6666666666666666
4	0.03508771929824561	0.5
5	0.03508771929824561	0.4
6	0.03508771929824561	0.3333333333333333
7	0.03508771929824561	0.2857142857142857
8	0.03508771929824561	0.25
9	0.03508771929824561	0.2222222222222222
10	0.03508771929824561	0.2
11	0.05263157894736842	0.2727272727272727
12	0.07017543859649122	0.3333333333333333
13	0.07017543859649122	0.3076923076923077
14	0.08771929824561403	0.35714285714285715
15	0.10526315789473684	0.4
16	0.10526315789473684	0.375
17	0.10526315789473684	0.35294117647058826
18	0.10526315789473684	0.3333333333333333
19	0.10526315789473684	0.3157894736842105
20	0.10526315789473684	0.3
21	0.12280701754385964	0.3333333333333333
22	0.14035087719298245	0.36363636363636365
23	0.14035087719298245	0.34782608695652173
24	0.14035087719298245	0.3333333333333333
25	0.14035087719298245	0.32
