1	0.037037037037037035	1.0
2	0.037037037037037035	0.5
3	0.037037037037037035	0.3333333333333333
4	0.037037037037037035	0.25
5	0.037037037037037035	0.2
6	0.037037037037037035	0.16666666666666666
7	0.037037037037037035	0.14285714285714285
8	0.037037037037037035	0.125
9	0.037037037037037035	0.1111111111111111
10	0.07407407407407407	0.2
11	0.07407407407407407	0.18181818181818182
12	0.07407407407407407	0.16666666666666666
13	0.07407407407407407	0.15384615384615385
14	0.07407407407407407	0.14285714285714285
15	0.1111111111111111	0.2
16	0.14814814814814814	0.25
17	0.14814814814814814	0.23529411764705882
18	0.14814814814814814	0.2222222222222222
19	0.18518518518518517	0.2631578947368421
20	0.18518518518518517	0.25
21	0.2222222222222222	0.2857142857142857
22	0.2222222222222222	0.2727272727272727
23	0.2222222222222222	0.2608695652173913
24	0.2222222222222222	0.25
25	0.2222222222222222	0.24
