1	0.07142857142857142	1.0
2	0.14285714285714285	1.0
3	0.21428571428571427	1.0
4	0.21428571428571427	0.75
5	0.21428571428571427	0.6
6	0.2857142857142857	0.6666666666666666
7	0.2857142857142857	0.5714285714285714
8	0.35714285714285715	0.625
9	0.42857142857142855	0.6666666666666666
10	0.5	0.7
11	0.5	0.6363636363636364
12	0.5714285714285714	0.6666666666666666
13	0.6428571428571429	0.6923076923076923
14	0.6428571428571429	0.6428571428571429
15	0.6428571428571429	0.6
16	0.6428571428571429	0.5625
17	0.6428571428571429	0.5294117647058824
18	0.6428571428571429	0.5
19	0.7142857142857143	0.5263157894736842
20	0.7142857142857143	0.5
21	0.7142857142857143	0.47619047619047616
22	0.7142857142857143	0.45454545454545453
23	0.7142857142857143	0.43478260869565216
24	0.7142857142857143	0.4166666666666667
25	0.7142857142857143	0.4
