1	0.0	0.0
2	0.0	0.0
3	0.0	0.0
4	0.0	0.0
5	0.03571428571428571	0.2
6	0.03571428571428571	0.16666666666666666
7	0.03571428571428571	0.14285714285714285
8	0.07142857142857142	0.25
9	0.10714285714285714	0.3333333333333333
10	0.10714285714285714	0.3
11	0.10714285714285714	0.2727272727272727
12	0.14285714285714285	0.3333333333333333
13	0.14285714285714285	0.3076923076923077
14	0.14285714285714285	0.2857142857142857
15	0.17857142857142858	0.3333333333333333
16	0.21428571428571427	0.375
17	0.21428571428571427	0.35294117647058826
18	0.21428571428571427	0.3333333333333333
19	0.21428571428571427	0.3157894736842105
20	0.21428571428571427	0.3
21	0.25	0.3333333333333333
22	0.25	0.3181818181818182
23	0.25	0.30434782608695654
24	0.2857142857142857	0.3333333333333333
25	0.2857142857142857	0.32
