1	0.020833333333333332	1.0
2	0.041666666666666664	1.0
3	0.0625	1.0
4	0.08333333333333333	1.0
5	0.08333333333333333	0.8
6	0.08333333333333333	0.6666666666666666
7	0.08333333333333333	0.5714285714285714
8	0.10416666666666667	0.625
9	0.10416666666666667	0.5555555555555556
10	0.10416666666666667	0.5
11	0.10416666666666667	0.45454545454545453
12	0.10416666666666667	0.4166666666666667
13	0.10416666666666667	0.38461538461538464
14	0.10416666666666667	0.35714285714285715
15	0.10416666666666667	0.3333333333333333
16	0.10416666666666667	0.3125
17	0.125	0.35294117647058826
18	0.125	0.3333333333333333
19	0.14583333333333334	0.3684210526315789
20	0.14583333333333334	0.35
21	0.16666666666666666	0.38095238095238093
22	0.16666666666666666	0.36363636363636365
23	0.16666666666666666	0.34782608695652173
24	0.1875	0.375
25	0.1875	0.36
