1	0.02631578947368421	1.0
2	0.05263157894736842	1.0
3	0.07894736842105263	1.0
4	0.10526315789473684	1.0
5	0.10526315789473684	0.8
6	0.10526315789473684	0.6666666666666666
7	0.10526315789473684	0.5714285714285714
8	0.13157894736842105	0.625
9	0.15789473684210525	0.6666666666666666
10	0.18421052631578946	0.7
11	0.18421052631578946	0.6363636363636364
12	0.18421052631578946	0.5833333333333334
13	0.18421052631578946	0.5384615384615384
14	0.21052631578947367	0.5714285714285714
15	0.21052631578947367	0.5333333333333333
16	0.23684210526315788	0.5625
17	0.2631578947368421	0.5882352941176471
18	0.2631578947368421	0.5555555555555556
19	0.2631578947368421	0.5263157894736842
20	0.2894736842105263	0.55
21	0.2894736842105263	0.5238095238095238
22	0.2894736842105263	0.5
23	0.3157894736842105	0.5217391304347826
24	0.34210526315789475	0.5416666666666666
25	0.3684210526315789	0.56
