1	0.0	0.0
2	0.05263157894736842	0.5
3	0.05263157894736842	0.3333333333333333
4	0.05263157894736842	0.25
5	0.10526315789473684	0.4
6	0.10526315789473684	0.3333333333333333
7	0.10526315789473684	0.2857142857142857
8	0.10526315789473684	0.25
9	0.10526315789473684	0.2222222222222222
10	0.10526315789473684	0.2
11	0.10526315789473684	0.18181818181818182
12	0.10526315789473684	0.16666666666666666
13	0.15789473684210525	0.23076923076923078
14	0.15789473684210525	0.21428571428571427
15	0.15789473684210525	0.2
16	0.15789473684210525	0.1875
17	0.21052631578947367	0.23529411764705882
18	0.21052631578947367	0.2222222222222222
19	0.21052631578947367	0.21052631578947367
20	0.21052631578947367	0.2
21	0.21052631578947367	0.19047619047619047
22	0.21052631578947367	0.18181818181818182
23	0.2631578947368421	0.21739130434782608
24	0.2631578947368421	0.20833333333333334
25	0.3157894736842105	0.24
