1	0.0125	1.0
2	0.0125	0.5
3	0.0125	0.3333333333333333
4	0.0125	0.25
5	0.0125	0.2
6	0.025	0.3333333333333333
7	0.0375	0.42857142857142855
8	0.05	0.5
9	0.0625	0.5555555555555556
10	0.0625	0.5
11	0.0625	0.45454545454545453
12	0.0625	0.4166666666666667
13	0.075	0.46153846153846156
14	0.0875	0.5
15	0.0875	0.4666666666666667
16	0.1	0.5
17	0.1125	0.5294117647058824
18	0.1125	0.5
19	0.1125	0.47368421052631576
20	0.1125	0.45
21	0.1125	0.42857142857142855
22	0.1125	0.4090909090909091
23	0.1125	0.391304347826087
24	0.1125	0.375
25	0.1125	0.36
