1	0.0	0.0
2	0.019230769230769232	0.5
3	0.019230769230769232	0.3333333333333333
4	0.019230769230769232	0.25
5	0.019230769230769232	0.2
6	0.038461538461538464	0.3333333333333333
7	0.038461538461538464	0.2857142857142857
8	0.038461538461538464	0.25
9	0.038461538461538464	0.2222222222222222
10	0.057692307692307696	0.3
11	0.057692307692307696	0.2727272727272727
12	0.07692307692307693	0.3333333333333333
13	0.07692307692307693	0.3076923076923077
14	0.09615384615384616	0.35714285714285715
15	0.09615384615384616	0.3333333333333333
16	0.11538461538461539	0.375
17	0.1346153846153846	0.4117647058823529
18	0.1346153846153846	0.3888888888888889
19	0.1346153846153846	0.3684210526315789
20	0.1346153846153846	0.35
21	0.1346153846153846	0.3333333333333333
22	0.15384615384615385	0.36363636363636365
23	0.15384615384615385	0.34782608695652173
24	0.17307692307692307	0.375
25	0.17307692307692307	0.36
