1	0.0	0.0
2	0.0	0.0
3	0.008695652173913044	0.3333333333333333
4	0.008695652173913044	0.25
5	0.008695652173913044	0.2
6	0.008695652173913044	0.16666666666666666
7	0.017391304347826087	0.2857142857142857
8	0.02608695652173913	0.375
9	0.034782608695652174	0.4444444444444444
10	0.043478260869565216	0.5
11	0.043478260869565216	0.45454545454545453
12	0.05217391304347826	0.5
13	0.06086956521739131	0.5384615384615384
14	0.06956521739130435	0.5714285714285714
15	0.06956521739130435	0.5333333333333333
16	0.06956521739130435	0.5
17	0.0782608695652174	0.5294117647058824
18	0.08695652173913043	0.5555555555555556
19	0.08695652173913043	0.5263157894736842
20	0.08695652173913043	0.5
21	0.08695652173913043	0.47619047619047616
22	0.08695652173913043	0.45454545454545453
23	0.08695652173913043	0.43478260869565216
24	0.08695652173913043	0.4166666666666667
25	0.08695652173913043	0.4
