1	0.07142857142857142	1.0
2	0.07142857142857142	0.5
3	0.07142857142857142	0.3333333333333333
4	0.07142857142857142	0.25
5	0.14285714285714285	0.4
6	0.14285714285714285	0.3333333333333333
7	0.14285714285714285	0.2857142857142857
8	0.14285714285714285	0.25
9	0.14285714285714285	0.2222222222222222
10	0.21428571428571427	0.3
11	0.2857142857142857	0.36363636363636365
12	0.2857142857142857	0.3333333333333333
13	0.2857142857142857	0.3076923076923077
14	0.2857142857142857	0.2857142857142857
15	0.35714285714285715	0.3333333333333333
16	0.35714285714285715	0.3125
17	0.42857142857142855	0.35294117647058826
18	0.42857142857142855	0.3333333333333333
19	0.42857142857142855	0.3157894736842105
20	0.42857142857142855	0.3
21	0.5	0.3333333333333333
22	0.5714285714285714	0.36363636363636365
23	0.5714285714285714	0.34782608695652173
24	0.6428571428571429	0.375
25	0.6428571428571429	0.36
