1	0.045454545454545456	1.0
2	0.09090909090909091	1.0
3	0.09090909090909091	0.6666666666666666
4	0.13636363636363635	0.75
5	0.18181818181818182	0.8
6	0.22727272727272727	0.8333333333333334
7	0.22727272727272727	0.7142857142857143
8	0.2727272727272727	0.75
9	0.2727272727272727	0.6666666666666666
10	0.2727272727272727	0.6
11	0.2727272727272727	0.5454545454545454
12	0.3181818181818182	0.5833333333333334
13	0.36363636363636365	0.6153846153846154
14	0.36363636363636365	0.5714285714285714
15	0.36363636363636365	0.5333333333333333
16	0.4090909090909091	0.5625
17	0.4090909090909091	0.5294117647058824
18	0.45454545454545453	0.5555555555555556
19	0.45454545454545453	0.5263157894736842
20	0.5	0.55
21	0.5	0.5238095238095238
22	0.5	0.5
23	0.5	0.4782608695652174
24	0.5454545454545454	0.5
25	0.5909090909090909	0.52
