1	0.07142857142857142	1.0
2	0.07142857142857142	0.5
3	0.14285714285714285	0.6666666666666666
4	0.14285714285714285	0.5
5	0.21428571428571427	0.6
6	0.2857142857142857	0.6666666666666666
7	0.2857142857142857	0.5714285714285714
8	0.2857142857142857	0.5
9	0.2857142857142857	0.4444444444444444
10	0.35714285714285715	0.5
11	0.35714285714285715	0.45454545454545453
12	0.35714285714285715	0.4166666666666667
13	0.35714285714285715	0.38461538461538464
14	0.35714285714285715	0.35714285714285715
15	0.35714285714285715	0.3333333333333333
16	0.35714285714285715	0.3125
17	0.35714285714285715	0.29411764705882354
18	0.35714285714285715	0.2777777777777778
19	0.35714285714285715	0.2631578947368421
20	0.42857142857142855	0.3
21	0.42857142857142855	0.2857142857142857
22	0.42857142857142855	0.2727272727272727
23	0.42857142857142855	0.2608695652173913
24	0.42857142857142855	0.25
25	0.42857142857142855	0.24
