1	0.02857142857142857	1.0
2	0.02857142857142857	0.5
3	0.02857142857142857	0.3333333333333333
4	0.02857142857142857	0.25
5	0.02857142857142857	0.2
6	0.02857142857142857	0.16666666666666666
7	0.02857142857142857	0.14285714285714285
8	0.05714285714285714	0.25
9	0.08571428571428572	0.3333333333333333
10	0.08571428571428572	0.3
11	0.08571428571428572	0.2727272727272727
12	0.11428571428571428	0.3333333333333333
13	0.11428571428571428	0.3076923076923077
14	0.11428571428571428	0.2857142857142857
15	0.11428571428571428	0.26666666666666666
16	0.11428571428571428	0.25
17	0.14285714285714285	0.29411764705882354
18	0.17142857142857143	0.3333333333333333
19	0.17142857142857143	0.3157894736842105
20	0.2	0.35
21	0.2	0.3333333333333333
22	0.2	0.3181818181818182
23	0.2	0.30434782608695654
24	0.2	0.2916666666666667
25	0.2	0.28
