1	0.07142857142857142	1.0
2	0.07142857142857142	0.5
3	0.14285714285714285	0.6666666666666666
4	0.14285714285714285	0.5
5	0.14285714285714285	0.4
6	0.21428571428571427	0.5
7	0.21428571428571427	0.42857142857142855
8	0.21428571428571427	0.375
9	0.21428571428571427	0.3333333333333333
10	0.21428571428571427	0.3
11	0.21428571428571427	0.2727272727272727
12	0.2857142857142857	0.3333333333333333
13	0.35714285714285715	0.38461538461538464
14	0.35714285714285715	0.35714285714285715
15	0.35714285714285715	0.3333333333333333
16	0.35714285714285715	0.3125
17	0.35714285714285715	0.29411764705882354
18	0.35714285714285715	0.2777777777777778
19	0.42857142857142855	0.3157894736842105
20	0.42857142857142855	0.3
21	0.42857142857142855	0.2857142857142857
22	0.42857142857142855	0.2727272727272727
23	0.42857142857142855	0.2608695652173913
24	0.5	0.2916666666666667
25	0.5	0.28
