1	0.043478260869565216	1.0
2	0.08695652173913043	1.0
3	0.13043478260869565	1.0
4	0.13043478260869565	0.75
5	0.13043478260869565	0.6
6	0.13043478260869565	0.5
7	0.13043478260869565	0.42857142857142855
8	0.13043478260869565	0.375
9	0.17391304347826086	0.4444444444444444
10	0.17391304347826086	0.4
11	0.21739130434782608	0.45454545454545453
12	0.2608695652173913	0.5
13	0.2608695652173913	0.46153846153846156
14	0.2608695652173913	0.42857142857142855
15	0.30434782608695654	0.4666666666666667
16	0.34782608695652173	0.5
17	0.34782608695652173	0.47058823529411764
18	0.391304347826087	0.5
19	0.43478260869565216	0.5263157894736842
20	0.43478260869565216	0.5
21	0.43478260869565216	0.47619047619047616
22	0.43478260869565216	0.45454545454545453
23	0.43478260869565216	0.43478260869565216
24	0.43478260869565216	0.4166666666666667
25	0.4782608695652174	0.44
