1	0.045454545454545456	1.0
2	0.09090909090909091	1.0
3	0.13636363636363635	1.0
4	0.18181818181818182	1.0
5	0.18181818181818182	0.8
6	0.18181818181818182	0.6666666666666666
7	0.22727272727272727	0.7142857142857143
8	0.2727272727272727	0.75
9	0.3181818181818182	0.7777777777777778
10	0.36363636363636365	0.8
11	0.4090909090909091	0.8181818181818182
12	0.4090909090909091	0.75
13	0.4090909090909091	0.6923076923076923
14	0.45454545454545453	0.7142857142857143
15	0.45454545454545453	0.6666666666666666
16	0.45454545454545453	0.625
17	0.45454545454545453	0.5882352941176471
18	0.45454545454545453	0.5555555555555556
19	0.5	0.5789473684210527
20	0.5	0.55
21	0.5	0.5238095238095238
22	0.5	0.5
23	0.5	0.4782608695652174
24	0.5	0.4583333333333333
25	0.5454545454545454	0.48
