1	0.16666666666666666	1.0
2	0.3333333333333333	1.0
3	0.3333333333333333	0.6666666666666666
4	0.3333333333333333	0.5
5	0.3333333333333333	0.4
6	0.5	0.5
7	0.6666666666666666	0.5714285714285714
8	0.6666666666666666	0.5
9	0.6666666666666666	0.4444444444444444
10	0.6666666666666666	0.4
11	0.6666666666666666	0.36363636363636365
12	0.6666666666666666	0.3333333333333333
13	0.8333333333333334	0.38461538461538464
14	0.8333333333333334	0.35714285714285715
15	0.8333333333333334	0.3333333333333333
16	1.0	0.375
17	1.0	0.35294117647058826
18	1.0	0.3333333333333333
19	1.0	0.3157894736842105
20	1.0	0.3
21	1.0	0.2857142857142857
22	1.0	0.2727272727272727
23	1.0	0.2608695652173913
24	1.0	0.25
25	1.0	0.24
