1	0.0	0.0
2	0.017543859649122806	0.5
3	0.017543859649122806	0.3333333333333333
4	0.017543859649122806	0.25
5	0.017543859649122806	0.2
6	0.017543859649122806	0.16666666666666666
7	0.017543859649122806	0.14285714285714285
8	0.017543859649122806	0.125
9	0.03508771929824561	0.2222222222222222
10	0.03508771929824561	0.2
11	0.03508771929824561	0.18181818181818182
12	0.03508771929824561	0.16666666666666666
13	0.03508771929824561	0.15384615384615385
14	0.03508771929824561	0.14285714285714285
15	0.03508771929824561	0.13333333333333333
16	0.05263157894736842	0.1875
17	0.05263157894736842	0.17647058823529413
18	0.05263157894736842	0.16666666666666666
19	0.07017543859649122	0.21052631578947367
20	0.07017543859649122	0.2
21	0.07017543859649122	0.19047619047619047
22	0.07017543859649122	0.18181818181818182
23	0.07017543859649122	0.17391304347826086
24	0.07017543859649122	0.16666666666666666
25	0.07017543859649122	0.16
