1	0.05263157894736842	1.0
2	0.05263157894736842	0.5
3	0.05263157894736842	0.3333333333333333
4	0.05263157894736842	0.25
5	0.05263157894736842	0.2
6	0.05263157894736842	0.16666666666666666
7	0.05263157894736842	0.14285714285714285
8	0.05263157894736842	0.125
9	0.05263157894736842	0.1111111111111111
10	0.05263157894736842	0.1
11	0.05263157894736842	0.09090909090909091
12	0.05263157894736842	0.08333333333333333
13	0.05263157894736842	0.07692307692307693
14	0.05263157894736842	0.07142857142857142
15	0.10526315789473684	0.13333333333333333
16	0.10526315789473684	0.125
17	0.10526315789473684	0.11764705882352941
18	0.10526315789473684	0.1111111111111111
19	0.15789473684210525	0.15789473684210525
20	0.15789473684210525	0.15
21	0.15789473684210525	0.14285714285714285
22	0.21052631578947367	0.18181818181818182
23	0.21052631578947367	0.17391304347826086
24	0.21052631578947367	0.16666666666666666
25	0.2631578947368421	0.2
