1	0.04878048780487806
2	0.09523809523809523
3	0.09302325581395349
4	0.09090909090909091
5	0.13333333333333333
6	0.13043478260869565
7	0.1276595744680851
8	0.12499999999999999
9	0.12244897959183673
10	0.12
11	0.1176470588235294
12	0.11538461538461538
13	0.11320754716981132
14	0.14814814814814817
15	0.18181818181818182
16	0.17857142857142858
17	0.17543859649122806
18	0.20689655172413793
19	0.20338983050847456
20	0.23333333333333334
21	0.22950819672131145
22	0.22580645161290322
23	0.2222222222222222
24	0.21875
25	0.24615384615384614
