1	0.052631578947368425
2	0.05128205128205129
3	0.05
4	0.04878048780487805
5	0.047619047619047616
6	0.046511627906976744
7	0.045454545454545456
8	0.08888888888888889
9	0.13043478260869568
10	0.12765957446808512
11	0.16666666666666669
12	0.163265306122449
13	0.16
14	0.1568627450980392
15	0.15384615384615385
16	0.1509433962264151
17	0.14814814814814817
18	0.14545454545454545
19	0.14285714285714288
20	0.14035087719298245
21	0.13793103448275862
22	0.13559322033898308
23	0.13333333333333333
24	0.13114754098360656
25	0.12903225806451613
