1	0.0
2	0.038461538461538464
3	0.07547169811320754
4	0.07407407407407407
5	0.07272727272727272
6	0.07142857142857142
7	0.07017543859649124
8	0.06896551724137932
9	0.06779661016949154
10	0.06666666666666667
11	0.09836065573770492
12	0.0967741935483871
13	0.126984126984127
14	0.15625
15	0.15384615384615383
16	0.15151515151515152
17	0.14925373134328357
18	0.1764705882352941
19	0.17391304347826086
20	0.17142857142857143
21	0.16901408450704222
22	0.16666666666666666
23	0.1643835616438356
24	0.1891891891891892
25	0.18666666666666668
