1	0.14285714285714288
2	0.13333333333333336
3	0.25
4	0.23529411764705882
5	0.2222222222222222
6	0.21052631578947367
7	0.2
8	0.1904761904761905
9	0.18181818181818185
10	0.17391304347826086
11	0.16666666666666669
12	0.16
13	0.15384615384615385
14	0.14814814814814817
15	0.14285714285714288
16	0.13793103448275862
17	0.13333333333333333
18	0.12903225806451615
19	0.125
20	0.12121212121212123
21	0.11764705882352941
22	0.1142857142857143
23	0.1111111111111111
24	0.10810810810810811
25	0.10526315789473685
