1	0.05555555555555556
2	0.05405405405405405
3	0.10526315789473684
4	0.10256410256410256
5	0.09999999999999999
6	0.09756097560975609
7	0.09523809523809522
8	0.1395348837209302
9	0.13636363636363638
10	0.13333333333333333
11	0.13043478260869562
12	0.1276595744680851
13	0.12500000000000003
14	0.12244897959183673
15	0.12000000000000001
16	0.11764705882352938
17	0.11538461538461539
18	0.11320754716981132
19	0.11111111111111112
20	0.10909090909090909
21	0.10714285714285714
22	0.10526315789473684
23	0.10344827586206898
24	0.1016949152542373
25	0.09999999999999999
