1	0.0273972602739726
2	0.02702702702702703
3	0.05333333333333333
4	0.05263157894736842
5	0.051948051948051945
6	0.05128205128205128
7	0.05063291139240506
8	0.075
9	0.09876543209876543
10	0.12195121951219513
11	0.14457831325301204
12	0.14285714285714285
13	0.1411764705882353
14	0.13953488372093023
15	0.13793103448275862
16	0.13636363636363638
17	0.1348314606741573
18	0.13333333333333333
19	0.15384615384615385
20	0.15217391304347827
21	0.15053763440860216
22	0.14893617021276598
23	0.1473684210526316
24	0.16666666666666666
25	0.16494845360824742
