1	0.024096385542168676
2	0.023809523809523808
3	0.023529411764705882
4	0.023255813953488372
5	0.02298850574712644
6	0.022727272727272724
7	0.02247191011235955
8	0.02222222222222222
9	0.02197802197802198
10	0.02173913043478261
11	0.021505376344086023
12	0.02127659574468085
13	0.02105263157894737
14	0.04166666666666667
15	0.041237113402061855
16	0.06122448979591836
17	0.08080808080808081
18	0.1
19	0.09900990099009901
20	0.09803921568627451
21	0.0970873786407767
22	0.11538461538461536
23	0.11428571428571427
24	0.1320754716981132
25	0.13084112149532712
