1	0.03125
2	0.03076923076923077
3	0.030303030303030304
4	0.029850746268656716
5	0.029411764705882353
6	0.028985507246376812
7	0.028571428571428567
8	0.02816901408450704
9	0.027777777777777776
10	0.0547945205479452
11	0.08108108108108109
12	0.08
13	0.07894736842105264
14	0.10389610389610389
15	0.10256410256410255
16	0.12658227848101264
17	0.125
18	0.12345679012345678
19	0.12195121951219512
20	0.12048192771084337
21	0.14285714285714285
22	0.16470588235294117
23	0.1627906976744186
24	0.16091954022988506
25	0.1590909090909091
