1	0.04878048780487806
2	0.047619047619047616
3	0.046511627906976744
4	0.045454545454545456
5	0.0888888888888889
6	0.08695652173913045
7	0.0851063829787234
8	0.12499999999999999
9	0.12244897959183673
10	0.16000000000000003
11	0.15686274509803924
12	0.1923076923076923
13	0.22641509433962265
14	0.2222222222222222
15	0.21818181818181814
16	0.24999999999999994
17	0.2456140350877193
18	0.24137931034482757
19	0.2711864406779661
20	0.26666666666666666
21	0.2950819672131147
22	0.2903225806451613
23	0.2857142857142857
24	0.28125000000000006
25	0.3076923076923077
