1	0.037037037037037035
2	0.03636363636363636
3	0.03571428571428571
4	0.07017543859649122
5	0.06896551724137931
6	0.06779661016949153
7	0.06666666666666667
8	0.09836065573770493
9	0.0967741935483871
10	0.09523809523809525
11	0.09375
12	0.12307692307692308
13	0.12121212121212122
14	0.11940298507462686
15	0.14705882352941177
16	0.14492753623188406
17	0.14285714285714288
18	0.16901408450704225
19	0.19444444444444445
20	0.19178082191780824
21	0.18918918918918917
22	0.18666666666666665
23	0.2105263157894737
24	0.20779220779220778
25	0.2051282051282051
