1	0.0
2	0.0
3	0.04166666666666667
4	0.04081632653061225
5	0.039999999999999994
6	0.0392156862745098
7	0.038461538461538464
8	0.03773584905660377
9	0.037037037037037035
10	0.03636363636363636
11	0.03571428571428571
12	0.03508771929824561
13	0.034482758620689655
14	0.03389830508474576
15	0.03333333333333333
16	0.03278688524590164
17	0.03225806451612903
18	0.031746031746031744
19	0.0625
20	0.061538461538461535
21	0.06060606060606061
22	0.059701492537313425
23	0.08823529411764705
24	0.08695652173913045
25	0.08571428571428573
