1	0.0
2	0.0
3	0.027777777777777776
4	0.0547945205479452
5	0.05405405405405405
6	0.05333333333333333
7	0.05263157894736841
8	0.051948051948051945
9	0.05128205128205128
10	0.05063291139240506
11	0.05
12	0.04938271604938272
13	0.04878048780487805
14	0.048192771084337345
15	0.04761904761904762
16	0.04705882352941177
17	0.04651162790697675
18	0.04597701149425288
19	0.045454545454545456
20	0.0449438202247191
21	0.044444444444444446
22	0.04395604395604395
23	0.043478260869565216
24	0.04301075268817204
25	0.0425531914893617
