1	0.06666666666666667
2	0.12903225806451613
3	0.125
4	0.1212121212121212
5	0.1176470588235294
6	0.1142857142857143
7	0.1111111111111111
8	0.1081081081081081
9	0.10526315789473684
10	0.10256410256410257
11	0.1
12	0.14634146341463414
13	0.14285714285714288
14	0.1395348837209302
15	0.13636363636363635
16	0.13333333333333333
17	0.13043478260869565
18	0.1276595744680851
19	0.125
20	0.12244897959183673
21	0.12000000000000001
22	0.11764705882352941
23	0.11538461538461538
24	0.1509433962264151
25	0.14814814814814817
