1	0.07999999999999999
2	0.15384615384615385
3	0.14814814814814814
4	0.21428571428571427
5	0.20689655172413793
6	0.2
7	0.19354838709677416
8	0.1875
9	0.18181818181818182
10	0.23529411764705882
11	0.2285714285714286
12	0.2222222222222222
13	0.21621621621621623
14	0.2105263157894737
15	0.2051282051282051
16	0.25
17	0.24390243902439027
18	0.2380952380952381
19	0.23255813953488372
20	0.22727272727272727
21	0.26666666666666666
22	0.2608695652173913
23	0.2553191489361702
24	0.25
25	0.24489795918367346
