1	0.042553191489361694
2	0.08333333333333333
3	0.08163265306122448
4	0.12
5	0.11764705882352941
6	0.11538461538461539
7	0.11320754716981131
8	0.14814814814814817
9	0.14545454545454548
10	0.17857142857142855
11	0.21052631578947367
12	0.20689655172413793
13	0.20338983050847456
14	0.2
15	0.22950819672131148
16	0.25806451612903225
17	0.25396825396825395
18	0.25
19	0.24615384615384617
20	0.2727272727272727
21	0.2985074626865672
22	0.3235294117647059
23	0.3188405797101449
24	0.3428571428571428
25	0.36619718309859156
