1	0.0
2	0.09090909090909091
3	0.08695652173913045
4	0.08333333333333334
5	0.08000000000000002
6	0.15384615384615383
7	0.2222222222222222
8	0.21428571428571425
9	0.20689655172413793
10	0.2
11	0.19354838709677416
12	0.18749999999999997
13	0.18181818181818185
14	0.1764705882352941
15	0.17142857142857143
16	0.16666666666666663
17	0.16216216216216214
18	0.2105263157894737
19	0.20512820512820512
20	0.25
21	0.24390243902439024
22	0.23809523809523808
23	0.23255813953488372
24	0.22727272727272727
25	0.22222222222222224
