1	0.05882352941176471
2	0.05714285714285715
3	0.1111111111111111
4	0.10810810810810813
5	0.10526315789473685
6	0.15384615384615385
7	0.15000000000000002
8	0.1951219512195122
9	0.2380952380952381
10	0.23255813953488375
11	0.22727272727272727
12	0.26666666666666666
13	0.30434782608695654
14	0.2978723404255319
15	0.29166666666666663
16	0.2857142857142857
17	0.27999999999999997
18	0.27450980392156865
19	0.2692307692307693
20	0.26415094339622636
21	0.25925925925925924
22	0.2545454545454546
23	0.25
24	0.2456140350877193
25	0.2413793103448276
