1	0.09523809523809523
2	0.18181818181818182
3	0.2608695652173913
4	0.24999999999999997
5	0.32000000000000006
6	0.30769230769230765
7	0.29629629629629634
8	0.35714285714285715
9	0.3448275862068966
10	0.4
11	0.3870967741935483
12	0.37499999999999994
13	0.3636363636363637
14	0.3529411764705882
15	0.34285714285714286
16	0.33333333333333326
17	0.3243243243243243
18	0.3157894736842105
19	0.3076923076923077
20	0.35
21	0.3414634146341463
22	0.3333333333333333
23	0.3255813953488372
24	0.31818181818181823
25	0.3111111111111111
