1	0.0
2	0.1111111111111111
3	0.21052631578947367
4	0.3
5	0.38095238095238093
6	0.45454545454545453
7	0.43478260869565216
8	0.4166666666666667
9	0.39999999999999997
10	0.38461538461538464
11	0.3703703703703703
12	0.35714285714285715
13	0.3448275862068966
14	0.3333333333333333
15	0.3225806451612903
16	0.375
17	0.3636363636363636
18	0.411764705882353
19	0.39999999999999997
20	0.38888888888888884
21	0.37837837837837834
22	0.3684210526315789
23	0.358974358974359
24	0.35000000000000003
25	0.34146341463414637
