1	0.07407407407407407
2	0.07142857142857144
3	0.06896551724137931
4	0.06666666666666668
5	0.06451612903225806
6	0.125
7	0.12121212121212123
8	0.11764705882352941
9	0.1142857142857143
10	0.1111111111111111
11	0.10810810810810811
12	0.10526315789473684
13	0.10256410256410257
14	0.1
15	0.14634146341463417
16	0.14285714285714285
17	0.13953488372093026
18	0.13636363636363638
19	0.17777777777777778
20	0.17391304347826086
21	0.1702127659574468
22	0.16666666666666669
23	0.16326530612244897
24	0.16
25	0.1568627450980392
