0.15384615384615385
0.16666666666666666
0.20000000000000004
0.1818181818181818
0.15384615384615385
0.14285714285714285
0.07407407407407407
0.4000000000000001
0.4
0.22222222222222224
0.6
0.0
0.047619047619047616
0.21052631578947364
0.5000000000000001
0.02298850574712644
0.15384615384615385
0.5
0.030303030303030307
0.16000000000000003
0.42857142857142855
0.25806451612903225
0.0
0.11764705882352941
0.0
0.14285714285714285
0.08695652173913045
0.26666666666666666
0.14285714285714285
0.3333333333333333
0.1777777777777778
0.35294117647058826
0.3636363636363636
0.14285714285714285
0.42857142857142855
0.0
0.14285714285714285
0.1818181818181818
0.3846153846153846
0.20689655172413793
0.4000000000000001
0.3636363636363636
0.16666666666666666
0.6
0.22222222222222224
0.06896551724137931
0.034482758620689655
0.15384615384615385
0.0
0.20000000000000004
0.20000000000000004
0.5
0.13333333333333333
0.22222222222222224
0.19047619047619047
0.14285714285714285
0.2222222222222222
0.6
0.21052631578947364
0.0
0.1818181818181818
0.15384615384615385
0.0
0.04081632653061225
0.35294117647058826
0.07142857142857142
0.2857142857142857
0.33333333333333337
0.1818181818181818
0.0
0.13333333333333333
0.0
0.11764705882352941
0.3333333333333333
0.0
0.14814814814814814
0.19047619047619047
0.13333333333333333
0.0888888888888889
0.3636363636363636
0.42857142857142855
0.16000000000000003
0.0909090909090909
0.1818181818181818
0.15384615384615385
0.0588235294117647
0.0
0.0
0.16666666666666666
0.4000000000000001
0.0
0.20000000000000004
0.0
0.10526315789473682
0.3636363636363636
0.14814814814814814
0.4000000000000001
0.11764705882352941
0.19999999999999998
0.3636363636363636
0.15384615384615385
0.0
0.0425531914893617
0.10526315789473682
0.1111111111111111
0.14285714285714285
0.22222222222222224
0.14285714285714285
0.13333333333333333
0.12500000000000003
0.21052631578947364
0.37499999999999994
0.13333333333333333
0.2962962962962963
0.14285714285714285
0.37499999999999994
0.4000000000000001
0.20000000000000004
0.6
0.32000000000000006
0.15384615384615385
0.1739130434782609
0.0
0.0
0.0
0.13333333333333333
0.1818181818181818
0.13333333333333333
0.19999999999999998
0.08000000000000002
0.4000000000000001
0.15384615384615385
0.3571428571428571
0.14814814814814814
0.08333333333333333
0.3076923076923077
0.5000000000000001
0.15384615384615385
0.5454545454545454
0.0
0.1111111111111111
0.4000000000000001
0.20000000000000004
0.14285714285714285
0.4000000000000001
0.07272727272727272
0.09999999999999999
0.0425531914893617
0.06451612903225806
0.0
0.16666666666666666
0.2222222222222222
0.014184397163120567
0.04444444444444445
0.14285714285714285
0.6
0.1818181818181818
0.23529411764705882
0.16666666666666666
0.1818181818181818
0.5
0.6
0.24
0.13333333333333333
0.3636363636363636
0.11764705882352941
0.4444444444444445
0.2857142857142857
0.08695652173913045
0.1395348837209302
0.3333333333333333
0.14814814814814814
0.14285714285714285
0.26666666666666666
0.23529411764705882
0.15384615384615385
0.13333333333333333
0.0625
0.2222222222222222
0.14285714285714285
0.3636363636363636
0.3636363636363636
0.16666666666666666
0.2
0.4444444444444445
0.4000000000000001
0.4000000000000001
0.4000000000000001
0.12500000000000003
0.13333333333333333
0.06666666666666667
0.22222222222222224
0.06666666666666667
0.4000000000000001
0.4000000000000001
0.1
0.0
0.1176470588235294
0.125
0.22222222222222218
0.15384615384615385
0.1818181818181818
0.4000000000000001
0.0
0.20000000000000004
0.4000000000000001
0.14285714285714285
0.14285714285714285
0.1
0.019801980198019802
0.25000000000000006
0.23529411764705882
0.26666666666666666
0.20000000000000004
0.13333333333333333
0.029411764705882353
0.3333333333333333
0.07142857142857142
0.0851063829787234
0.15384615384615385
0.1777777777777778
0.0
0.09999999999999999
0.07407407407407407
0.06451612903225806
0.05128205128205128
0.4000000000000001
0.20000000000000004
0.0
0.4615384615384615
0.1
0.888888888888889
0.3076923076923077
0.25000000000000006
0.2857142857142857
0.08695652173913045
0.0
0.33333333333333337
0.15384615384615385
0.1
0.12121212121212122
0.11764705882352941
0.07692307692307693
0.2
0.6666666666666665
0.0
0.23529411764705882
0.12121212121212122
0.20000000000000004
0.14634146341463414
0.0909090909090909
0.8000000000000002
0.0
0.5454545454545454
0.0
0.0
0.4000000000000001
0.3636363636363636
0.039999999999999994
0.4000000000000001
0.20000000000000004
0.6666666666666665
0.12500000000000003
0.09523809523809523
0.16666666666666666
0.4000000000000001
0.3636363636363636
0.07407407407407407
0.25000000000000006
0.051948051948051945
0.20000000000000004
0.6
0.06896551724137931
0.4000000000000001
0.11764705882352941
0.10526315789473685
0.25000000000000006
0.4
0.21052631578947364
0.1111111111111111
0.12500000000000003
0.0
0.20000000000000004
0.15384615384615385
0.4444444444444445
0.3636363636363636
0.37499999999999994
0.23529411764705882
0.22222222222222224
0.38095238095238093
0.0
0.0851063829787234
0.20000000000000004
0.2857142857142857
0.26666666666666666
0.0
0.22222222222222224
0.35294117647058826
0.20000000000000004
0.15
0.4000000000000001
0.0
0.4444444444444445
0.0
0.13333333333333333
0.4000000000000001
0.2222222222222222
0.14285714285714285
0.0
0.0
0.3636363636363636
0.0
0.5454545454545454
0.12500000000000003
0.4000000000000001
0.16666666666666666
0.1818181818181818
0.2222222222222222
0.16666666666666666
0.1818181818181818
0.3333333333333333
0.14814814814814814
0.1739130434782609
0.10256410256410256
0.4
0.4444444444444445
0.4000000000000001
0.20000000000000004
0.15384615384615385
0.4000000000000001
0.0
0.3333333333333333
0.06896551724137931
0.4000000000000001
0.2857142857142857
0.0
0.3157894736842105
0.05128205128205128
0.6
0.0
0.16666666666666666
0.4
0.3076923076923077
0.0
0.05128205128205128
0.14285714285714285
0.05555555555555555
0.10526315789473682
0.09999999999999999
0.08000000000000002
0.4000000000000001
0.1818181818181818
0.07692307692307693
0.05405405405405406
0.5454545454545454
0.1851851851851852
0.13333333333333333
0.4615384615384615
0.0588235294117647
0.11764705882352941
0.25000000000000006
0.23529411764705882
0.0
0.3076923076923077
0.0816326530612245
0.1818181818181818
0.3636363636363636
0.04444444444444445
0.13333333333333333
0.16666666666666666
0.16666666666666666
0.4000000000000001
0.6
0.07692307692307693
0.15384615384615385
0.052631578947368425
0.4000000000000001
0.3333333333333333
0.0
0.22222222222222224
0.0
0.3076923076923077
0.1818181818181818
0.0
0.4444444444444445
0.0
0.12500000000000003
0.3636363636363636
0.0425531914893617
0.4615384615384615
0.1111111111111111
0.38095238095238093
0.25000000000000006
0.16666666666666666
0.13333333333333333
0.14285714285714285
0.030303030303030307
0.0
0.0
0.1818181818181818
0.4000000000000001
0.06896551724137931
0.15384615384615385
0.07017543859649124
0.0
0.4000000000000001
0.15384615384615385
0.1
0.42857142857142855
0.4
0.5454545454545454
0.4000000000000001
0.4000000000000001
0.0
0.6
0.0
0.16666666666666666
0.20000000000000004
0.4000000000000001
0.4000000000000001
0.5454545454545454
0.16666666666666666
0.15384615384615385
0.0
0.12500000000000003
0.26666666666666666
0.23529411764705882
0.4444444444444445
0.046511627906976744
0.0
0.14285714285714285
0.4615384615384615
0.0
0.16666666666666666
0.0
0.10256410256410256
0.2857142857142857
0.4000000000000001
0.3076923076923077
0.3333333333333333
0.125
0.20000000000000004
0.08333333333333333
0.0
0.0
0.15384615384615385
0.4166666666666667
0.3333333333333333
0.26666666666666666
0.6153846153846154
0.2857142857142857
0.05405405405405405
0.25000000000000006
0.10526315789473682
0.052631578947368425
0.0
0.4444444444444445
0.20000000000000004
0.11764705882352941
0.2
0.3636363636363636
0.13333333333333333
0.0
0.20689655172413793
0.12500000000000003
0.3636363636363636
0.16666666666666666
0.045454545454545456
0.3333333333333333
0.14814814814814814
0.2222222222222222
0.1818181818181818
0.14285714285714285
0.16666666666666666
0.6
0.1
0.4000000000000001
0.32000000000000006
0.14285714285714285
0.1
0.16666666666666666
0.15384615384615385
0.0
0.16666666666666666
0.6666666666666665
0.4000000000000001
0.2857142857142857
0.16666666666666666
0.0
0.0
0.4000000000000001
0.2222222222222222
0.14814814814814814
0.3636363636363636
0.20000000000000004
0.6
0.26666666666666666
0.0
0.0
0.09999999999999999
0.2222222222222222
0.19047619047619047
0.1818181818181818
0.16666666666666666
0.16666666666666666
0.049999999999999996
0.14285714285714285
0.11764705882352941
0.3333333333333333
0.10526315789473685
0.10526315789473682
0.0
0.6153846153846154
0.1818181818181818
0.14285714285714285
0.2
0.25000000000000006
0.3333333333333333
0.0
0.11764705882352941
