1	0.1
2	0.1904761904761905
3	0.2727272727272727
4	0.34782608695652173
5	0.4166666666666667
6	0.39999999999999997
7	0.3846153846153846
8	0.37037037037037035
9	0.35714285714285715
10	0.3448275862068966
11	0.39999999999999997
12	0.3870967741935484
13	0.37499999999999994
14	0.36363636363636365
15	0.35294117647058826
16	0.34285714285714286
17	0.33333333333333337
18	0.3243243243243243
19	0.3157894736842105
20	0.358974358974359
21	0.35
22	0.3414634146341463
23	0.3333333333333333
24	0.32558139534883723
25	0.3181818181818182
