1	0.0689655172413793
2	0.06666666666666667
3	0.06451612903225806
4	0.0625
5	0.12121212121212122
6	0.17647058823529413
7	0.2285714285714286
8	0.22222222222222224
9	0.21621621621621623
10	0.21052631578947364
11	0.2051282051282051
12	0.2
13	0.1951219512195122
14	0.19047619047619047
15	0.18604651162790697
16	0.18181818181818182
17	0.17777777777777778
18	0.17391304347826086
19	0.2127659574468085
20	0.20833333333333331
21	0.20408163265306123
22	0.2
23	0.19607843137254902
24	0.1923076923076923
25	0.1886792452830189
