1	0.05555555555555556
2	0.05405405405405405
3	0.05263157894736842
4	0.05128205128205128
5	0.09999999999999999
6	0.14634146341463414
7	0.14285714285714285
8	0.1395348837209302
9	0.13636363636363638
10	0.13333333333333333
11	0.13043478260869562
12	0.1702127659574468
13	0.16666666666666666
14	0.16326530612244897
15	0.16
16	0.1568627450980392
17	0.15384615384615385
18	0.1509433962264151
19	0.14814814814814814
20	0.14545454545454545
21	0.14285714285714285
22	0.14035087719298245
23	0.13793103448275862
24	0.13559322033898305
25	0.13333333333333333
