1	0.08695652173913045
2	0.16666666666666669
3	0.24000000000000002
4	0.23076923076923075
5	0.2962962962962963
6	0.28571428571428575
7	0.27586206896551724
8	0.26666666666666666
9	0.3225806451612903
10	0.37499999999999994
11	0.3636363636363636
12	0.3529411764705882
13	0.3428571428571428
14	0.33333333333333326
15	0.3243243243243243
16	0.3157894736842105
17	0.30769230769230765
18	0.35000000000000003
19	0.3902439024390244
20	0.380952380952381
21	0.37209302325581395
22	0.36363636363636365
23	0.3555555555555555
24	0.3913043478260869
25	0.3829787234042554
