1	0.0689655172413793
2	0.06666666666666667
3	0.12903225806451613
4	0.125
5	0.12121212121212122
6	0.11764705882352941
7	0.1142857142857143
8	0.11111111111111112
9	0.10810810810810811
10	0.10526315789473682
11	0.10256410256410255
12	0.1
13	0.0975609756097561
14	0.14285714285714285
15	0.13953488372093023
16	0.13636363636363635
17	0.13333333333333333
18	0.17391304347826086
19	0.2127659574468085
20	0.20833333333333331
21	0.20408163265306123
22	0.2
23	0.19607843137254902
24	0.23076923076923075
25	0.2264150943396226
