1	0.04878048780487806
2	0.09523809523809523
3	0.09302325581395349
4	0.13636363636363635
5	0.1777777777777778
6	0.1739130434782609
7	0.1702127659574468
8	0.16666666666666669
9	0.20408163265306123
10	0.2
11	0.196078431372549
12	0.1923076923076923
13	0.18867924528301888
14	0.2222222222222222
15	0.2545454545454546
16	0.28571428571428575
17	0.31578947368421056
18	0.3448275862068966
19	0.3389830508474576
20	0.3333333333333333
21	0.32786885245901637
22	0.3225806451612903
23	0.34920634920634924
24	0.34374999999999994
25	0.3692307692307692
