1	0.046511627906976744
2	0.04545454545454545
3	0.044444444444444446
4	0.04347826086956521
5	0.0425531914893617
6	0.041666666666666664
7	0.04081632653061224
8	0.08
9	0.0784313725490196
10	0.07692307692307693
11	0.07547169811320754
12	0.07407407407407407
13	0.07272727272727272
14	0.07142857142857142
15	0.07017543859649122
16	0.10344827586206898
17	0.10169491525423728
18	0.1
19	0.09836065573770492
20	0.09677419354838708
21	0.09523809523809523
22	0.09374999999999999
23	0.0923076923076923
24	0.09090909090909091
25	0.08955223880597014
