1	0.19999999999999998
2	0.1818181818181818
3	0.16666666666666666
4	0.15384615384615383
5	0.14285714285714285
6	0.13333333333333333
7	0.125
8	0.11764705882352941
9	0.1111111111111111
10	0.10526315789473685
11	0.09999999999999999
12	0.09523809523809525
13	0.18181818181818185
14	0.2608695652173913
15	0.25
16	0.32
17	0.30769230769230765
18	0.3703703703703704
19	0.35714285714285715
20	0.3448275862068966
21	0.33333333333333326
22	0.3225806451612903
23	0.3125
24	0.30303030303030304
25	0.29411764705882354
