1	0.08333333333333333
2	0.08
3	0.15384615384615383
4	0.14814814814814817
5	0.14285714285714285
6	0.20689655172413793
7	0.2
8	0.19354838709677416
9	0.18750000000000003
10	0.18181818181818182
11	0.1764705882352941
12	0.1714285714285714
13	0.16666666666666669
14	0.16216216216216214
15	0.15789473684210528
16	0.15384615384615383
17	0.15
18	0.14634146341463414
19	0.14285714285714288
20	0.13953488372093023
21	0.13636363636363635
22	0.1333333333333333
23	0.13043478260869565
24	0.1276595744680851
25	0.12499999999999997
