1	0.18181818181818182
2	0.16666666666666669
3	0.15384615384615383
4	0.14285714285714288
5	0.13333333333333333
6	0.125
7	0.11764705882352941
8	0.11111111111111112
9	0.10526315789473685
10	0.10000000000000002
11	0.09523809523809525
12	0.1818181818181818
13	0.17391304347826086
14	0.16666666666666666
15	0.16
16	0.15384615384615385
17	0.14814814814814817
18	0.14285714285714285
19	0.13793103448275862
20	0.13333333333333333
21	0.12903225806451613
22	0.12500000000000003
23	0.12121212121212122
24	0.11764705882352941
25	0.11428571428571428
