1	0.08333333333333333
2	0.08
3	0.07692307692307691
4	0.14814814814814817
5	0.14285714285714285
6	0.13793103448275862
7	0.13333333333333333
8	0.19354838709677416
9	0.18750000000000003
10	0.18181818181818182
11	0.1764705882352941
12	0.22857142857142854
13	0.2222222222222222
14	0.2162162162162162
15	0.2105263157894737
16	0.2564102564102564
17	0.25
18	0.24390243902439024
19	0.23809523809523808
20	0.27906976744186046
21	0.2727272727272727
22	0.2666666666666666
23	0.30434782608695654
24	0.2978723404255319
25	0.3333333333333333
