1	0.1111111111111111
2	0.10526315789473684
3	0.1
4	0.09523809523809523
5	0.0909090909090909
6	0.08695652173913045
7	0.08333333333333333
8	0.15999999999999998
9	0.15384615384615383
10	0.14814814814814817
11	0.14285714285714285
12	0.13793103448275862
13	0.13333333333333333
14	0.1935483870967742
15	0.18750000000000003
16	0.24242424242424243
17	0.29411764705882354
18	0.28571428571428575
19	0.27777777777777773
20	0.27027027027027023
21	0.2631578947368421
22	0.25641025641025644
23	0.25
24	0.24390243902439027
25	0.2380952380952381
