1	0.04878048780487806
2	0.09523809523809523
3	0.13953488372093023
4	0.18181818181818182
5	0.1777777777777778
6	0.1739130434782609
7	0.1702127659574468
8	0.16666666666666669
9	0.20408163265306123
10	0.2
11	0.196078431372549
12	0.1923076923076923
13	0.18867924528301888
14	0.2222222222222222
15	0.21818181818181814
16	0.24999999999999994
17	0.2456140350877193
18	0.24137931034482757
19	0.23728813559322032
20	0.23333333333333334
21	0.2622950819672132
22	0.25806451612903225
23	0.2857142857142857
24	0.28125000000000006
25	0.3076923076923077
