1	0.09523809523809523
2	0.09090909090909091
3	0.08695652173913045
4	0.08333333333333334
5	0.08000000000000002
6	0.15384615384615383
7	0.14814814814814817
8	0.14285714285714288
9	0.13793103448275865
10	0.13333333333333333
11	0.12903225806451613
12	0.18749999999999997
13	0.18181818181818185
14	0.1764705882352941
15	0.2285714285714286
16	0.22222222222222224
17	0.2162162162162162
18	0.2631578947368421
19	0.25641025641025644
20	0.25
21	0.2926829268292683
22	0.28571428571428564
23	0.3255813953488372
24	0.31818181818181823
25	0.3111111111111111
