1	0.16666666666666669
2	0.3076923076923077
3	0.42857142857142855
4	0.5333333333333333
5	0.5000000000000001
6	0.4705882352941177
7	0.4444444444444444
8	0.4210526315789474
9	0.39999999999999997
10	0.380952380952381
11	0.45454545454545453
12	0.5217391304347826
13	0.5833333333333334
14	0.56
15	0.5384615384615385
16	0.5185185185185185
17	0.5
18	0.5517241379310345
19	0.5333333333333333
20	0.5806451612903226
21	0.6249999999999999
22	0.6060606060606061
23	0.5882352941176471
24	0.6285714285714286
25	0.6111111111111112
