1	0.0
2	0.05405405405405405
3	0.05263157894736842
4	0.10256410256410256
5	0.15
6	0.14634146341463414
7	0.19047619047619044
8	0.18604651162790695
9	0.1818181818181818
10	0.22222222222222224
11	0.21739130434782608
12	0.21276595744680848
13	0.25000000000000006
14	0.24489795918367346
15	0.24000000000000002
16	0.27450980392156865
17	0.3076923076923077
18	0.3018867924528302
19	0.2962962962962963
20	0.2909090909090909
21	0.2857142857142857
22	0.2807017543859649
23	0.3103448275862069
24	0.30508474576271183
25	0.3
