1	0.05128205128205127
2	0.05
3	0.048780487804878044
4	0.04761904761904762
5	0.046511627906976744
6	0.045454545454545456
7	0.044444444444444446
8	0.08695652173913043
9	0.0851063829787234
10	0.08333333333333333
11	0.08163265306122448
12	0.08
13	0.0784313725490196
14	0.11538461538461539
15	0.11320754716981134
16	0.11111111111111109
17	0.10909090909090909
18	0.14285714285714285
19	0.17543859649122803
20	0.1724137931034483
21	0.2033898305084746
22	0.19999999999999998
23	0.19672131147540983
24	0.1935483870967742
25	0.19047619047619047
