1	0.0
2	0.047619047619047616
3	0.046511627906976744
4	0.045454545454545456
5	0.04444444444444445
6	0.04347826086956522
7	0.0425531914893617
8	0.08333333333333334
9	0.0816326530612245
10	0.12
11	0.1176470588235294
12	0.15384615384615383
13	0.15094339622641512
14	0.14814814814814817
15	0.14545454545454545
16	0.17857142857142858
17	0.21052631578947367
18	0.20689655172413793
19	0.20338983050847456
20	0.23333333333333334
21	0.22950819672131145
22	0.22580645161290322
23	0.2222222222222222
24	0.21875
25	0.24615384615384614
