1	0.0909090909090909
2	0.08695652173913042
3	0.08333333333333333
4	0.08
5	0.07692307692307693
6	0.07407407407407407
7	0.07142857142857142
8	0.06896551724137931
9	0.06666666666666667
10	0.06451612903225806
11	0.0625
12	0.060606060606060615
13	0.058823529411764705
14	0.057142857142857134
15	0.05555555555555555
16	0.1081081081081081
17	0.10526315789473684
18	0.10256410256410256
19	0.1
20	0.0975609756097561
21	0.09523809523809523
22	0.09302325581395349
23	0.0909090909090909
24	0.08888888888888889
25	0.08695652173913043
