1	0.046511627906976744
2	0.04545454545454545
3	0.044444444444444446
4	0.04347826086956521
5	0.0425531914893617
6	0.041666666666666664
7	0.04081632653061224
8	0.04
9	0.0392156862745098
10	0.07692307692307693
11	0.07547169811320754
12	0.07407407407407407
13	0.10909090909090909
14	0.10714285714285714
15	0.10526315789473682
16	0.10344827586206898
17	0.10169491525423728
18	0.1
19	0.09836065573770492
20	0.09677419354838708
21	0.09523809523809523
22	0.125
23	0.15384615384615383
24	0.15151515151515152
25	0.1492537313432836
