1	0.0
2	0.09523809523809525
3	0.09090909090909091
4	0.08695652173913043
5	0.16666666666666666
6	0.23999999999999996
7	0.23076923076923078
8	0.22222222222222218
9	0.2857142857142857
10	0.27586206896551724
11	0.26666666666666666
12	0.2580645161290323
13	0.25
14	0.24242424242424243
15	0.23529411764705882
16	0.22857142857142856
17	0.2222222222222222
18	0.21621621621621623
19	0.21052631578947367
20	0.20512820512820512
21	0.2
22	0.1951219512195122
23	0.1904761904761905
24	0.186046511627907
25	0.1818181818181818
