1	0.1111111111111111
2	0.21052631578947367
3	0.2
4	0.2857142857142857
5	0.3636363636363636
6	0.3478260869565218
7	0.3333333333333333
8	0.31999999999999995
9	0.30769230769230765
10	0.37037037037037035
11	0.35714285714285715
12	0.3448275862068966
13	0.33333333333333337
14	0.3225806451612903
15	0.3125
16	0.3636363636363636
17	0.4117647058823529
18	0.39999999999999997
19	0.3888888888888889
20	0.4324324324324324
21	0.42105263157894735
22	0.41025641025641024
23	0.39999999999999997
24	0.39024390243902435
25	0.42857142857142855
