1	0.19999999999999998
2	0.3636363636363636
3	0.3333333333333333
4	0.30769230769230765
5	0.2857142857142857
6	0.26666666666666666
7	0.25
8	0.23529411764705882
9	0.2222222222222222
10	0.2105263157894737
11	0.19999999999999998
12	0.1904761904761905
13	0.27272727272727276
14	0.2608695652173913
15	0.25
16	0.24000000000000005
17	0.23076923076923078
18	0.2222222222222222
19	0.21428571428571427
20	0.20689655172413793
21	0.2
22	0.1935483870967742
23	0.18750000000000003
24	0.18181818181818182
25	0.1764705882352941
