1	0.0
2	0.014492753623188406
3	0.014388489208633096
4	0.014285714285714287
5	0.014184397163120567
6	0.014084507042253521
7	0.027972027972027972
8	0.027777777777777776
9	0.027586206896551724
10	0.0273972602739726
11	0.027210884353741496
12	0.04054054054054055
13	0.04026845637583894
14	0.04
15	0.039735099337748346
16	0.039473684210526314
17	0.03921568627450981
18	0.03896103896103896
19	0.03870967741935484
20	0.05128205128205128
21	0.05095541401273885
22	0.050632911392405056
23	0.05031446540880503
24	0.05
25	0.04968944099378882
