1	0.0909090909090909
2	0.17391304347826084
3	0.16666666666666666
4	0.24
5	0.3076923076923077
6	0.2962962962962963
7	0.2857142857142857
8	0.27586206896551724
9	0.33333333333333326
10	0.3225806451612903
11	0.31249999999999994
12	0.30303030303030304
13	0.35294117647058826
14	0.4
15	0.3888888888888889
16	0.37837837837837834
17	0.36842105263157887
18	0.358974358974359
19	0.35
20	0.3902439024390244
21	0.38095238095238093
22	0.37209302325581395
23	0.4090909090909091
24	0.39999999999999997
25	0.43478260869565216
