1	0.11764705882352941
2	0.2222222222222222
3	0.21052631578947367
4	0.3
5	0.2857142857142857
6	0.36363636363636365
7	0.34782608695652173
8	0.3333333333333333
9	0.32
10	0.3076923076923077
11	0.2962962962962963
12	0.28571428571428575
13	0.3448275862068966
14	0.3333333333333333
15	0.3225806451612903
16	0.375
17	0.3636363636363636
18	0.35294117647058826
19	0.34285714285714286
20	0.33333333333333326
21	0.3243243243243243
22	0.3684210526315789
23	0.358974358974359
24	0.35000000000000003
25	0.34146341463414637
