1	0.08695652173913045
2	0.08333333333333334
3	0.08
4	0.07692307692307693
5	0.07407407407407407
6	0.07142857142857144
7	0.06896551724137931
8	0.13333333333333333
9	0.1290322580645161
10	0.12500000000000003
11	0.12121212121212123
12	0.11764705882352942
13	0.1142857142857143
14	0.1111111111111111
15	0.16216216216216214
16	0.2105263157894737
17	0.20512820512820512
18	0.19999999999999998
19	0.1951219512195122
20	0.1904761904761905
21	0.18604651162790697
22	0.18181818181818182
23	0.17777777777777776
24	0.17391304347826086
25	0.1702127659574468
