1	0.19999999999999998
2	0.1818181818181818
3	0.3333333333333333
4	0.30769230769230765
5	0.42857142857142855
6	0.4
7	0.375
8	0.47058823529411764
9	0.4444444444444444
10	0.4210526315789474
11	0.39999999999999997
12	0.380952380952381
13	0.3636363636363637
14	0.34782608695652173
15	0.33333333333333337
16	0.32
17	0.30769230769230765
18	0.2962962962962963
19	0.35714285714285715
20	0.3448275862068966
21	0.33333333333333326
22	0.3870967741935484
23	0.43750000000000006
24	0.42424242424242425
25	0.4117647058823529
