1	0.0
2	0.05714285714285715
3	0.05555555555555555
4	0.054054054054054064
5	0.052631578947368425
6	0.05128205128205128
7	0.05
8	0.0975609756097561
9	0.14285714285714288
10	0.186046511627907
11	0.22727272727272727
12	0.2222222222222222
13	0.21739130434782608
14	0.21276595744680848
15	0.20833333333333331
16	0.20408163265306123
17	0.19999999999999998
18	0.19607843137254904
19	0.19230769230769232
20	0.18867924528301888
21	0.18518518518518517
22	0.18181818181818182
23	0.17857142857142858
24	0.1754385964912281
25	0.17241379310344826
