1	0.08695652173913045
2	0.08333333333333334
3	0.16
4	0.15384615384615385
5	0.14814814814814814
6	0.14285714285714288
7	0.20689655172413793
8	0.19999999999999998
9	0.1935483870967742
10	0.25000000000000006
11	0.30303030303030304
12	0.29411764705882354
13	0.2857142857142857
14	0.2777777777777778
15	0.27027027027027023
16	0.2631578947368421
17	0.25641025641025644
18	0.25
19	0.2926829268292683
20	0.28571428571428564
21	0.2790697674418604
22	0.2727272727272727
23	0.2666666666666666
24	0.2608695652173913
25	0.2553191489361702
