1	0.07407407407407407
2	0.14285714285714288
3	0.20689655172413793
4	0.2666666666666667
5	0.25806451612903225
6	0.25
7	0.24242424242424246
8	0.29411764705882354
9	0.28571428571428575
10	0.2777777777777778
11	0.27027027027027023
12	0.2631578947368421
13	0.30769230769230776
14	0.35000000000000003
15	0.3902439024390244
16	0.4285714285714286
17	0.41860465116279066
18	0.40909090909090906
19	0.39999999999999997
20	0.4347826086956522
21	0.42553191489361697
22	0.4583333333333333
23	0.44897959183673475
24	0.43999999999999995
25	0.47058823529411764
