1	0.039999999999999994
2	0.07843137254901959
3	0.11538461538461538
4	0.15094339622641506
5	0.1851851851851852
6	0.18181818181818182
7	0.17857142857142858
8	0.17543859649122806
9	0.1724137931034483
10	0.1694915254237288
11	0.16666666666666669
12	0.19672131147540983
13	0.1935483870967742
14	0.19047619047619047
15	0.1875
16	0.2153846153846154
17	0.21212121212121207
18	0.208955223880597
19	0.20588235294117646
20	0.20289855072463767
21	0.22857142857142856
22	0.22535211267605632
23	0.22222222222222224
24	0.21917808219178078
25	0.21621621621621617
