1	0.08695652173913045
2	0.16666666666666669
3	0.16
4	0.15384615384615385
5	0.14814814814814814
6	0.21428571428571427
7	0.20689655172413793
8	0.19999999999999998
9	0.1935483870967742
10	0.18749999999999997
11	0.1818181818181818
12	0.23529411764705885
13	0.2285714285714286
14	0.2222222222222222
15	0.21621621621621623
16	0.2105263157894737
17	0.20512820512820512
18	0.19999999999999998
19	0.1951219512195122
20	0.1904761904761905
21	0.18604651162790697
22	0.22727272727272727
23	0.22222222222222224
24	0.21739130434782608
25	0.21276595744680854
