1	0.05555555555555556
2	0.05405405405405405
3	0.05263157894736842
4	0.05128205128205128
5	0.09999999999999999
6	0.09756097560975609
7	0.09523809523809522
8	0.1395348837209302
9	0.13636363636363638
10	0.17777777777777776
11	0.21739130434782608
12	0.21276595744680848
13	0.25000000000000006
14	0.24489795918367346
15	0.24000000000000002
16	0.27450980392156865
17	0.2692307692307692
18	0.3018867924528302
19	0.2962962962962963
20	0.2909090909090909
21	0.2857142857142857
22	0.2807017543859649
23	0.27586206896551724
24	0.2711864406779661
25	0.26666666666666666
