1	0.05714285714285715
2	0.05555555555555555
3	0.05405405405405406
4	0.05263157894736842
5	0.05128205128205128
6	0.05
7	0.04878048780487805
8	0.047619047619047616
9	0.04651162790697674
10	0.04545454545454545
11	0.04444444444444444
12	0.04347826086956522
13	0.0425531914893617
14	0.041666666666666664
15	0.04081632653061225
16	0.07999999999999999
17	0.07843137254901962
18	0.11538461538461539
19	0.11320754716981131
20	0.11111111111111112
21	0.10909090909090909
22	0.10714285714285714
23	0.10526315789473685
24	0.10344827586206896
25	0.10169491525423728
