1	0.0
2	0.07407407407407407
3	0.14285714285714285
4	0.20689655172413793
5	0.19999999999999998
6	0.1935483870967742
7	0.25
8	0.24242424242424243
9	0.29411764705882354
10	0.28571428571428575
11	0.3333333333333333
12	0.32432432432432434
13	0.3157894736842105
14	0.30769230769230765
15	0.35000000000000003
16	0.34146341463414637
17	0.3333333333333333
18	0.32558139534883723
19	0.3181818181818182
20	0.3111111111111111
21	0.30434782608695654
22	0.29787234042553196
23	0.2916666666666667
24	0.2857142857142857
25	0.28
