1	0.0
2	0.0
3	0.04255319148936171
4	0.08333333333333334
5	0.0816326530612245
6	0.12000000000000001
7	0.1568627450980392
8	0.15384615384615385
9	0.18867924528301888
10	0.18518518518518517
11	0.18181818181818182
12	0.17857142857142858
13	0.21052631578947364
14	0.20689655172413793
15	0.20338983050847456
16	0.19999999999999998
17	0.19672131147540983
18	0.1935483870967742
19	0.19047619047619047
20	0.21875
21	0.21538461538461537
22	0.24242424242424246
23	0.2388059701492537
24	0.23529411764705885
25	0.2318840579710145
