1	0.16666666666666669
2	0.15384615384615385
3	0.28571428571428575
4	0.39999999999999997
5	0.37499999999999994
6	0.3529411764705882
7	0.33333333333333326
8	0.3157894736842105
9	0.3
10	0.28571428571428564
11	0.2727272727272727
12	0.2608695652173913
13	0.24999999999999994
14	0.23999999999999996
15	0.23076923076923075
16	0.2222222222222222
17	0.21428571428571427
18	0.20689655172413793
19	0.19999999999999998
20	0.19354838709677416
21	0.18749999999999997
22	0.1818181818181818
23	0.1764705882352941
24	0.17142857142857143
25	0.16666666666666666
