1	0.05714285714285715
2	0.1111111111111111
3	0.10810810810810811
4	0.10526315789473684
5	0.10256410256410256
6	0.1
7	0.0975609756097561
8	0.14285714285714285
9	0.13953488372093023
10	0.13636363636363635
11	0.13333333333333333
12	0.13043478260869565
13	0.1702127659574468
14	0.20833333333333334
15	0.20408163265306123
16	0.24
17	0.23529411764705885
18	0.2692307692307692
19	0.3018867924528302
20	0.29629629629629634
21	0.32727272727272727
22	0.3214285714285714
23	0.3508771929824562
24	0.3793103448275862
25	0.4067796610169491
