1	0.0
2	0.05714285714285715
3	0.1111111111111111
4	0.10810810810810813
5	0.10526315789473685
6	0.10256410256410256
7	0.1
8	0.0975609756097561
9	0.09523809523809523
10	0.0930232558139535
11	0.09090909090909091
12	0.08888888888888888
13	0.08695652173913043
14	0.0851063829787234
15	0.08333333333333333
16	0.0816326530612245
17	0.08
18	0.0784313725490196
19	0.07692307692307693
20	0.07547169811320756
21	0.07407407407407407
22	0.07272727272727272
23	0.07142857142857144
24	0.07017543859649122
25	0.0689655172413793
