1	0.046511627906976744
2	0.04545454545454545
3	0.044444444444444446
4	0.08695652173913042
5	0.0851063829787234
6	0.08333333333333333
7	0.08163265306122448
8	0.12
9	0.11764705882352941
10	0.11538461538461536
11	0.1509433962264151
12	0.18518518518518517
13	0.21818181818181817
14	0.21428571428571427
15	0.2456140350877193
16	0.24137931034482757
17	0.23728813559322035
18	0.2333333333333333
19	0.26229508196721313
20	0.25806451612903225
21	0.2857142857142857
22	0.31249999999999994
23	0.30769230769230765
24	0.33333333333333337
25	0.3283582089552239
