1	0.05555555555555556
2	0.05405405405405405
3	0.05263157894736842
4	0.10256410256410256
5	0.09999999999999999
6	0.09756097560975609
7	0.09523809523809522
8	0.09302325581395347
9	0.0909090909090909
10	0.08888888888888888
11	0.13043478260869562
12	0.1702127659574468
13	0.16666666666666666
14	0.16326530612244897
15	0.2
16	0.23529411764705876
17	0.2692307692307692
18	0.3018867924528302
19	0.2962962962962963
20	0.32727272727272727
21	0.3571428571428571
22	0.38596491228070173
23	0.3793103448275862
24	0.3728813559322034
25	0.3666666666666667
