1	0.02380952380952381
2	0.023529411764705882
3	0.023255813953488372
4	0.04597701149425288
5	0.045454545454545456
6	0.0449438202247191
7	0.044444444444444446
8	0.04395604395604395
9	0.043478260869565216
10	0.06451612903225806
11	0.08510638297872342
12	0.08421052631578947
13	0.08333333333333334
14	0.10309278350515462
15	0.12244897959183673
16	0.14141414141414144
17	0.13999999999999999
18	0.1386138613861386
19	0.1372549019607843
20	0.13592233009708737
21	0.1346153846153846
22	0.13333333333333333
23	0.1320754716981132
24	0.14953271028037382
25	0.14814814814814814
