1	0.09523809523809523
2	0.09090909090909091
3	0.08695652173913045
4	0.08333333333333334
5	0.16000000000000003
6	0.15384615384615383
7	0.14814814814814817
8	0.14285714285714288
9	0.13793103448275865
10	0.13333333333333333
11	0.12903225806451613
12	0.125
13	0.12121212121212123
14	0.11764705882352941
15	0.1142857142857143
16	0.11111111111111112
17	0.1081081081081081
18	0.10526315789473685
19	0.10256410256410256
20	0.10000000000000002
21	0.0975609756097561
22	0.14285714285714282
23	0.13953488372093023
24	0.13636363636363635
25	0.1333333333333333
