1	0.0909090909090909
2	0.17391304347826084
3	0.16666666666666666
4	0.16
5	0.15384615384615385
6	0.14814814814814814
7	0.21428571428571427
8	0.20689655172413796
9	0.2
10	0.19354838709677416
11	0.18749999999999997
12	0.18181818181818182
13	0.17647058823529413
14	0.17142857142857143
15	0.16666666666666666
16	0.16216216216216214
17	0.15789473684210528
18	0.15384615384615383
19	0.15
20	0.14634146341463414
21	0.14285714285714285
22	0.1395348837209302
23	0.13636363636363635
24	0.13333333333333333
25	0.17391304347826086
