1	0.046511627906976744
2	0.04545454545454545
3	0.044444444444444446
4	0.04347826086956521
5	0.0425531914893617
6	0.041666666666666664
7	0.04081632653061224
8	0.04
9	0.0392156862745098
10	0.038461538461538464
11	0.03773584905660377
12	0.037037037037037035
13	0.03636363636363636
14	0.03571428571428571
15	0.03508771929824561
16	0.034482758620689655
17	0.06779661016949151
18	0.06666666666666667
19	0.09836065573770492
20	0.09677419354838708
21	0.09523809523809523
22	0.09374999999999999
23	0.0923076923076923
24	0.09090909090909091
25	0.08955223880597014
