1	0.03773584905660378
2	0.037037037037037035
3	0.07272727272727274
4	0.07142857142857144
5	0.07017543859649124
6	0.06896551724137931
7	0.06779661016949154
8	0.06666666666666668
9	0.09836065573770493
10	0.0967741935483871
11	0.09523809523809523
12	0.09375
13	0.12307692307692308
14	0.12121212121212123
15	0.11940298507462686
16	0.14705882352941177
17	0.14492753623188406
18	0.14285714285714288
19	0.14084507042253522
20	0.16666666666666669
21	0.1643835616438356
22	0.16216216216216214
23	0.16
24	0.15789473684210525
25	0.15584415584415584
