1	0.047619047619047616
2	0.09302325581395349
3	0.0909090909090909
4	0.08888888888888888
5	0.08695652173913045
6	0.0851063829787234
7	0.08333333333333334
8	0.12244897959183672
9	0.12
10	0.11764705882352941
11	0.11538461538461536
12	0.11320754716981131
13	0.14814814814814817
14	0.18181818181818182
15	0.17857142857142858
16	0.21052631578947364
17	0.20689655172413793
18	0.23728813559322035
19	0.23333333333333336
20	0.26229508196721313
21	0.2580645161290323
22	0.25396825396825395
23	0.28125
24	0.27692307692307694
25	0.30303030303030304
