1	0.05714285714285715
2	0.05555555555555555
3	0.10810810810810811
4	0.10526315789473684
5	0.10256410256410256
6	0.1
7	0.0975609756097561
8	0.14285714285714285
9	0.13953488372093023
10	0.1818181818181818
11	0.22222222222222224
12	0.2608695652173913
13	0.25531914893617025
14	0.25
15	0.28571428571428564
16	0.28
17	0.2745098039215686
18	0.2692307692307692
19	0.2641509433962264
20	0.25925925925925924
21	0.2545454545454545
22	0.2857142857142857
23	0.3157894736842105
24	0.31034482758620696
25	0.33898305084745767
