1	0.07692307692307693	1.0
2	0.15384615384615385	1.0
3	0.15384615384615385	0.6666666666666666
4	0.15384615384615385	0.5
5	0.15384615384615385	0.4
6	0.23076923076923078	0.5
7	0.23076923076923078	0.42857142857142855
8	0.3076923076923077	0.5
9	0.3076923076923077	0.4444444444444444
10	0.38461538461538464	0.5
11	0.38461538461538464	0.45454545454545453
12	0.46153846153846156	0.5
13	0.46153846153846156	0.46153846153846156
14	0.5384615384615384	0.5
15	0.5384615384615384	0.4666666666666667
16	0.5384615384615384	0.4375
17	0.5384615384615384	0.4117647058823529
18	0.5384615384615384	0.3888888888888889
19	0.6153846153846154	0.42105263157894735
20	0.6153846153846154	0.4
21	0.6153846153846154	0.38095238095238093
22	0.6153846153846154	0.36363636363636365
23	0.6153846153846154	0.34782608695652173
24	0.6153846153846154	0.3333333333333333
25	0.6153846153846154	0.32
