1	0.07142857142857142	1.0
2	0.14285714285714285	1.0
3	0.21428571428571427	1.0
4	0.21428571428571427	0.75
5	0.2857142857142857	0.8
6	0.35714285714285715	0.8333333333333334
7	0.35714285714285715	0.7142857142857143
8	0.35714285714285715	0.625
9	0.35714285714285715	0.5555555555555556
10	0.42857142857142855	0.6
11	0.42857142857142855	0.5454545454545454
12	0.42857142857142855	0.5
13	0.5	0.5384615384615384
14	0.5714285714285714	0.5714285714285714
15	0.5714285714285714	0.5333333333333333
16	0.5714285714285714	0.5
17	0.5714285714285714	0.47058823529411764
18	0.5714285714285714	0.4444444444444444
19	0.5714285714285714	0.42105263157894735
20	0.5714285714285714	0.4
21	0.6428571428571429	0.42857142857142855
22	0.6428571428571429	0.4090909090909091
23	0.6428571428571429	0.391304347826087
24	0.7142857142857143	0.4166666666666667
25	0.7142857142857143	0.4
