1	0.0	0.0
2	0.05555555555555555	0.5
3	0.05555555555555555	0.3333333333333333
4	0.05555555555555555	0.25
5	0.05555555555555555	0.2
6	0.05555555555555555	0.16666666666666666
7	0.05555555555555555	0.14285714285714285
8	0.1111111111111111	0.25
9	0.1111111111111111	0.2222222222222222
10	0.1111111111111111	0.2
11	0.1111111111111111	0.18181818181818182
12	0.16666666666666666	0.25
13	0.16666666666666666	0.23076923076923078
14	0.2222222222222222	0.2857142857142857
15	0.2222222222222222	0.26666666666666666
16	0.2222222222222222	0.25
17	0.2777777777777778	0.29411764705882354
18	0.3333333333333333	0.3333333333333333
19	0.3888888888888889	0.3684210526315789
20	0.3888888888888889	0.35
21	0.4444444444444444	0.38095238095238093
22	0.4444444444444444	0.36363636363636365
23	0.4444444444444444	0.34782608695652173
24	0.5	0.375
25	0.5555555555555556	0.4
