1	0.1	1.0
2	0.1	0.5
3	0.2	0.6666666666666666
4	0.2	0.5
5	0.3	0.6
6	0.4	0.6666666666666666
7	0.4	0.5714285714285714
8	0.5	0.625
9	0.5	0.5555555555555556
10	0.5	0.5
11	0.5	0.45454545454545453
12	0.5	0.4166666666666667
13	0.5	0.38461538461538464
14	0.5	0.35714285714285715
15	0.5	0.3333333333333333
16	0.5	0.3125
17	0.5	0.29411764705882354
18	0.6	0.3333333333333333
19	0.6	0.3157894736842105
20	0.7	0.35
21	0.7	0.3333333333333333
22	0.7	0.3181818181818182
23	0.7	0.30434782608695654
24	0.7	0.2916666666666667
25	0.7	0.28
