1	0.021739130434782608	1.0
2	0.021739130434782608	0.5
3	0.043478260869565216	0.6666666666666666
4	0.06521739130434782	0.75
5	0.06521739130434782	0.6
6	0.06521739130434782	0.5
7	0.06521739130434782	0.42857142857142855
8	0.06521739130434782	0.375
9	0.06521739130434782	0.3333333333333333
10	0.06521739130434782	0.3
11	0.06521739130434782	0.2727272727272727
12	0.08695652173913043	0.3333333333333333
13	0.10869565217391304	0.38461538461538464
14	0.13043478260869565	0.42857142857142855
15	0.13043478260869565	0.4
16	0.13043478260869565	0.375
17	0.15217391304347827	0.4117647058823529
18	0.17391304347826086	0.4444444444444444
19	0.1956521739130435	0.47368421052631576
20	0.1956521739130435	0.45
21	0.1956521739130435	0.42857142857142855
22	0.21739130434782608	0.45454545454545453
23	0.21739130434782608	0.43478260869565216
24	0.2391304347826087	0.4583333333333333
25	0.2608695652173913	0.48
