1	0.0	0.0
2	0.14285714285714285	0.5
3	0.2857142857142857	0.6666666666666666
4	0.2857142857142857	0.5
5	0.2857142857142857	0.4
6	0.2857142857142857	0.3333333333333333
7	0.2857142857142857	0.2857142857142857
8	0.2857142857142857	0.25
9	0.2857142857142857	0.2222222222222222
10	0.2857142857142857	0.2
11	0.2857142857142857	0.18181818181818182
12	0.2857142857142857	0.16666666666666666
13	0.2857142857142857	0.15384615384615385
14	0.2857142857142857	0.14285714285714285
15	0.42857142857142855	0.2
16	0.42857142857142855	0.1875
17	0.42857142857142855	0.17647058823529413
18	0.42857142857142855	0.16666666666666666
19	0.42857142857142855	0.15789473684210525
20	0.5714285714285714	0.2
21	0.7142857142857143	0.23809523809523808
22	0.8571428571428571	0.2727272727272727
23	0.8571428571428571	0.2608695652173913
24	1.0	0.2916666666666667
25	1.0	0.28
