1	0.06666666666666667	1.0
2	0.06666666666666667	0.5
3	0.06666666666666667	0.3333333333333333
4	0.06666666666666667	0.25
5	0.06666666666666667	0.2
6	0.06666666666666667	0.16666666666666666
7	0.06666666666666667	0.14285714285714285
8	0.06666666666666667	0.125
9	0.13333333333333333	0.2222222222222222
10	0.2	0.3
11	0.2	0.2727272727272727
12	0.2	0.25
13	0.26666666666666666	0.3076923076923077
14	0.3333333333333333	0.35714285714285715
15	0.3333333333333333	0.3333333333333333
16	0.4	0.375
17	0.4	0.35294117647058826
18	0.4	0.3333333333333333
19	0.4	0.3157894736842105
20	0.4	0.3
21	0.4	0.2857142857142857
22	0.4	0.2727272727272727
23	0.4666666666666667	0.30434782608695654
24	0.4666666666666667	0.2916666666666667
25	0.4666666666666667	0.28
