1	0.125	1.0
2	0.125	0.5
3	0.125	0.3333333333333333
4	0.125	0.25
5	0.125	0.2
6	0.125	0.16666666666666666
7	0.125	0.14285714285714285
8	0.125	0.125
9	0.125	0.1111111111111111
10	0.125	0.1
11	0.125	0.09090909090909091
12	0.25	0.16666666666666666
13	0.25	0.15384615384615385
14	0.25	0.14285714285714285
15	0.25	0.13333333333333333
16	0.375	0.1875
17	0.375	0.17647058823529413
18	0.5	0.2222222222222222
19	0.625	0.2631578947368421
20	0.625	0.25
21	0.625	0.23809523809523808
22	0.75	0.2727272727272727
23	0.75	0.2608695652173913
24	0.75	0.25
25	0.75	0.24
