1	0.08333333333333333	1.0
2	0.08333333333333333	0.5
3	0.08333333333333333	0.3333333333333333
4	0.16666666666666666	0.5
5	0.16666666666666666	0.4
6	0.25	0.5
7	0.25	0.42857142857142855
8	0.3333333333333333	0.5
9	0.3333333333333333	0.4444444444444444
10	0.4166666666666667	0.5
11	0.4166666666666667	0.45454545454545453
12	0.4166666666666667	0.4166666666666667
13	0.5	0.46153846153846156
14	0.5833333333333334	0.5
15	0.6666666666666666	0.5333333333333333
16	0.6666666666666666	0.5
17	0.6666666666666666	0.47058823529411764
18	0.6666666666666666	0.4444444444444444
19	0.6666666666666666	0.42105263157894735
20	0.6666666666666666	0.4
21	0.6666666666666666	0.38095238095238093
22	0.75	0.4090909090909091
23	0.75	0.391304347826087
24	0.75	0.375
25	0.75	0.36
