1	0.0	0.0
2	0.0	0.0
3	0.0	0.0
4	0.0	0.0
5	0.0625	0.2
6	0.0625	0.16666666666666666
7	0.0625	0.14285714285714285
8	0.0625	0.125
9	0.0625	0.1111111111111111
10	0.0625	0.1
11	0.0625	0.09090909090909091
12	0.125	0.16666666666666666
13	0.125	0.15384615384615385
14	0.125	0.14285714285714285
15	0.125	0.13333333333333333
16	0.125	0.125
17	0.125	0.11764705882352941
18	0.1875	0.16666666666666666
19	0.25	0.21052631578947367
20	0.25	0.2
21	0.25	0.19047619047619047
22	0.25	0.18181818181818182
23	0.25	0.17391304347826086
24	0.25	0.16666666666666666
25	0.25	0.16
