1	0.07142857142857142	1.0
2	0.07142857142857142	0.5
3	0.07142857142857142	0.3333333333333333
4	0.07142857142857142	0.25
5	0.14285714285714285	0.4
6	0.21428571428571427	0.5
7	0.21428571428571427	0.42857142857142855
8	0.2857142857142857	0.5
9	0.2857142857142857	0.4444444444444444
10	0.2857142857142857	0.4
11	0.2857142857142857	0.36363636363636365
12	0.2857142857142857	0.3333333333333333
13	0.2857142857142857	0.3076923076923077
14	0.2857142857142857	0.2857142857142857
15	0.35714285714285715	0.3333333333333333
16	0.42857142857142855	0.375
17	0.42857142857142855	0.35294117647058826
18	0.5	0.3888888888888889
19	0.5	0.3684210526315789
20	0.5	0.35
21	0.5	0.3333333333333333
22	0.5	0.3181818181818182
23	0.5	0.30434782608695654
24	0.5	0.2916666666666667
25	0.5	0.28
