1	0.08333333333333333	1.0
2	0.16666666666666666	1.0
3	0.25	1.0
4	0.3333333333333333	1.0
5	0.4166666666666667	1.0
6	0.5	1.0
7	0.5833333333333334	1.0
8	0.5833333333333334	0.875
9	0.5833333333333334	0.7777777777777778
10	0.6666666666666666	0.8
11	0.6666666666666666	0.7272727272727273
12	0.6666666666666666	0.6666666666666666
13	0.6666666666666666	0.6153846153846154
14	0.75	0.6428571428571429
15	0.75	0.6
16	0.75	0.5625
17	0.75	0.5294117647058824
18	0.75	0.5
19	0.75	0.47368421052631576
20	0.75	0.45
21	0.75	0.42857142857142855
22	0.75	0.4090909090909091
23	0.75	0.391304347826087
24	0.8333333333333334	0.4166666666666667
25	0.9166666666666666	0.44
