1	0.0625	1.0
2	0.0625	0.5
3	0.0625	0.3333333333333333
4	0.0625	0.25
5	0.0625	0.2
6	0.0625	0.16666666666666666
7	0.0625	0.14285714285714285
8	0.0625	0.125
9	0.0625	0.1111111111111111
10	0.0625	0.1
11	0.0625	0.09090909090909091
12	0.0625	0.08333333333333333
13	0.125	0.15384615384615385
14	0.1875	0.21428571428571427
15	0.25	0.26666666666666666
16	0.25	0.25
17	0.25	0.23529411764705882
18	0.3125	0.2777777777777778
19	0.3125	0.2631578947368421
20	0.3125	0.25
21	0.3125	0.23809523809523808
22	0.3125	0.22727272727272727
23	0.3125	0.21739130434782608
24	0.3125	0.20833333333333334
25	0.3125	0.2
