1	0.047619047619047616	1.0
2	0.047619047619047616	0.5
3	0.047619047619047616	0.3333333333333333
4	0.09523809523809523	0.5
5	0.09523809523809523	0.4
6	0.09523809523809523	0.3333333333333333
7	0.14285714285714285	0.42857142857142855
8	0.19047619047619047	0.5
9	0.19047619047619047	0.4444444444444444
10	0.23809523809523808	0.5
11	0.23809523809523808	0.45454545454545453
12	0.23809523809523808	0.4166666666666667
13	0.23809523809523808	0.38461538461538464
14	0.23809523809523808	0.35714285714285715
15	0.2857142857142857	0.4
16	0.2857142857142857	0.375
17	0.2857142857142857	0.35294117647058826
18	0.3333333333333333	0.3888888888888889
19	0.38095238095238093	0.42105263157894735
20	0.38095238095238093	0.4
21	0.38095238095238093	0.38095238095238093
22	0.38095238095238093	0.36363636363636365
23	0.42857142857142855	0.391304347826087
24	0.47619047619047616	0.4166666666666667
25	0.47619047619047616	0.4
