1	0.05555555555555555	1.0
2	0.05555555555555555	0.5
3	0.05555555555555555	0.3333333333333333
4	0.05555555555555555	0.25
5	0.05555555555555555	0.2
6	0.1111111111111111	0.3333333333333333
7	0.1111111111111111	0.2857142857142857
8	0.1111111111111111	0.25
9	0.16666666666666666	0.3333333333333333
10	0.16666666666666666	0.3
11	0.2222222222222222	0.36363636363636365
12	0.2777777777777778	0.4166666666666667
13	0.2777777777777778	0.38461538461538464
14	0.2777777777777778	0.35714285714285715
15	0.2777777777777778	0.3333333333333333
16	0.3333333333333333	0.375
17	0.3888888888888889	0.4117647058823529
18	0.4444444444444444	0.4444444444444444
19	0.4444444444444444	0.42105263157894735
20	0.5	0.45
21	0.5	0.42857142857142855
22	0.5	0.4090909090909091
23	0.5	0.391304347826087
24	0.5555555555555556	0.4166666666666667
25	0.6111111111111112	0.44
