1	0.0	0.0
2	0.0	0.0
3	0.0	0.0
4	0.0	0.0
5	0.0	0.0
6	0.03125	0.16666666666666666
7	0.0625	0.2857142857142857
8	0.09375	0.375
9	0.125	0.4444444444444444
10	0.125	0.4
11	0.15625	0.45454545454545453
12	0.1875	0.5
13	0.1875	0.46153846153846156
14	0.1875	0.42857142857142855
15	0.1875	0.4
16	0.1875	0.375
17	0.21875	0.4117647058823529
18	0.21875	0.3888888888888889
19	0.25	0.42105263157894735
20	0.25	0.4
21	0.28125	0.42857142857142855
22	0.28125	0.4090909090909091
23	0.28125	0.391304347826087
24	0.28125	0.375
25	0.28125	0.36
