1	0.0625	1.0
2	0.125	1.0
3	0.1875	1.0
4	0.1875	0.75
5	0.1875	0.6
6	0.1875	0.5
7	0.25	0.5714285714285714
8	0.3125	0.625
9	0.375	0.6666666666666666
10	0.375	0.6
11	0.375	0.5454545454545454
12	0.375	0.5
13	0.375	0.46153846153846156
14	0.375	0.42857142857142855
15	0.375	0.4
16	0.4375	0.4375
17	0.5	0.47058823529411764
18	0.5	0.4444444444444444
19	0.5	0.42105263157894735
20	0.5	0.4
21	0.5625	0.42857142857142855
22	0.625	0.45454545454545453
23	0.625	0.43478260869565216
24	0.6875	0.4583333333333333
25	0.6875	0.44
