1	0.125	1.0
2	0.125	0.5
3	0.125	0.3333333333333333
4	0.125	0.25
5	0.25	0.4
6	0.25	0.3333333333333333
7	0.25	0.2857142857142857
8	0.25	0.25
9	0.25	0.2222222222222222
10	0.25	0.2
11	0.25	0.18181818181818182
12	0.25	0.16666666666666666
13	0.25	0.15384615384615385
14	0.375	0.21428571428571427
15	0.375	0.2
16	0.5	0.25
17	0.625	0.29411764705882354
18	0.625	0.2777777777777778
19	0.625	0.2631578947368421
20	0.625	0.25
21	0.625	0.23809523809523808
22	0.625	0.22727272727272727
23	0.625	0.21739130434782608
24	0.625	0.20833333333333334
25	0.75	0.24
