1	0.07692307692307693	1.0
2	0.07692307692307693	0.5
3	0.15384615384615385	0.6666666666666666
4	0.23076923076923078	0.75
5	0.23076923076923078	0.6
6	0.23076923076923078	0.5
7	0.23076923076923078	0.42857142857142855
8	0.3076923076923077	0.5
9	0.38461538461538464	0.5555555555555556
10	0.46153846153846156	0.6
11	0.5384615384615384	0.6363636363636364
12	0.6153846153846154	0.6666666666666666
13	0.6153846153846154	0.6153846153846154
14	0.6153846153846154	0.5714285714285714
15	0.6153846153846154	0.5333333333333333
16	0.6153846153846154	0.5
17	0.6153846153846154	0.47058823529411764
18	0.6153846153846154	0.4444444444444444
19	0.6923076923076923	0.47368421052631576
20	0.7692307692307693	0.5
21	0.7692307692307693	0.47619047619047616
22	0.7692307692307693	0.45454545454545453
23	0.7692307692307693	0.43478260869565216
24	0.7692307692307693	0.4166666666666667
25	0.7692307692307693	0.4
