1	0.0	0.0
2	0.0	0.0
3	0.041666666666666664	0.3333333333333333
4	0.041666666666666664	0.25
5	0.041666666666666664	0.2
6	0.08333333333333333	0.3333333333333333
7	0.08333333333333333	0.2857142857142857
8	0.08333333333333333	0.25
9	0.08333333333333333	0.2222222222222222
10	0.125	0.3
11	0.16666666666666666	0.36363636363636365
12	0.16666666666666666	0.3333333333333333
13	0.16666666666666666	0.3076923076923077
14	0.16666666666666666	0.2857142857142857
15	0.20833333333333334	0.3333333333333333
16	0.20833333333333334	0.3125
17	0.20833333333333334	0.29411764705882354
18	0.20833333333333334	0.2777777777777778
19	0.25	0.3157894736842105
20	0.2916666666666667	0.35
21	0.2916666666666667	0.3333333333333333
22	0.3333333333333333	0.36363636363636365
23	0.3333333333333333	0.34782608695652173
24	0.375	0.375
25	0.4166666666666667	0.4
