1	0.0	0.0
2	0.09090909090909091	0.5
3	0.09090909090909091	0.3333333333333333
4	0.18181818181818182	0.5
5	0.18181818181818182	0.4
6	0.2727272727272727	0.5
7	0.36363636363636365	0.5714285714285714
8	0.36363636363636365	0.5
9	0.36363636363636365	0.4444444444444444
10	0.45454545454545453	0.5
11	0.45454545454545453	0.45454545454545453
12	0.45454545454545453	0.4166666666666667
13	0.45454545454545453	0.38461538461538464
14	0.45454545454545453	0.35714285714285715
15	0.45454545454545453	0.3333333333333333
16	0.45454545454545453	0.3125
17	0.5454545454545454	0.35294117647058826
18	0.5454545454545454	0.3333333333333333
19	0.6363636363636364	0.3684210526315789
20	0.7272727272727273	0.4
21	0.8181818181818182	0.42857142857142855
22	0.9090909090909091	0.45454545454545453
23	0.9090909090909091	0.43478260869565216
24	1.0	0.4583333333333333
25	1.0	0.44
