1	0.0	0.0
2	0.0	0.0
3	0.0	0.0
4	0.037037037037037035	0.25
5	0.037037037037037035	0.2
6	0.037037037037037035	0.16666666666666666
7	0.037037037037037035	0.14285714285714285
8	0.037037037037037035	0.125
9	0.037037037037037035	0.1111111111111111
10	0.07407407407407407	0.2
11	0.07407407407407407	0.18181818181818182
12	0.1111111111111111	0.25
13	0.1111111111111111	0.23076923076923078
14	0.1111111111111111	0.21428571428571427
15	0.1111111111111111	0.2
16	0.1111111111111111	0.1875
17	0.1111111111111111	0.17647058823529413
18	0.14814814814814814	0.2222222222222222
19	0.14814814814814814	0.21052631578947367
20	0.18518518518518517	0.25
21	0.18518518518518517	0.23809523809523808
22	0.2222222222222222	0.2727272727272727
23	0.25925925925925924	0.30434782608695654
24	0.25925925925925924	0.2916666666666667
25	0.25925925925925924	0.28
