1	0.09090909090909091	1.0
2	0.09090909090909091	0.5
3	0.18181818181818182	0.6666666666666666
4	0.18181818181818182	0.5
5	0.2727272727272727	0.6
6	0.2727272727272727	0.5
7	0.2727272727272727	0.42857142857142855
8	0.36363636363636365	0.5
9	0.36363636363636365	0.4444444444444444
10	0.36363636363636365	0.4
11	0.36363636363636365	0.36363636363636365
12	0.45454545454545453	0.4166666666666667
13	0.45454545454545453	0.38461538461538464
14	0.45454545454545453	0.35714285714285715
15	0.45454545454545453	0.3333333333333333
16	0.45454545454545453	0.3125
17	0.45454545454545453	0.29411764705882354
18	0.5454545454545454	0.3333333333333333
19	0.5454545454545454	0.3157894736842105
20	0.5454545454545454	0.3
21	0.6363636363636364	0.3333333333333333
22	0.7272727272727273	0.36363636363636365
23	0.8181818181818182	0.391304347826087
24	0.8181818181818182	0.375
25	0.8181818181818182	0.36
