1	0.04	1.0
2	0.04	0.5
3	0.04	0.3333333333333333
4	0.08	0.5
5	0.12	0.6
6	0.12	0.5
7	0.12	0.42857142857142855
8	0.12	0.375
9	0.12	0.3333333333333333
10	0.16	0.4
11	0.16	0.36363636363636365
12	0.16	0.3333333333333333
13	0.16	0.3076923076923077
14	0.16	0.2857142857142857
15	0.16	0.26666666666666666
16	0.16	0.25
17	0.2	0.29411764705882354
18	0.2	0.2777777777777778
19	0.24	0.3157894736842105
20	0.28	0.35
21	0.32	0.38095238095238093
22	0.32	0.36363636363636365
23	0.32	0.34782608695652173
24	0.32	0.3333333333333333
25	0.32	0.32
