1	0.0	0.0
2	0.02	0.5
3	0.04	0.6666666666666666
4	0.04	0.5
5	0.04	0.4
6	0.04	0.3333333333333333
7	0.04	0.2857142857142857
8	0.04	0.25
9	0.04	0.2222222222222222
10	0.04	0.2
11	0.06	0.2727272727272727
12	0.06	0.25
13	0.08	0.3076923076923077
14	0.1	0.35714285714285715
15	0.1	0.3333333333333333
16	0.1	0.3125
17	0.1	0.29411764705882354
18	0.12	0.3333333333333333
19	0.12	0.3157894736842105
20	0.12	0.3
21	0.12	0.2857142857142857
22	0.12	0.2727272727272727
23	0.12	0.2608695652173913
24	0.14	0.2916666666666667
25	0.14	0.28
