1	0.025	1.0
2	0.025	0.5
3	0.025	0.3333333333333333
4	0.025	0.25
5	0.05	0.4
6	0.05	0.3333333333333333
7	0.05	0.2857142857142857
8	0.075	0.375
9	0.075	0.3333333333333333
10	0.1	0.4
11	0.1	0.36363636363636365
12	0.125	0.4166666666666667
13	0.15	0.46153846153846156
14	0.15	0.42857142857142855
15	0.15	0.4
16	0.175	0.4375
17	0.175	0.4117647058823529
18	0.175	0.3888888888888889
19	0.2	0.42105263157894735
20	0.2	0.4
21	0.225	0.42857142857142855
22	0.225	0.4090909090909091
23	0.225	0.391304347826087
24	0.225	0.375
25	0.25	0.4
