1	0.012195121951219513	1.0
2	0.012195121951219513	0.5
3	0.012195121951219513	0.3333333333333333
4	0.012195121951219513	0.25
5	0.012195121951219513	0.2
6	0.012195121951219513	0.16666666666666666
7	0.012195121951219513	0.14285714285714285
8	0.012195121951219513	0.125
9	0.012195121951219513	0.1111111111111111
10	0.012195121951219513	0.1
11	0.012195121951219513	0.09090909090909091
12	0.012195121951219513	0.08333333333333333
13	0.012195121951219513	0.07692307692307693
14	0.024390243902439025	0.14285714285714285
15	0.024390243902439025	0.13333333333333333
16	0.036585365853658534	0.1875
17	0.04878048780487805	0.23529411764705882
18	0.06097560975609756	0.2777777777777778
19	0.06097560975609756	0.2631578947368421
20	0.06097560975609756	0.25
21	0.06097560975609756	0.23809523809523808
22	0.07317073170731707	0.2727272727272727
23	0.07317073170731707	0.2608695652173913
24	0.08536585365853659	0.2916666666666667
25	0.08536585365853659	0.28
