1	0.0	0.0
2	0.0	0.0
3	0.07692307692307693	0.3333333333333333
4	0.15384615384615385	0.5
5	0.15384615384615385	0.4
6	0.15384615384615385	0.3333333333333333
7	0.15384615384615385	0.2857142857142857
8	0.15384615384615385	0.25
9	0.23076923076923078	0.3333333333333333
10	0.23076923076923078	0.3
11	0.23076923076923078	0.2727272727272727
12	0.3076923076923077	0.3333333333333333
13	0.3076923076923077	0.3076923076923077
14	0.3076923076923077	0.2857142857142857
15	0.3076923076923077	0.26666666666666666
16	0.3076923076923077	0.25
17	0.3076923076923077	0.23529411764705882
18	0.3076923076923077	0.2222222222222222
19	0.3076923076923077	0.21052631578947367
20	0.3076923076923077	0.2
21	0.3076923076923077	0.19047619047619047
22	0.38461538461538464	0.22727272727272727
23	0.38461538461538464	0.21739130434782608
24	0.38461538461538464	0.20833333333333334
25	0.38461538461538464	0.2
