1	0.0	0.0
2	0.0	0.0
3	0.022222222222222223	0.3333333333333333
4	0.022222222222222223	0.25
5	0.022222222222222223	0.2
6	0.022222222222222223	0.16666666666666666
7	0.022222222222222223	0.14285714285714285
8	0.022222222222222223	0.125
9	0.022222222222222223	0.1111111111111111
10	0.022222222222222223	0.1
11	0.022222222222222223	0.09090909090909091
12	0.022222222222222223	0.08333333333333333
13	0.022222222222222223	0.07692307692307693
14	0.022222222222222223	0.07142857142857142
15	0.022222222222222223	0.06666666666666667
16	0.022222222222222223	0.0625
17	0.022222222222222223	0.058823529411764705
18	0.022222222222222223	0.05555555555555555
19	0.044444444444444446	0.10526315789473684
20	0.044444444444444446	0.1
21	0.044444444444444446	0.09523809523809523
22	0.044444444444444446	0.09090909090909091
23	0.06666666666666667	0.13043478260869565
24	0.06666666666666667	0.125
25	0.06666666666666667	0.12
