1	0.021739130434782608	1.0
2	0.043478260869565216	1.0
3	0.043478260869565216	0.6666666666666666
4	0.06521739130434782	0.75
5	0.06521739130434782	0.6
6	0.06521739130434782	0.5
7	0.06521739130434782	0.42857142857142855
8	0.08695652173913043	0.5
9	0.08695652173913043	0.4444444444444444
10	0.10869565217391304	0.5
11	0.13043478260869565	0.5454545454545454
12	0.13043478260869565	0.5
13	0.13043478260869565	0.46153846153846156
14	0.13043478260869565	0.42857142857142855
15	0.15217391304347827	0.4666666666666667
16	0.17391304347826086	0.5
17	0.17391304347826086	0.47058823529411764
18	0.17391304347826086	0.4444444444444444
19	0.17391304347826086	0.42105263157894735
20	0.1956521739130435	0.45
21	0.21739130434782608	0.47619047619047616
22	0.2391304347826087	0.5
23	0.2391304347826087	0.4782608695652174
24	0.2608695652173913	0.5
25	0.2826086956521739	0.52
