1	0.037037037037037035	1.0
2	0.07407407407407407	1.0
3	0.07407407407407407	0.6666666666666666
4	0.07407407407407407	0.5
5	0.07407407407407407	0.4
6	0.07407407407407407	0.3333333333333333
7	0.07407407407407407	0.2857142857142857
8	0.07407407407407407	0.25
9	0.07407407407407407	0.2222222222222222
10	0.07407407407407407	0.2
11	0.07407407407407407	0.18181818181818182
12	0.07407407407407407	0.16666666666666666
13	0.1111111111111111	0.23076923076923078
14	0.14814814814814814	0.2857142857142857
15	0.18518518518518517	0.3333333333333333
16	0.18518518518518517	0.3125
17	0.2222222222222222	0.35294117647058826
18	0.2222222222222222	0.3333333333333333
19	0.2222222222222222	0.3157894736842105
20	0.25925925925925924	0.35
21	0.25925925925925924	0.3333333333333333
22	0.25925925925925924	0.3181818181818182
23	0.2962962962962963	0.34782608695652173
24	0.2962962962962963	0.3333333333333333
25	0.2962962962962963	0.32
