1	0.07692307692307693	1.0
2	0.07692307692307693	0.5
3	0.07692307692307693	0.3333333333333333
4	0.15384615384615385	0.5
5	0.23076923076923078	0.6
6	0.23076923076923078	0.5
7	0.23076923076923078	0.42857142857142855
8	0.23076923076923078	0.375
9	0.3076923076923077	0.4444444444444444
10	0.38461538461538464	0.5
11	0.38461538461538464	0.45454545454545453
12	0.38461538461538464	0.4166666666666667
13	0.38461538461538464	0.38461538461538464
14	0.38461538461538464	0.35714285714285715
15	0.46153846153846156	0.4
16	0.46153846153846156	0.375
17	0.46153846153846156	0.35294117647058826
18	0.46153846153846156	0.3333333333333333
19	0.5384615384615384	0.3684210526315789
20	0.5384615384615384	0.35
21	0.5384615384615384	0.3333333333333333
22	0.5384615384615384	0.3181818181818182
23	0.5384615384615384	0.30434782608695654
24	0.5384615384615384	0.2916666666666667
25	0.5384615384615384	0.28
