1	0.0	0.0
2	0.0	0.0
3	0.0	0.0
4	0.03125	0.25
5	0.03125	0.2
6	0.03125	0.16666666666666666
7	0.03125	0.14285714285714285
8	0.03125	0.125
9	0.03125	0.1111111111111111
10	0.03125	0.1
11	0.0625	0.18181818181818182
12	0.09375	0.25
13	0.125	0.3076923076923077
14	0.125	0.2857142857142857
15	0.125	0.26666666666666666
16	0.125	0.25
17	0.125	0.23529411764705882
18	0.125	0.2222222222222222
19	0.15625	0.2631578947368421
20	0.1875	0.3
21	0.1875	0.2857142857142857
22	0.21875	0.3181818181818182
23	0.25	0.34782608695652173
24	0.25	0.3333333333333333
25	0.25	0.32
