1	0.045454545454545456	1.0
2	0.09090909090909091	1.0
3	0.13636363636363635	1.0
4	0.13636363636363635	0.75
5	0.18181818181818182	0.8
6	0.18181818181818182	0.6666666666666666
7	0.18181818181818182	0.5714285714285714
8	0.18181818181818182	0.5
9	0.22727272727272727	0.5555555555555556
10	0.2727272727272727	0.6
11	0.2727272727272727	0.5454545454545454
12	0.2727272727272727	0.5
13	0.2727272727272727	0.46153846153846156
14	0.2727272727272727	0.42857142857142855
15	0.2727272727272727	0.4
16	0.2727272727272727	0.375
17	0.2727272727272727	0.35294117647058826
18	0.3181818181818182	0.3888888888888889
19	0.36363636363636365	0.42105263157894735
20	0.36363636363636365	0.4
21	0.36363636363636365	0.38095238095238093
22	0.36363636363636365	0.36363636363636365
23	0.36363636363636365	0.34782608695652173
24	0.4090909090909091	0.375
25	0.4090909090909091	0.36
