1	0.01639344262295082	1.0
2	0.01639344262295082	0.5
3	0.01639344262295082	0.3333333333333333
4	0.01639344262295082	0.25
5	0.01639344262295082	0.2
6	0.01639344262295082	0.16666666666666666
7	0.01639344262295082	0.14285714285714285
8	0.01639344262295082	0.125
9	0.01639344262295082	0.1111111111111111
10	0.01639344262295082	0.1
11	0.01639344262295082	0.09090909090909091
12	0.03278688524590164	0.16666666666666666
13	0.04918032786885246	0.23076923076923078
14	0.06557377049180328	0.2857142857142857
15	0.06557377049180328	0.26666666666666666
16	0.06557377049180328	0.25
17	0.06557377049180328	0.23529411764705882
18	0.06557377049180328	0.2222222222222222
19	0.08196721311475409	0.2631578947368421
20	0.08196721311475409	0.25
21	0.08196721311475409	0.23809523809523808
22	0.08196721311475409	0.22727272727272727
23	0.08196721311475409	0.21739130434782608
24	0.08196721311475409	0.20833333333333334
25	0.08196721311475409	0.2
