1	0.09090909090909091	1.0
2	0.18181818181818182	1.0
3	0.18181818181818182	0.6666666666666666
4	0.18181818181818182	0.5
5	0.18181818181818182	0.4
6	0.18181818181818182	0.3333333333333333
7	0.18181818181818182	0.2857142857142857
8	0.2727272727272727	0.375
9	0.2727272727272727	0.3333333333333333
10	0.2727272727272727	0.3
11	0.2727272727272727	0.2727272727272727
12	0.2727272727272727	0.25
13	0.2727272727272727	0.23076923076923078
14	0.2727272727272727	0.21428571428571427
15	0.36363636363636365	0.26666666666666666
16	0.36363636363636365	0.25
17	0.45454545454545453	0.29411764705882354
18	0.45454545454545453	0.2777777777777778
19	0.45454545454545453	0.2631578947368421
20	0.45454545454545453	0.25
21	0.45454545454545453	0.23809523809523808
22	0.5454545454545454	0.2727272727272727
23	0.6363636363636364	0.30434782608695654
24	0.6363636363636364	0.2916666666666667
25	0.6363636363636364	0.28
