1	0.0625	1.0
2	0.125	1.0
3	0.125	0.6666666666666666
4	0.1875	0.75
5	0.1875	0.6
6	0.25	0.6666666666666666
7	0.25	0.5714285714285714
8	0.25	0.5
9	0.3125	0.5555555555555556
10	0.375	0.6
11	0.375	0.5454545454545454
12	0.4375	0.5833333333333334
13	0.4375	0.5384615384615384
14	0.4375	0.5
15	0.4375	0.4666666666666667
16	0.4375	0.4375
17	0.4375	0.4117647058823529
18	0.4375	0.3888888888888889
19	0.4375	0.3684210526315789
20	0.4375	0.35
21	0.5	0.38095238095238093
22	0.5	0.36363636363636365
23	0.5	0.34782608695652173
24	0.5	0.3333333333333333
25	0.5	0.32
