1	0.043478260869565216	1.0
2	0.043478260869565216	0.5
3	0.043478260869565216	0.3333333333333333
4	0.08695652173913043	0.5
5	0.08695652173913043	0.4
6	0.08695652173913043	0.3333333333333333
7	0.08695652173913043	0.2857142857142857
8	0.13043478260869565	0.375
9	0.13043478260869565	0.3333333333333333
10	0.13043478260869565	0.3
11	0.13043478260869565	0.2727272727272727
12	0.17391304347826086	0.3333333333333333
13	0.17391304347826086	0.3076923076923077
14	0.17391304347826086	0.2857142857142857
15	0.17391304347826086	0.26666666666666666
16	0.21739130434782608	0.3125
17	0.21739130434782608	0.29411764705882354
18	0.21739130434782608	0.2777777777777778
19	0.21739130434782608	0.2631578947368421
20	0.2608695652173913	0.3
21	0.2608695652173913	0.2857142857142857
22	0.2608695652173913	0.2727272727272727
23	0.30434782608695654	0.30434782608695654
24	0.30434782608695654	0.2916666666666667
25	0.34782608695652173	0.32
