1	0.034482758620689655	1.0
2	0.034482758620689655	0.5
3	0.034482758620689655	0.3333333333333333
4	0.034482758620689655	0.25
5	0.034482758620689655	0.2
6	0.034482758620689655	0.16666666666666666
7	0.034482758620689655	0.14285714285714285
8	0.034482758620689655	0.125
9	0.034482758620689655	0.1111111111111111
10	0.034482758620689655	0.1
11	0.06896551724137931	0.18181818181818182
12	0.06896551724137931	0.16666666666666666
13	0.06896551724137931	0.15384615384615385
14	0.06896551724137931	0.14285714285714285
15	0.10344827586206896	0.2
16	0.10344827586206896	0.1875
17	0.13793103448275862	0.23529411764705882
18	0.13793103448275862	0.2222222222222222
19	0.13793103448275862	0.21052631578947367
20	0.13793103448275862	0.2
21	0.1724137931034483	0.23809523809523808
22	0.1724137931034483	0.22727272727272727
23	0.20689655172413793	0.2608695652173913
24	0.2413793103448276	0.2916666666666667
25	0.2413793103448276	0.28
