1	0.025	1.0
2	0.05	1.0
3	0.075	1.0
4	0.1	1.0
5	0.1	0.8
6	0.1	0.6666666666666666
7	0.1	0.5714285714285714
8	0.1	0.5
9	0.125	0.5555555555555556
10	0.125	0.5
11	0.125	0.45454545454545453
12	0.125	0.4166666666666667
13	0.125	0.38461538461538464
14	0.15	0.42857142857142855
15	0.15	0.4
16	0.175	0.4375
17	0.175	0.4117647058823529
18	0.175	0.3888888888888889
19	0.175	0.3684210526315789
20	0.175	0.35
21	0.2	0.38095238095238093
22	0.2	0.36363636363636365
23	0.225	0.391304347826087
24	0.225	0.375
25	0.25	0.4
