1	0.05	1.0
2	0.05	0.5
3	0.05	0.3333333333333333
4	0.05	0.25
5	0.05	0.2
6	0.1	0.3333333333333333
7	0.1	0.2857142857142857
8	0.1	0.25
9	0.1	0.2222222222222222
10	0.1	0.2
11	0.1	0.18181818181818182
12	0.15	0.25
13	0.15	0.23076923076923078
14	0.15	0.21428571428571427
15	0.2	0.26666666666666666
16	0.2	0.25
17	0.2	0.23529411764705882
18	0.25	0.2777777777777778
19	0.25	0.2631578947368421
20	0.25	0.25
21	0.3	0.2857142857142857
22	0.3	0.2727272727272727
23	0.35	0.30434782608695654
24	0.35	0.2916666666666667
25	0.35	0.28
