1	0.0	0.0
2	0.0	0.0
3	0.0	0.0
4	0.01639344262295082	0.25
5	0.01639344262295082	0.2
6	0.01639344262295082	0.16666666666666666
7	0.03278688524590164	0.2857142857142857
8	0.04918032786885246	0.375
9	0.06557377049180328	0.4444444444444444
10	0.06557377049180328	0.4
11	0.08196721311475409	0.45454545454545453
12	0.09836065573770492	0.5
13	0.11475409836065574	0.5384615384615384
14	0.11475409836065574	0.5
15	0.13114754098360656	0.5333333333333333
16	0.13114754098360656	0.5
17	0.13114754098360656	0.47058823529411764
18	0.13114754098360656	0.4444444444444444
19	0.13114754098360656	0.42105263157894735
20	0.13114754098360656	0.4
21	0.13114754098360656	0.38095238095238093
22	0.13114754098360656	0.36363636363636365
23	0.13114754098360656	0.34782608695652173
24	0.13114754098360656	0.3333333333333333
25	0.13114754098360656	0.32
