1	0.09090909090909091	1.0
2	0.18181818181818182	1.0
3	0.2727272727272727	1.0
4	0.36363636363636365	1.0
5	0.36363636363636365	0.8
6	0.36363636363636365	0.6666666666666666
7	0.36363636363636365	0.5714285714285714
8	0.36363636363636365	0.5
9	0.36363636363636365	0.4444444444444444
10	0.36363636363636365	0.4
11	0.45454545454545453	0.45454545454545453
12	0.5454545454545454	0.5
13	0.6363636363636364	0.5384615384615384
14	0.6363636363636364	0.5
15	0.6363636363636364	0.4666666666666667
16	0.6363636363636364	0.4375
17	0.6363636363636364	0.4117647058823529
18	0.7272727272727273	0.4444444444444444
19	0.7272727272727273	0.42105263157894735
20	0.8181818181818182	0.45
21	0.9090909090909091	0.47619047619047616
22	0.9090909090909091	0.45454545454545453
23	0.9090909090909091	0.43478260869565216
24	1.0	0.4583333333333333
25	1.0	0.44
