1	0.02631578947368421	1.0
2	0.02631578947368421	0.5
3	0.02631578947368421	0.3333333333333333
4	0.02631578947368421	0.25
5	0.02631578947368421	0.2
6	0.02631578947368421	0.16666666666666666
7	0.02631578947368421	0.14285714285714285
8	0.05263157894736842	0.25
9	0.05263157894736842	0.2222222222222222
10	0.05263157894736842	0.2
11	0.05263157894736842	0.18181818181818182
12	0.05263157894736842	0.16666666666666666
13	0.05263157894736842	0.15384615384615385
14	0.07894736842105263	0.21428571428571427
15	0.07894736842105263	0.2
16	0.07894736842105263	0.1875
17	0.07894736842105263	0.17647058823529413
18	0.10526315789473684	0.2222222222222222
19	0.13157894736842105	0.2631578947368421
20	0.13157894736842105	0.25
21	0.15789473684210525	0.2857142857142857
22	0.15789473684210525	0.2727272727272727
23	0.15789473684210525	0.2608695652173913
24	0.15789473684210525	0.25
25	0.15789473684210525	0.24
