1	0.0	0.0
2	0.0	0.0
3	0.0	0.0
4	0.0	0.0
5	0.0	0.0
6	0.0	0.0
7	0.0	0.0
8	0.0	0.0
9	0.016666666666666666	0.1111111111111111
10	0.016666666666666666	0.1
11	0.016666666666666666	0.09090909090909091
12	0.016666666666666666	0.08333333333333333
13	0.016666666666666666	0.07692307692307693
14	0.016666666666666666	0.07142857142857142
15	0.03333333333333333	0.13333333333333333
16	0.05	0.1875
17	0.05	0.17647058823529413
18	0.05	0.16666666666666666
19	0.05	0.15789473684210525
20	0.06666666666666667	0.2
21	0.06666666666666667	0.19047619047619047
22	0.06666666666666667	0.18181818181818182
23	0.06666666666666667	0.17391304347826086
24	0.06666666666666667	0.16666666666666666
25	0.06666666666666667	0.16
