1	0.0625	1.0
2	0.125	1.0
3	0.125	0.6666666666666666
4	0.1875	0.75
5	0.1875	0.6
6	0.25	0.6666666666666666
7	0.25	0.5714285714285714
8	0.25	0.5
9	0.25	0.4444444444444444
10	0.25	0.4
11	0.25	0.36363636363636365
12	0.25	0.3333333333333333
13	0.3125	0.38461538461538464
14	0.3125	0.35714285714285715
15	0.3125	0.3333333333333333
16	0.375	0.375
17	0.375	0.35294117647058826
18	0.375	0.3333333333333333
19	0.375	0.3157894736842105
20	0.375	0.3
21	0.375	0.2857142857142857
22	0.4375	0.3181818181818182
23	0.4375	0.30434782608695654
24	0.4375	0.2916666666666667
25	0.4375	0.28
