1	0.038461538461538464	1.0
2	0.07692307692307693	1.0
3	0.11538461538461539	1.0
4	0.15384615384615385	1.0
5	0.15384615384615385	0.8
6	0.15384615384615385	0.6666666666666666
7	0.15384615384615385	0.5714285714285714
8	0.19230769230769232	0.625
9	0.19230769230769232	0.5555555555555556
10	0.19230769230769232	0.5
11	0.19230769230769232	0.45454545454545453
12	0.19230769230769232	0.4166666666666667
13	0.23076923076923078	0.46153846153846156
14	0.2692307692307692	0.5
15	0.3076923076923077	0.5333333333333333
16	0.34615384615384615	0.5625
17	0.34615384615384615	0.5294117647058824
18	0.34615384615384615	0.5
19	0.34615384615384615	0.47368421052631576
20	0.38461538461538464	0.5
21	0.38461538461538464	0.47619047619047616
22	0.4230769230769231	0.5
23	0.4230769230769231	0.4782608695652174
24	0.4230769230769231	0.4583333333333333
25	0.46153846153846156	0.48
