1	0.02040816326530612	1.0
2	0.04081632653061224	1.0
3	0.061224489795918366	1.0
4	0.08163265306122448	1.0
5	0.10204081632653061	1.0
6	0.10204081632653061	0.8333333333333334
7	0.10204081632653061	0.7142857142857143
8	0.10204081632653061	0.625
9	0.10204081632653061	0.5555555555555556
10	0.10204081632653061	0.5
11	0.10204081632653061	0.45454545454545453
12	0.12244897959183673	0.5
13	0.12244897959183673	0.46153846153846156
14	0.12244897959183673	0.42857142857142855
15	0.12244897959183673	0.4
16	0.14285714285714285	0.4375
17	0.14285714285714285	0.4117647058823529
18	0.14285714285714285	0.3888888888888889
19	0.14285714285714285	0.3684210526315789
20	0.14285714285714285	0.35
21	0.16326530612244897	0.38095238095238093
22	0.16326530612244897	0.36363636363636365
23	0.16326530612244897	0.34782608695652173
24	0.16326530612244897	0.3333333333333333
25	0.16326530612244897	0.32
