1	0.0	0.0
2	0.0	0.0
3	0.0	0.0
4	0.0	0.0
5	0.0	0.0
6	0.0	0.0
7	0.0	0.0
8	0.0	0.0
9	0.01694915254237288	0.1111111111111111
10	0.01694915254237288	0.1
11	0.03389830508474576	0.18181818181818182
12	0.03389830508474576	0.16666666666666666
13	0.05084745762711865	0.23076923076923078
14	0.05084745762711865	0.21428571428571427
15	0.05084745762711865	0.2
16	0.05084745762711865	0.1875
17	0.06779661016949153	0.23529411764705882
18	0.0847457627118644	0.2777777777777778
19	0.0847457627118644	0.2631578947368421
20	0.0847457627118644	0.25
21	0.0847457627118644	0.23809523809523808
22	0.0847457627118644	0.22727272727272727
23	0.0847457627118644	0.21739130434782608
24	0.0847457627118644	0.20833333333333334
25	0.0847457627118644	0.2
