1	0.043478260869565216	1.0
2	0.043478260869565216	0.5
3	0.043478260869565216	0.3333333333333333
4	0.043478260869565216	0.25
5	0.08695652173913043	0.4
6	0.08695652173913043	0.3333333333333333
7	0.08695652173913043	0.2857142857142857
8	0.08695652173913043	0.25
9	0.08695652173913043	0.2222222222222222
10	0.08695652173913043	0.2
11	0.08695652173913043	0.18181818181818182
12	0.08695652173913043	0.16666666666666666
13	0.08695652173913043	0.15384615384615385
14	0.08695652173913043	0.14285714285714285
15	0.08695652173913043	0.13333333333333333
16	0.08695652173913043	0.125
17	0.08695652173913043	0.11764705882352941
18	0.08695652173913043	0.1111111111111111
19	0.08695652173913043	0.10526315789473684
20	0.08695652173913043	0.1
21	0.08695652173913043	0.09523809523809523
22	0.08695652173913043	0.09090909090909091
23	0.13043478260869565	0.13043478260869565
24	0.17391304347826086	0.16666666666666666
25	0.21739130434782608	0.2
