1	0.029411764705882353	1.0
2	0.058823529411764705	1.0
3	0.058823529411764705	0.6666666666666666
4	0.058823529411764705	0.5
5	0.058823529411764705	0.4
6	0.058823529411764705	0.3333333333333333
7	0.058823529411764705	0.2857142857142857
8	0.08823529411764706	0.375
9	0.08823529411764706	0.3333333333333333
10	0.08823529411764706	0.3
11	0.08823529411764706	0.2727272727272727
12	0.08823529411764706	0.25
13	0.11764705882352941	0.3076923076923077
14	0.14705882352941177	0.35714285714285715
15	0.14705882352941177	0.3333333333333333
16	0.17647058823529413	0.375
17	0.17647058823529413	0.35294117647058826
18	0.20588235294117646	0.3888888888888889
19	0.23529411764705882	0.42105263157894735
20	0.23529411764705882	0.4
21	0.2647058823529412	0.42857142857142855
22	0.2647058823529412	0.4090909090909091
23	0.29411764705882354	0.43478260869565216
24	0.3235294117647059	0.4583333333333333
25	0.35294117647058826	0.48
