1	0.023809523809523808	1.0
2	0.023809523809523808	0.5
3	0.023809523809523808	0.3333333333333333
4	0.047619047619047616	0.5
5	0.047619047619047616	0.4
6	0.047619047619047616	0.3333333333333333
7	0.047619047619047616	0.2857142857142857
8	0.07142857142857142	0.375
9	0.07142857142857142	0.3333333333333333
10	0.07142857142857142	0.3
11	0.09523809523809523	0.36363636363636365
12	0.11904761904761904	0.4166666666666667
13	0.14285714285714285	0.46153846153846156
14	0.14285714285714285	0.42857142857142855
15	0.16666666666666666	0.4666666666666667
16	0.16666666666666666	0.4375
17	0.16666666666666666	0.4117647058823529
18	0.16666666666666666	0.3888888888888889
19	0.19047619047619047	0.42105263157894735
20	0.19047619047619047	0.4
21	0.21428571428571427	0.42857142857142855
22	0.23809523809523808	0.45454545454545453
23	0.23809523809523808	0.43478260869565216
24	0.2619047619047619	0.4583333333333333
25	0.2619047619047619	0.44
