1	0.02857142857142857	1.0
2	0.02857142857142857	0.5
3	0.02857142857142857	0.3333333333333333
4	0.05714285714285714	0.5
5	0.05714285714285714	0.4
6	0.05714285714285714	0.3333333333333333
7	0.05714285714285714	0.2857142857142857
8	0.05714285714285714	0.25
9	0.05714285714285714	0.2222222222222222
10	0.05714285714285714	0.2
11	0.08571428571428572	0.2727272727272727
12	0.11428571428571428	0.3333333333333333
13	0.11428571428571428	0.3076923076923077
14	0.11428571428571428	0.2857142857142857
15	0.14285714285714285	0.3333333333333333
16	0.17142857142857143	0.375
17	0.2	0.4117647058823529
18	0.22857142857142856	0.4444444444444444
19	0.22857142857142856	0.42105263157894735
20	0.2571428571428571	0.45
21	0.2857142857142857	0.47619047619047616
22	0.3142857142857143	0.5
23	0.3142857142857143	0.4782608695652174
24	0.3142857142857143	0.4583333333333333
25	0.3142857142857143	0.44
