1	0.019230769230769232	1.0
2	0.019230769230769232	0.5
3	0.038461538461538464	0.6666666666666666
4	0.038461538461538464	0.5
5	0.038461538461538464	0.4
6	0.038461538461538464	0.3333333333333333
7	0.038461538461538464	0.2857142857142857
8	0.038461538461538464	0.25
9	0.057692307692307696	0.3333333333333333
10	0.057692307692307696	0.3
11	0.057692307692307696	0.2727272727272727
12	0.057692307692307696	0.25
13	0.07692307692307693	0.3076923076923077
14	0.07692307692307693	0.2857142857142857
15	0.07692307692307693	0.26666666666666666
16	0.09615384615384616	0.3125
17	0.09615384615384616	0.29411764705882354
18	0.09615384615384616	0.2777777777777778
19	0.09615384615384616	0.2631578947368421
20	0.11538461538461539	0.3
21	0.11538461538461539	0.2857142857142857
22	0.11538461538461539	0.2727272727272727
23	0.11538461538461539	0.2608695652173913
24	0.11538461538461539	0.25
25	0.11538461538461539	0.24
