1	0.024390243902439025	1.0
2	0.04878048780487805	1.0
3	0.04878048780487805	0.6666666666666666
4	0.04878048780487805	0.5
5	0.04878048780487805	0.4
6	0.04878048780487805	0.3333333333333333
7	0.04878048780487805	0.2857142857142857
8	0.07317073170731707	0.375
9	0.07317073170731707	0.3333333333333333
10	0.07317073170731707	0.3
11	0.07317073170731707	0.2727272727272727
12	0.07317073170731707	0.25
13	0.0975609756097561	0.3076923076923077
14	0.12195121951219512	0.35714285714285715
15	0.12195121951219512	0.3333333333333333
16	0.14634146341463414	0.375
17	0.14634146341463414	0.35294117647058826
18	0.17073170731707318	0.3888888888888889
19	0.17073170731707318	0.3684210526315789
20	0.1951219512195122	0.4
21	0.1951219512195122	0.38095238095238093
22	0.1951219512195122	0.36363636363636365
23	0.21951219512195122	0.391304347826087
24	0.21951219512195122	0.375
25	0.24390243902439024	0.4
