1	0.0	0.0
2	0.09090909090909091	0.5
3	0.18181818181818182	0.6666666666666666
4	0.2727272727272727	0.75
5	0.36363636363636365	0.8
6	0.45454545454545453	0.8333333333333334
7	0.45454545454545453	0.7142857142857143
8	0.5454545454545454	0.75
9	0.5454545454545454	0.6666666666666666
10	0.5454545454545454	0.6
11	0.5454545454545454	0.5454545454545454
12	0.5454545454545454	0.5
13	0.5454545454545454	0.46153846153846156
14	0.6363636363636364	0.5
15	0.6363636363636364	0.4666666666666667
16	0.6363636363636364	0.4375
17	0.6363636363636364	0.4117647058823529
18	0.7272727272727273	0.4444444444444444
19	0.7272727272727273	0.42105263157894735
20	0.7272727272727273	0.4
21	0.7272727272727273	0.38095238095238093
22	0.8181818181818182	0.4090909090909091
23	0.8181818181818182	0.391304347826087
24	0.8181818181818182	0.375
25	0.8181818181818182	0.36
