1	0.05263157894736842	1.0
2	0.10526315789473684	1.0
3	0.10526315789473684	0.6666666666666666
4	0.10526315789473684	0.5
5	0.10526315789473684	0.4
6	0.10526315789473684	0.3333333333333333
7	0.15789473684210525	0.42857142857142855
8	0.15789473684210525	0.375
9	0.15789473684210525	0.3333333333333333
10	0.15789473684210525	0.3
11	0.21052631578947367	0.36363636363636365
12	0.21052631578947367	0.3333333333333333
13	0.2631578947368421	0.38461538461538464
14	0.3157894736842105	0.42857142857142855
15	0.3157894736842105	0.4
16	0.3157894736842105	0.375
17	0.3684210526315789	0.4117647058823529
18	0.3684210526315789	0.3888888888888889
19	0.3684210526315789	0.3684210526315789
20	0.42105263157894735	0.4
21	0.42105263157894735	0.38095238095238093
22	0.42105263157894735	0.36363636363636365
23	0.42105263157894735	0.34782608695652173
24	0.42105263157894735	0.3333333333333333
25	0.42105263157894735	0.32
