1	0.15384615384615385
2	0.14285714285714285
3	0.13333333333333333
4	0.125
5	0.11764705882352941
6	0.2222222222222222
7	0.2105263157894737
8	0.2
9	0.1904761904761905
10	0.1818181818181818
11	0.17391304347826086
12	0.25
13	0.24000000000000002
14	0.23076923076923075
15	0.22222222222222224
16	0.28571428571428575
17	0.27586206896551724
18	0.26666666666666666
19	0.2580645161290323
20	0.25
21	0.24242424242424246
22	0.23529411764705885
23	0.22857142857142854
24	0.2222222222222222
25	0.21621621621621623
