1	0.0909090909090909
2	0.17391304347826084
3	0.16666666666666666
4	0.16
5	0.15384615384615385
6	0.14814814814814814
7	0.21428571428571427
8	0.20689655172413796
9	0.2
10	0.19354838709677416
11	0.25
12	0.24242424242424246
13	0.23529411764705882
14	0.22857142857142854
15	0.2222222222222222
16	0.27027027027027023
17	0.2631578947368421
18	0.25641025641025644
19	0.25
20	0.24390243902439024
21	0.23809523809523808
22	0.2790697674418604
23	0.2727272727272727
24	0.26666666666666666
25	0.30434782608695654
