1	0.14285714285714288
2	0.2666666666666667
3	0.25
4	0.23529411764705882
5	0.33333333333333337
6	0.3157894736842105
7	0.4
8	0.380952380952381
9	0.3636363636363637
10	0.4347826086956522
11	0.41666666666666663
12	0.48000000000000004
13	0.46153846153846156
14	0.4444444444444445
15	0.42857142857142855
16	0.41379310344827586
17	0.4000000000000001
18	0.45161290322580644
19	0.5
20	0.5454545454545455
21	0.588235294117647
22	0.5714285714285714
23	0.5555555555555555
24	0.5405405405405406
25	0.5263157894736842
