1	0.19999999999999998
2	0.1818181818181818
3	0.3333333333333333
4	0.46153846153846156
5	0.42857142857142855
6	0.5333333333333333
7	0.5
8	0.47058823529411764
9	0.4444444444444444
10	0.4210526315789474
11	0.39999999999999997
12	0.380952380952381
13	0.3636363636363637
14	0.34782608695652173
15	0.33333333333333337
16	0.32
17	0.30769230769230765
18	0.2962962962962963
19	0.2857142857142857
20	0.2758620689655173
21	0.26666666666666666
22	0.2580645161290322
23	0.25
24	0.24242424242424243
25	0.23529411764705882
