1	0.02985074626865672
2	0.029411764705882356
3	0.028985507246376812
4	0.05714285714285715
5	0.05633802816901409
6	0.05555555555555555
7	0.054794520547945216
8	0.08108108108108107
9	0.08
10	0.10526315789473685
11	0.1038961038961039
12	0.10256410256410256
13	0.10126582278481013
14	0.125
15	0.1234567901234568
16	0.12195121951219512
17	0.12048192771084337
18	0.11904761904761905
19	0.11764705882352942
20	0.11627906976744187
21	0.11494252873563218
22	0.11363636363636363
23	0.11235955056179775
24	0.13333333333333333
25	0.13186813186813184
