1	0.0
2	0.08333333333333334
3	0.16
4	0.15384615384615385
5	0.14814814814814814
6	0.21428571428571427
7	0.20689655172413793
8	0.19999999999999998
9	0.1935483870967742
10	0.25000000000000006
11	0.24242424242424246
12	0.23529411764705885
13	0.2285714285714286
14	0.2777777777777778
15	0.3243243243243243
16	0.3157894736842105
17	0.30769230769230765
18	0.35000000000000003
19	0.3902439024390244
20	0.380952380952381
21	0.37209302325581395
22	0.36363636363636365
23	0.3555555555555555
24	0.34782608695652173
25	0.3404255319148936
