1	0.13333333333333333
2	0.125
3	0.11764705882352941
4	0.22222222222222224
5	0.21052631578947364
6	0.2
7	0.19047619047619047
8	0.18181818181818182
9	0.17391304347826086
10	0.16666666666666666
11	0.16
12	0.15384615384615383
13	0.14814814814814817
14	0.14285714285714285
15	0.20689655172413796
16	0.19999999999999998
17	0.2580645161290323
18	0.25
19	0.24242424242424243
20	0.2941176470588235
21	0.34285714285714286
22	0.33333333333333326
23	0.3783783783783784
24	0.4210526315789474
25	0.41025641025641024
