1	0.05714285714285715
2	0.05555555555555555
3	0.05405405405405406
4	0.10526315789473684
5	0.15384615384615385
6	0.2
7	0.1951219512195122
8	0.19047619047619047
9	0.23255813953488372
10	0.2727272727272727
11	0.26666666666666666
12	0.2608695652173913
13	0.25531914893617025
14	0.2916666666666667
15	0.28571428571428564
16	0.31999999999999995
17	0.35294117647058826
18	0.3846153846153846
19	0.4150943396226416
20	0.4074074074074075
21	0.39999999999999997
22	0.3928571428571429
23	0.3859649122807018
24	0.41379310344827586
25	0.4067796610169491
