0.2857142857142857
0.03571428571428571
0.25000000000000006
0.0
0.4000000000000001
0.16666666666666666
0.06666666666666667
0.2222222222222222
0.5454545454545454
0.1818181818181818
0.16666666666666666
0.35294117647058826
0.0
0.2857142857142857
0.1
0.14285714285714285
0.3333333333333333
0.2857142857142857
0.4444444444444445
0.1818181818181818
0.1818181818181818
0.1818181818181818
0.0909090909090909
0.22222222222222224
0.19047619047619047
0.6
0.26666666666666666
0.15384615384615385
0.0
0.20000000000000004
0.3333333333333333
0.2857142857142857
0.6666666666666665
0.125
0.6
0.08695652173913045
0.1739130434782609
0.2857142857142857
0.22222222222222224
0.5714285714285714
0.11764705882352941
0.20000000000000004
0.15384615384615385
0.3333333333333333
0.1818181818181818
0.1
0.13333333333333333
0.0
0.4
0.4000000000000001
0.8000000000000002
0.4444444444444445
0.07142857142857142
0.3636363636363636
0.3076923076923077
0.4000000000000001
0.4
0.05714285714285715
0.1
0.13333333333333333
0.4000000000000001
0.5263157894736842
0.0
0.0
0.4444444444444445
0.6666666666666665
0.4000000000000001
0.0
0.05405405405405406
0.6
0.6
0.0
0.08000000000000002
0.05633802816901409
0.5263157894736842
0.0
0.16666666666666666
0.42857142857142855
0.07142857142857142
0.6666666666666665
0.0
0.20689655172413793
0.15384615384615385
0.13333333333333333
0.2857142857142857
0.3076923076923077
0.1818181818181818
0.12121212121212122
0.4444444444444445
0.1
0.0
0.2
0.4444444444444445
0.20000000000000004
0.35294117647058826
0.13333333333333333
0.3636363636363636
0.37499999999999994
0.4000000000000001
0.12500000000000003
0.14285714285714285
0.35294117647058826
0.14285714285714285
0.15384615384615385
0.0
0.07407407407407406
0.0
0.12500000000000003
0.26666666666666666
0.3076923076923077
0.1818181818181818
0.21052631578947364
0.1111111111111111
0.5454545454545454
0.1818181818181818
0.5000000000000001
0.4
0.25000000000000006
0.16666666666666666
0.13333333333333333
0.08333333333333333
0.6666666666666665
0.1818181818181818
0.125
0.5454545454545454
0.13333333333333333
0.13793103448275862
0.37499999999999994
0.3636363636363636
0.26666666666666666
0.26666666666666666
0.4444444444444445
0.20000000000000004
0.0588235294117647
0.09523809523809523
0.3636363636363636
0.14285714285714285
0.4444444444444445
0.2857142857142857
0.3636363636363636
0.0
0.4615384615384615
0.20000000000000004
0.26666666666666666
0.26666666666666666
0.3333333333333333
0.1818181818181818
0.15384615384615385
0.08000000000000002
0.42857142857142855
0.20000000000000004
0.16666666666666666
0.4000000000000001
0.6
0.07792207792207792
0.5333333333333333
0.3333333333333333
0.6666666666666665
0.3333333333333333
0.0
0.3
0.25
0.4444444444444445
0.16666666666666666
0.19047619047619047
0.4444444444444445
0.4444444444444445
0.0
0.0
0.22222222222222224
0.25000000000000006
0.6
0.1818181818181818
0.0
0.0
0.07692307692307693
0.21052631578947364
0.041666666666666664
0.20000000000000004
0.32000000000000006
0.6
0.13333333333333333
0.4000000000000001
0.18750000000000003
0.0
0.13333333333333333
0.22222222222222224
0.16666666666666666
0.0
0.2857142857142857
0.5333333333333333
0.22222222222222224
0.37499999999999994
0.3333333333333333
0.4000000000000001
0.2
0.42857142857142855
0.5
0.16666666666666666
0.4000000000000001
0.20000000000000004
0.4444444444444445
0.22222222222222224
0.15384615384615385
0.42857142857142855
0.19047619047619047
0.7272727272727272
0.15384615384615385
0.3636363636363636
0.3333333333333333
0.23529411764705882
0.06896551724137931
0.06896551724137931
0.13333333333333333
0.1142857142857143
0.4000000000000001
0.06896551724137931
0.2
0.5000000000000001
0.0
0.0
0.13333333333333333
0.42857142857142855
0.22222222222222224
0.03333333333333333
0.20000000000000004
0.5454545454545454
0.07692307692307693
0.2857142857142857
0.0
0.1818181818181818
0.6
0.125
0.2857142857142857
0.26666666666666666
0.16666666666666666
0.19047619047619047
0.14285714285714285
0.1818181818181818
0.1818181818181818
0.16666666666666666
0.0
0.20000000000000004
0.0
0.15384615384615385
0.6
0.14814814814814814
0.42857142857142855
0.20000000000000004
0.3636363636363636
0.6
0.0909090909090909
0.15384615384615385
0.4444444444444445
0.32000000000000006
0.4000000000000001
0.0
0.0
0.11764705882352941
0.0
0.22222222222222224
0.35294117647058826
0.4444444444444445
0.1111111111111111
0.4444444444444445
0.5454545454545454
0.07272727272727272
0.1818181818181818
0.07999999999999999
0.1818181818181818
0.3157894736842105
0.15384615384615385
0.5000000000000001
0.0
0.3636363636363636
0.13333333333333333
0.0
0.26666666666666666
0.42857142857142855
0.20000000000000004
0.2857142857142857
0.22222222222222224
0.4347826086956522
0.10256410256410256
0.1111111111111111
0.11764705882352941
0.1111111111111111
0.3636363636363636
0.2857142857142857
0.3846153846153846
0.13333333333333333
0.6
0.6
0.3333333333333333
0.16216216216216214
0.12500000000000003
0.1818181818181818
0.16666666666666666
0.22222222222222224
0.1818181818181818
0.13333333333333333
0.2857142857142857
0.11764705882352941
0.4000000000000001
0.4000000000000001
0.4444444444444445
0.5000000000000001
0.13333333333333333
0.16666666666666666
0.15384615384615385
0.23529411764705882
0.5454545454545454
0.0
0.0
0.18604651162790697
0.4000000000000001
0.1818181818181818
0.0
0.14285714285714285
0.08695652173913045
0.21052631578947364
0.22222222222222224
0.15384615384615385
0.6
0.14285714285714285
0.3076923076923077
0.15384615384615385
0.4444444444444445
0.4444444444444445
0.3157894736842105
0.22222222222222224
0.18750000000000003
0.22222222222222224
0.22222222222222218
0.2727272727272727
0.26666666666666666
0.4
0.33333333333333337
0.3636363636363636
0.0
0.16666666666666666
0.5454545454545454
0.16666666666666666
0.6666666666666665
0.4000000000000001
0.22222222222222224
0.25000000000000006
0.20000000000000004
0.16666666666666666
0.1818181818181818
0.10526315789473682
0.16666666666666666
0.21052631578947364
0.0
0.1818181818181818
0.5454545454545454
0.22222222222222224
0.14285714285714285
0.3
0.16666666666666666
0.1818181818181818
0.5454545454545454
0.16666666666666666
0.5454545454545454
0.4000000000000001
0.4000000000000001
0.22222222222222224
0.4000000000000001
0.6
0.3333333333333333
0.6
0.0
0.5263157894736842
0.1111111111111111
0.1
0.21052631578947364
0.09523809523809523
0.6
0.23529411764705882
0.42857142857142855
0.4000000000000001
0.1818181818181818
0.6
0.10526315789473682
0.4000000000000001
0.32000000000000006
0.4615384615384615
0.1818181818181818
0.3636363636363636
0.6666666666666665
0.38095238095238093
0.3
0.22222222222222218
0.4444444444444445
0.3636363636363636
0.1818181818181818
0.4444444444444445
0.05714285714285715
0.22222222222222224
0.20000000000000004
0.5
0.4000000000000001
0.26666666666666666
0.1
0.6
0.16000000000000003
0.16666666666666666
0.3636363636363636
0.16666666666666666
0.048780487804878044
0.1111111111111111
0.4000000000000001
0.2
0.1818181818181818
0.13333333333333333
0.15384615384615385
0.13333333333333333
0.35294117647058826
0.23529411764705882
0.0
0.14285714285714285
0.0
0.1111111111111111
0.3636363636363636
0.1818181818181818
0.0
0.6
0.1818181818181818
0.4000000000000001
0.14285714285714285
0.0
0.4444444444444445
0.16666666666666666
0.4615384615384615
0.20000000000000004
0.14285714285714285
0.21052631578947364
0.20000000000000004
0.14285714285714285
0.0
0.22222222222222224
0.25000000000000006
0.16666666666666666
0.1818181818181818
0.4000000000000001
0.11764705882352941
0.15384615384615385
0.4615384615384615
0.16666666666666666
0.0
0.37499999999999994
0.1818181818181818
0.2857142857142857
0.10526315789473682
0.4000000000000001
0.0
0.0
0.2222222222222222
0.5454545454545454
0.3157894736842105
0.6
0.3076923076923077
0.21428571428571427
0.6
0.6666666666666665
0.4
0.4444444444444444
0.3333333333333333
0.7272727272727272
0.3
0.3076923076923077
0.0
0.16666666666666666
0.4
0.2
0.0
0.1818181818181818
0.20000000000000004
0.22222222222222224
0.4444444444444445
0.4000000000000001
0.0
0.35294117647058826
0.5454545454545454
0.0
0.3333333333333333
0.15384615384615385
0.26666666666666666
0.35294117647058826
0.5714285714285714
0.1176470588235294
0.12500000000000003
0.3636363636363636
0.22222222222222224
0.14285714285714285
0.4444444444444445
0.1818181818181818
0.20000000000000004
0.1176470588235294
0.16666666666666666
0.1818181818181818
0.3333333333333333
0.4444444444444444
0.0
0.14814814814814814
0.42857142857142855
0.09523809523809523
0.15384615384615385
0.22222222222222224
0.13333333333333333
0.3636363636363636
0.37499999999999994
0.06896551724137931
0.5
0.4000000000000001
0.4444444444444445
0.4444444444444445
0.3076923076923077
0.0
0.13333333333333333
