1	0.07142857142857142
2	0.13793103448275862
3	0.13333333333333333
4	0.12903225806451613
5	0.125
6	0.12121212121212122
7	0.11764705882352941
8	0.11428571428571428
9	0.1111111111111111
10	0.10810810810810811
11	0.10526315789473684
12	0.10256410256410256
13	0.1
14	0.0975609756097561
15	0.14285714285714285
16	0.13953488372093023
17	0.1818181818181818
18	0.17777777777777776
19	0.17391304347826086
20	0.1702127659574468
21	0.16666666666666666
22	0.16326530612244897
23	0.15999999999999998
24	0.19607843137254902
25	0.1923076923076923
