1	0.04545454545454545
2	0.04444444444444444
3	0.04347826086956522
4	0.0425531914893617
5	0.041666666666666664
6	0.04081632653061224
7	0.04
8	0.03921568627450981
9	0.038461538461538464
10	0.03773584905660377
11	0.07407407407407407
12	0.07272727272727272
13	0.10714285714285714
14	0.14035087719298245
15	0.13793103448275862
16	0.16949152542372883
17	0.16666666666666666
18	0.19672131147540986
19	0.19354838709677416
20	0.1904761904761905
21	0.18749999999999997
22	0.18461538461538457
23	0.18181818181818182
24	0.1791044776119403
25	0.17647058823529407
