1	0.039999999999999994
2	0.039215686274509796
3	0.07692307692307691
4	0.07547169811320753
5	0.07407407407407406
6	0.07272727272727272
7	0.07142857142857142
8	0.10526315789473682
9	0.10344827586206896
10	0.13559322033898302
11	0.13333333333333333
12	0.16393442622950824
13	0.16129032258064516
14	0.19047619047619047
15	0.1875
16	0.1846153846153846
17	0.18181818181818182
18	0.17910447761194032
19	0.20588235294117646
20	0.23188405797101447
21	0.2571428571428572
22	0.2816901408450704
23	0.3055555555555556
24	0.3013698630136986
25	0.2972972972972973
