1	0.04347826086956522
2	0.0425531914893617
3	0.04166666666666667
4	0.0816326530612245
5	0.07999999999999999
6	0.0784313725490196
7	0.07692307692307693
8	0.07547169811320754
9	0.07407407407407407
10	0.07272727272727272
11	0.10714285714285715
12	0.10526315789473685
13	0.13793103448275862
14	0.13559322033898305
15	0.13333333333333333
16	0.13114754098360656
17	0.16129032258064516
18	0.19047619047619044
19	0.18750000000000003
20	0.21538461538461537
21	0.21212121212121213
22	0.208955223880597
23	0.2058823529411765
24	0.2028985507246377
25	0.2
