1	0.0
2	0.09090909090909091
3	0.08695652173913045
4	0.08333333333333334
5	0.08000000000000002
6	0.07692307692307691
7	0.07407407407407408
8	0.07142857142857144
9	0.06896551724137932
10	0.13333333333333333
11	0.12903225806451613
12	0.18749999999999997
13	0.18181818181818185
14	0.1764705882352941
15	0.17142857142857143
16	0.16666666666666663
17	0.2162162162162162
18	0.2105263157894737
19	0.20512820512820512
20	0.20000000000000004
21	0.24390243902439024
22	0.23809523809523808
23	0.23255813953488372
24	0.22727272727272727
25	0.2666666666666666
