1	0.11764705882352941
2	0.1111111111111111
3	0.10526315789473684
4	0.1
5	0.19047619047619047
6	0.2727272727272727
7	0.26086956521739124
8	0.3333333333333333
9	0.39999999999999997
10	0.38461538461538464
11	0.3703703703703703
12	0.42857142857142855
13	0.41379310344827586
14	0.39999999999999997
15	0.38709677419354843
16	0.375
17	0.3636363636363636
18	0.411764705882353
19	0.45714285714285713
20	0.4444444444444445
21	0.4864864864864864
22	0.47368421052631576
23	0.46153846153846156
24	0.5
25	0.5365853658536586
