1	0.18181818181818182
2	0.16666666666666669
3	0.15384615384615383
4	0.14285714285714288
5	0.13333333333333333
6	0.125
7	0.23529411764705882
8	0.22222222222222224
9	0.2105263157894737
10	0.20000000000000004
11	0.1904761904761905
12	0.2727272727272727
13	0.34782608695652173
14	0.3333333333333333
15	0.32
16	0.38461538461538464
17	0.37037037037037035
18	0.35714285714285715
19	0.3448275862068966
20	0.3333333333333333
21	0.3225806451612903
22	0.3125
23	0.30303030303030304
24	0.29411764705882354
25	0.28571428571428575
