1	0.13333333333333333
2	0.25
3	0.35294117647058826
4	0.3333333333333333
5	0.3157894736842105
6	0.3
7	0.2857142857142857
8	0.36363636363636365
9	0.43478260869565216
10	0.41666666666666663
11	0.4
12	0.3846153846153846
13	0.3703703703703704
14	0.35714285714285715
15	0.3448275862068965
16	0.3333333333333333
17	0.3225806451612903
18	0.31250000000000006
19	0.30303030303030304
20	0.2941176470588235
21	0.2857142857142857
22	0.2777777777777778
23	0.27027027027027023
24	0.2631578947368421
25	0.25641025641025644
