1	0.16666666666666669
2	0.3076923076923077
3	0.28571428571428575
4	0.39999999999999997
5	0.5000000000000001
6	0.4705882352941177
7	0.4444444444444444
8	0.5263157894736842
9	0.5
10	0.47619047619047616
11	0.45454545454545453
12	0.43478260869565216
13	0.41666666666666663
14	0.4
15	0.4615384615384615
16	0.4444444444444444
17	0.42857142857142855
18	0.41379310344827586
19	0.39999999999999997
20	0.3870967741935483
21	0.37499999999999994
22	0.4242424242424242
23	0.411764705882353
24	0.4571428571428572
25	0.4444444444444444
