1	0.07999999999999999
2	0.15384615384615385
3	0.14814814814814814
4	0.14285714285714285
5	0.13793103448275862
6	0.13333333333333333
7	0.12903225806451613
8	0.125
9	0.12121212121212122
10	0.11764705882352941
11	0.17142857142857143
12	0.16666666666666666
13	0.16216216216216217
14	0.15789473684210525
15	0.15384615384615385
16	0.15
17	0.14634146341463414
18	0.14285714285714288
19	0.13953488372093023
20	0.13636363636363635
21	0.13333333333333333
22	0.13043478260869565
23	0.1276595744680851
24	0.125
25	0.16326530612244897
