1	0.09523809523809523
2	0.09090909090909091
3	0.08695652173913045
4	0.16666666666666669
5	0.16000000000000003
6	0.15384615384615383
7	0.14814814814814817
8	0.14285714285714288
9	0.13793103448275865
10	0.13333333333333333
11	0.12903225806451613
12	0.18749999999999997
13	0.18181818181818185
14	0.1764705882352941
15	0.17142857142857143
16	0.22222222222222224
17	0.2162162162162162
18	0.2105263157894737
19	0.20512820512820512
20	0.25
21	0.24390243902439024
22	0.23809523809523808
23	0.23255813953488372
24	0.22727272727272727
25	0.22222222222222224
