1	0.09523809523809523
2	0.18181818181818182
3	0.2608695652173913
4	0.33333333333333337
5	0.32000000000000006
6	0.3846153846153846
7	0.37037037037037035
8	0.35714285714285715
9	0.3448275862068966
10	0.3333333333333333
11	0.3870967741935483
12	0.37499999999999994
13	0.3636363636363637
14	0.4117647058823529
15	0.4
16	0.4444444444444445
17	0.48648648648648646
18	0.4736842105263158
19	0.46153846153846156
20	0.45
21	0.4390243902439024
22	0.4285714285714286
23	0.46511627906976744
24	0.45454545454545453
25	0.4444444444444445
