1	0.0909090909090909
2	0.08695652173913042
3	0.08333333333333333
4	0.08
5	0.07692307692307693
6	0.07407407407407407
7	0.14285714285714285
8	0.13793103448275862
9	0.13333333333333333
10	0.19354838709677416
11	0.18749999999999997
12	0.18181818181818182
13	0.17647058823529413
14	0.17142857142857143
15	0.2222222222222222
16	0.27027027027027023
17	0.31578947368421056
18	0.30769230769230765
19	0.3
20	0.2926829268292683
21	0.2857142857142857
22	0.2790697674418604
23	0.2727272727272727
24	0.26666666666666666
25	0.2608695652173913
