1	0.16666666666666669
2	0.15384615384615385
3	0.28571428571428575
4	0.39999999999999997
5	0.37499999999999994
6	0.4705882352941177
7	0.5555555555555556
8	0.5263157894736842
9	0.6
10	0.5714285714285713
11	0.6363636363636364
12	0.6956521739130435
13	0.6666666666666667
14	0.64
15	0.6153846153846153
16	0.5925925925925926
17	0.5714285714285714
18	0.5517241379310345
19	0.5333333333333333
20	0.5161290322580645
21	0.5
22	0.4848484848484849
23	0.4705882352941176
24	0.4571428571428572
25	0.4444444444444444
