1	0.11764705882352941
2	0.1111111111111111
3	0.10526315789473684
4	0.1
5	0.19047619047619047
6	0.18181818181818182
7	0.17391304347826086
8	0.16666666666666666
9	0.16
10	0.23076923076923075
11	0.2222222222222222
12	0.21428571428571427
13	0.20689655172413793
14	0.19999999999999998
15	0.19354838709677422
16	0.1875
17	0.1818181818181818
18	0.23529411764705882
19	0.22857142857142856
20	0.22222222222222224
21	0.2162162162162162
22	0.2105263157894737
23	0.20512820512820512
24	0.2
25	0.19512195121951217
