1	0.18181818181818182
2	0.16666666666666669
3	0.15384615384615383
4	0.14285714285714288
5	0.13333333333333333
6	0.125
7	0.11764705882352941
8	0.11111111111111112
9	0.10526315789473685
10	0.10000000000000002
11	0.09523809523809525
12	0.1818181818181818
13	0.17391304347826086
14	0.16666666666666666
15	0.16
16	0.15384615384615385
17	0.22222222222222224
18	0.21428571428571427
19	0.20689655172413793
20	0.2
21	0.25806451612903225
22	0.25000000000000006
23	0.24242424242424243
24	0.23529411764705882
25	0.22857142857142856
