1	0.0
2	0.16666666666666669
3	0.15384615384615383
4	0.14285714285714288
5	0.13333333333333333
6	0.125
7	0.11764705882352941
8	0.11111111111111112
9	0.10526315789473685
10	0.10000000000000002
11	0.09523809523809525
12	0.0909090909090909
13	0.08695652173913043
14	0.08333333333333333
15	0.08
16	0.15384615384615385
17	0.14814814814814817
18	0.14285714285714285
19	0.13793103448275862
20	0.13333333333333333
21	0.12903225806451613
22	0.12500000000000003
23	0.18181818181818182
24	0.17647058823529413
25	0.17142857142857143
