1	0.08695652173913045
2	0.08333333333333334
3	0.16
4	0.15384615384615385
5	0.22222222222222218
6	0.28571428571428575
7	0.3448275862068965
8	0.39999999999999997
9	0.45161290322580644
10	0.4375
11	0.4242424242424242
12	0.4117647058823529
13	0.39999999999999997
14	0.3888888888888889
15	0.3783783783783784
16	0.4210526315789474
17	0.41025641025641024
18	0.39999999999999997
19	0.3902439024390244
20	0.380952380952381
21	0.37209302325581395
22	0.36363636363636365
23	0.3555555555555555
24	0.34782608695652173
25	0.3404255319148936
