1	0.07142857142857142
2	0.13793103448275862
3	0.19999999999999998
4	0.25806451612903225
5	0.25
6	0.24242424242424243
7	0.23529411764705882
8	0.22857142857142856
9	0.2222222222222222
10	0.21621621621621623
11	0.21052631578947367
12	0.20512820512820512
13	0.2
14	0.1951219512195122
15	0.23809523809523808
16	0.2325581395348837
17	0.27272727272727276
18	0.3111111111111111
19	0.30434782608695654
20	0.29787234042553196
21	0.2916666666666667
22	0.2857142857142857
23	0.27999999999999997
24	0.27450980392156865
25	0.2692307692307692
