1	0.07692307692307693
2	0.07407407407407407
3	0.07142857142857142
4	0.06896551724137932
5	0.06666666666666667
6	0.06451612903225806
7	0.0625
8	0.06060606060606061
9	0.058823529411764705
10	0.05714285714285714
11	0.1111111111111111
12	0.10810810810810811
13	0.15789473684210525
14	0.20512820512820512
15	0.25
16	0.2926829268292683
17	0.28571428571428564
18	0.27906976744186046
19	0.2727272727272727
20	0.2666666666666666
21	0.2608695652173913
22	0.2553191489361702
23	0.24999999999999994
24	0.24489795918367346
25	0.24
