1	0.06666666666666667
2	0.12903225806451613
3	0.125
4	0.1212121212121212
5	0.1176470588235294
6	0.1142857142857143
7	0.1111111111111111
8	0.1081081081081081
9	0.10526315789473684
10	0.10256410256410257
11	0.1
12	0.14634146341463414
13	0.14285714285714288
14	0.1395348837209302
15	0.18181818181818182
16	0.17777777777777778
17	0.2173913043478261
18	0.21276595744680854
19	0.20833333333333334
20	0.20408163265306123
21	0.19999999999999998
22	0.19607843137254902
23	0.19230769230769232
24	0.18867924528301888
25	0.1851851851851852
