1	0.07999999999999999
2	0.07692307692307693
3	0.14814814814814814
4	0.21428571428571427
5	0.20689655172413793
6	0.2
7	0.25806451612903225
8	0.25
9	0.24242424242424243
10	0.23529411764705882
11	0.2285714285714286
12	0.2777777777777778
13	0.32432432432432434
14	0.3157894736842105
15	0.3076923076923077
16	0.35000000000000003
17	0.34146341463414637
18	0.3333333333333333
19	0.32558139534883723
20	0.3636363636363636
21	0.39999999999999997
22	0.3913043478260869
23	0.3829787234042554
24	0.375
25	0.3673469387755102
