1	0.05128205128205127
2	0.1
3	0.14634146341463414
4	0.14285714285714285
5	0.18604651162790697
6	0.18181818181818182
7	0.17777777777777778
8	0.17391304347826086
9	0.2127659574468085
10	0.20833333333333334
11	0.24489795918367344
12	0.23999999999999996
13	0.2745098039215686
14	0.3076923076923077
15	0.3018867924528302
16	0.2962962962962963
17	0.3272727272727273
18	0.32142857142857145
19	0.3157894736842105
20	0.3103448275862069
21	0.3389830508474576
22	0.3333333333333333
23	0.360655737704918
24	0.3870967741935484
25	0.38095238095238093
