1	0.0909090909090909
2	0.08695652173913042
3	0.08333333333333333
4	0.08
5	0.07692307692307693
6	0.14814814814814814
7	0.14285714285714285
8	0.13793103448275862
9	0.13333333333333333
10	0.12903225806451613
11	0.125
12	0.12121212121212123
13	0.11764705882352941
14	0.11428571428571427
15	0.1111111111111111
16	0.1081081081081081
17	0.10526315789473684
18	0.10256410256410256
19	0.1
20	0.14634146341463414
21	0.14285714285714285
22	0.1395348837209302
23	0.13636363636363635
24	0.13333333333333333
25	0.13043478260869565
