1	0.19999999999999998
2	0.1818181818181818
3	0.3333333333333333
4	0.46153846153846156
5	0.5714285714285714
6	0.6666666666666667
7	0.6250000000000001
8	0.5882352941176471
9	0.5555555555555556
10	0.5263157894736842
11	0.5
12	0.4761904761904762
13	0.4545454545454546
14	0.43478260869565216
15	0.4166666666666667
16	0.4800000000000001
17	0.5384615384615384
18	0.5185185185185185
19	0.5
20	0.5517241379310346
21	0.5333333333333333
22	0.5161290322580644
23	0.5
24	0.48484848484848486
25	0.47058823529411764
