1	0.16666666666666669
2	0.15384615384615385
3	0.14285714285714288
4	0.13333333333333333
5	0.12500000000000003
6	0.11764705882352942
7	0.2222222222222222
8	0.3157894736842105
9	0.39999999999999997
10	0.380952380952381
11	0.36363636363636365
12	0.34782608695652173
13	0.41666666666666663
14	0.4
15	0.3846153846153846
16	0.4444444444444444
17	0.42857142857142855
18	0.4827586206896552
19	0.4666666666666667
20	0.45161290322580644
21	0.5
22	0.4848484848484849
23	0.4705882352941176
24	0.4571428571428572
25	0.4444444444444444
