1	0.08333333333333333
2	0.16
3	0.15384615384615383
4	0.14814814814814817
5	0.14285714285714285
6	0.20689655172413793
7	0.26666666666666666
8	0.25806451612903225
9	0.3125
10	0.30303030303030304
11	0.3529411764705882
12	0.3428571428571428
13	0.3888888888888889
14	0.4324324324324324
15	0.4210526315789474
16	0.41025641025641024
17	0.45
18	0.4878048780487805
19	0.5238095238095238
20	0.5581395348837209
21	0.5454545454545454
22	0.5333333333333332
23	0.5652173913043478
24	0.5531914893617021
25	0.5416666666666667
