1	0.0
2	0.06451612903225806
3	0.0625
4	0.0606060606060606
5	0.0588235294117647
6	0.05714285714285715
7	0.05555555555555555
8	0.05405405405405405
9	0.10526315789473684
10	0.10256410256410257
11	0.15
12	0.14634146341463414
13	0.14285714285714288
14	0.1395348837209302
15	0.13636363636363635
16	0.13333333333333333
17	0.17391304347826086
18	0.1702127659574468
19	0.20833333333333334
20	0.24489795918367346
21	0.24000000000000002
22	0.23529411764705882
23	0.23076923076923075
24	0.26415094339622647
25	0.25925925925925924
