1	0.0689655172413793
2	0.06666666666666667
3	0.06451612903225806
4	0.0625
5	0.12121212121212122
6	0.11764705882352941
7	0.1142857142857143
8	0.11111111111111112
9	0.16216216216216214
10	0.15789473684210525
11	0.15384615384615383
12	0.15
13	0.14634146341463414
14	0.19047619047619047
15	0.18604651162790697
16	0.18181818181818182
17	0.17777777777777778
18	0.17391304347826086
19	0.1702127659574468
20	0.20833333333333331
21	0.20408163265306123
22	0.2
23	0.19607843137254902
24	0.23076923076923075
25	0.2264150943396226
