1	0.1
2	0.09523809523809525
3	0.09090909090909091
4	0.08695652173913043
5	0.08333333333333333
6	0.08
7	0.07692307692307693
8	0.14814814814814814
9	0.21428571428571427
10	0.20689655172413793
11	0.26666666666666666
12	0.2580645161290323
13	0.25
14	0.24242424242424243
15	0.23529411764705882
16	0.22857142857142856
17	0.2222222222222222
18	0.21621621621621623
19	0.21052631578947367
20	0.20512820512820512
21	0.2
22	0.1951219512195122
23	0.23809523809523808
24	0.23255813953488372
25	0.22727272727272727
