1	0.09523809523809523
2	0.18181818181818182
3	0.2608695652173913
4	0.33333333333333337
5	0.32000000000000006
6	0.30769230769230765
7	0.29629629629629634
8	0.28571428571428575
9	0.2758620689655173
10	0.26666666666666666
11	0.3225806451612903
12	0.37499999999999994
13	0.3636363636363637
14	0.4117647058823529
15	0.4
16	0.4444444444444445
17	0.4324324324324324
18	0.4210526315789474
19	0.41025641025641024
20	0.4000000000000001
21	0.4390243902439024
22	0.4285714285714286
23	0.4186046511627907
24	0.4090909090909091
25	0.39999999999999997
