1	0.2222222222222222
2	0.2
3	0.18181818181818182
4	0.3333333333333333
5	0.4615384615384615
6	0.5714285714285715
7	0.6666666666666666
8	0.75
9	0.823529411764706
10	0.7777777777777777
11	0.7368421052631579
12	0.7000000000000001
13	0.6666666666666667
14	0.6363636363636364
15	0.608695652173913
16	0.5833333333333334
17	0.56
18	0.5384615384615385
19	0.5185185185185185
20	0.4999999999999999
21	0.48275862068965514
22	0.4666666666666667
23	0.4516129032258065
24	0.43750000000000006
25	0.42424242424242425
