1	0.06666666666666667
2	0.06451612903225806
3	0.125
4	0.1212121212121212
5	0.1176470588235294
6	0.1142857142857143
7	0.1111111111111111
8	0.1081081081081081
9	0.10526315789473684
10	0.10256410256410257
11	0.15
12	0.1951219512195122
13	0.23809523809523808
14	0.23255813953488377
15	0.22727272727272724
16	0.26666666666666666
17	0.3043478260869565
18	0.2978723404255319
19	0.2916666666666667
20	0.32653061224489793
21	0.32
22	0.3137254901960784
23	0.3076923076923077
24	0.3018867924528302
25	0.29629629629629634
