1	0.03571428571428572
2	0.03508771929824561
3	0.034482758620689655
4	0.03389830508474576
5	0.03333333333333333
6	0.032786885245901634
7	0.032258064516129024
8	0.031746031746031744
9	0.03125
10	0.030769230769230767
11	0.0303030303030303
12	0.029850746268656716
13	0.0588235294117647
14	0.05797101449275361
15	0.05714285714285715
16	0.08450704225352113
17	0.08333333333333334
18	0.08219178082191782
19	0.08108108108108109
20	0.08
21	0.07894736842105263
22	0.07792207792207792
23	0.07692307692307693
24	0.0759493670886076
25	0.075
