1	0.0
2	0.038461538461538464
3	0.03773584905660377
4	0.037037037037037035
5	0.07272727272727272
6	0.07142857142857142
7	0.10526315789473684
8	0.10344827586206896
9	0.10169491525423728
10	0.09999999999999999
11	0.09836065573770492
12	0.0967741935483871
13	0.09523809523809523
14	0.125
15	0.12307692307692307
16	0.12121212121212122
17	0.14925373134328357
18	0.1764705882352941
19	0.20289855072463772
20	0.22857142857142856
21	0.22535211267605634
22	0.2222222222222222
23	0.2465753424657534
24	0.24324324324324328
25	0.23999999999999996
