1	0.0
2	0.03773584905660377
3	0.037037037037037035
4	0.03636363636363636
5	0.03571428571428571
6	0.03508771929824561
7	0.034482758620689655
8	0.06779661016949153
9	0.1
10	0.09836065573770492
11	0.12903225806451613
12	0.15873015873015872
13	0.15625000000000003
14	0.15384615384615385
15	0.1515151515151515
16	0.17910447761194026
17	0.17647058823529413
18	0.1739130434782609
19	0.17142857142857143
20	0.1971830985915493
21	0.19444444444444448
22	0.21917808219178084
23	0.21621621621621623
24	0.21333333333333332
25	0.21052631578947367
