1	0.0
2	0.058823529411764705
3	0.05714285714285714
4	0.05555555555555555
5	0.05405405405405406
6	0.10526315789473684
7	0.10256410256410256
8	0.1
9	0.0975609756097561
10	0.14285714285714285
11	0.13953488372093023
12	0.13636363636363635
13	0.17777777777777778
14	0.17391304347826086
15	0.1702127659574468
16	0.20833333333333334
17	0.20408163265306123
18	0.19999999999999998
19	0.19607843137254902
20	0.23076923076923075
21	0.2641509433962264
22	0.2962962962962963
23	0.3272727272727273
24	0.32142857142857145
25	0.3157894736842105
