1	0.0	0.0
2	0.0	0.0
3	0.017543859649122806	0.3333333333333333
4	0.03508771929824561	0.5
5	0.05263157894736842	0.6
6	0.05263157894736842	0.5
7	0.05263157894736842	0.42857142857142855
8	0.07017543859649122	0.5
9	0.08771929824561403	0.5555555555555556
10	0.08771929824561403	0.5
11	0.10526315789473684	0.5454545454545454
12	0.12280701754385964	0.5833333333333334
13	0.12280701754385964	0.5384615384615384
14	0.12280701754385964	0.5
15	0.12280701754385964	0.4666666666666667
16	0.14035087719298245	0.5
17	0.15789473684210525	0.5294117647058824
18	0.15789473684210525	0.5
19	0.15789473684210525	0.47368421052631576
20	0.17543859649122806	0.5
21	0.17543859649122806	0.47619047619047616
22	0.17543859649122806	0.45454545454545453
23	0.17543859649122806	0.43478260869565216
24	0.17543859649122806	0.4166666666666667
25	0.19298245614035087	0.44
26	0.19298245614035087	0.4230769230769231
27	0.19298245614035087	0.4074074074074074
28	0.19298245614035087	0.39285714285714285
29	0.21052631578947367	0.41379310344827586
30	0.21052631578947367	0.4
