1	0.0	0.0
2	0.0	0.0
3	0.0	0.0
4	0.0	0.0
5	0.0	0.0
6	0.0	0.0
7	0.07692307692307693	0.14285714285714285
8	0.15384615384615385	0.25
9	0.15384615384615385	0.2222222222222222
10	0.23076923076923078	0.3
11	0.23076923076923078	0.2727272727272727
12	0.3076923076923077	0.3333333333333333
13	0.3076923076923077	0.3076923076923077
14	0.3076923076923077	0.2857142857142857
15	0.38461538461538464	0.3333333333333333
16	0.46153846153846156	0.375
17	0.46153846153846156	0.35294117647058826
18	0.5384615384615384	0.3888888888888889
19	0.6153846153846154	0.42105263157894735
20	0.6923076923076923	0.45
21	0.6923076923076923	0.42857142857142855
22	0.7692307692307693	0.45454545454545453
23	0.7692307692307693	0.43478260869565216
24	0.7692307692307693	0.4166666666666667
25	0.8461538461538461	0.44
26	0.9230769230769231	0.46153846153846156
27	1.0	0.48148148148148145
28	1.0	0.4642857142857143
29	1.0	0.4482758620689655
30	1.0	0.43333333333333335
