1	0.0	0.0
2	0.0	0.0
3	0.0	0.0
4	0.0	0.0
5	0.0	0.0
6	0.0	0.0
7	0.0	0.0
8	0.16666666666666666	0.125
9	0.3333333333333333	0.2222222222222222
10	0.3333333333333333	0.2
11	0.3333333333333333	0.18181818181818182
12	0.3333333333333333	0.16666666666666666
13	0.3333333333333333	0.15384615384615385
14	0.5	0.21428571428571427
15	0.5	0.2
16	0.5	0.1875
17	0.5	0.17647058823529413
18	0.5	0.16666666666666666
19	0.5	0.15789473684210525
20	0.5	0.15
21	0.5	0.14285714285714285
22	0.6666666666666666	0.18181818181818182
23	0.8333333333333334	0.21739130434782608
24	0.8333333333333334	0.20833333333333334
25	0.8333333333333334	0.2
