1	0.021739130434782608	1.0
2	0.021739130434782608	0.5
3	0.021739130434782608	0.3333333333333333
4	0.021739130434782608	0.25
5	0.043478260869565216	0.4
6	0.043478260869565216	0.3333333333333333
7	0.043478260869565216	0.2857142857142857
8	0.043478260869565216	0.25
9	0.06521739130434782	0.3333333333333333
10	0.06521739130434782	0.3
11	0.06521739130434782	0.2727272727272727
12	0.06521739130434782	0.25
13	0.08695652173913043	0.3076923076923077
14	0.10869565217391304	0.35714285714285715
15	0.10869565217391304	0.3333333333333333
16	0.10869565217391304	0.3125
17	0.10869565217391304	0.29411764705882354
18	0.10869565217391304	0.2777777777777778
19	0.10869565217391304	0.2631578947368421
20	0.10869565217391304	0.25
21	0.10869565217391304	0.23809523809523808
22	0.10869565217391304	0.22727272727272727
23	0.10869565217391304	0.21739130434782608
24	0.10869565217391304	0.20833333333333334
25	0.10869565217391304	0.2
