1	0.01818181818181818	1.0
2	0.03636363636363636	1.0
3	0.03636363636363636	0.6666666666666666
4	0.05454545454545454	0.75
5	0.05454545454545454	0.6
6	0.05454545454545454	0.5
7	0.05454545454545454	0.42857142857142855
8	0.05454545454545454	0.375
9	0.07272727272727272	0.4444444444444444
10	0.09090909090909091	0.5
11	0.09090909090909091	0.45454545454545453
12	0.09090909090909091	0.4166666666666667
13	0.09090909090909091	0.38461538461538464
14	0.09090909090909091	0.35714285714285715
15	0.09090909090909091	0.3333333333333333
16	0.09090909090909091	0.3125
17	0.10909090909090909	0.35294117647058826
18	0.10909090909090909	0.3333333333333333
19	0.12727272727272726	0.3684210526315789
20	0.12727272727272726	0.35
21	0.12727272727272726	0.3333333333333333
22	0.12727272727272726	0.3181818181818182
23	0.14545454545454545	0.34782608695652173
24	0.16363636363636364	0.375
25	0.16363636363636364	0.36
