1	0.047619047619047616	1.0
2	0.09523809523809523	1.0
3	0.14285714285714285	1.0
4	0.14285714285714285	0.75
5	0.19047619047619047	0.8
6	0.23809523809523808	0.8333333333333334
7	0.23809523809523808	0.7142857142857143
8	0.2857142857142857	0.75
9	0.3333333333333333	0.7777777777777778
10	0.3333333333333333	0.7
11	0.3333333333333333	0.6363636363636364
12	0.3333333333333333	0.5833333333333334
13	0.3333333333333333	0.5384615384615384
14	0.38095238095238093	0.5714285714285714
15	0.42857142857142855	0.6
16	0.47619047619047616	0.625
17	0.47619047619047616	0.5882352941176471
18	0.5238095238095238	0.6111111111111112
19	0.5238095238095238	0.5789473684210527
20	0.5238095238095238	0.55
21	0.5238095238095238	0.5238095238095238
22	0.5238095238095238	0.5
23	0.5238095238095238	0.4782608695652174
24	0.5714285714285714	0.5
25	0.5714285714285714	0.48
