1	0.0	0.0
2	0.05555555555555555	0.5
3	0.1111111111111111	0.6666666666666666
4	0.1111111111111111	0.5
5	0.16666666666666666	0.6
6	0.16666666666666666	0.5
7	0.16666666666666666	0.42857142857142855
8	0.16666666666666666	0.375
9	0.16666666666666666	0.3333333333333333
10	0.16666666666666666	0.3
11	0.2222222222222222	0.36363636363636365
12	0.2222222222222222	0.3333333333333333
13	0.2222222222222222	0.3076923076923077
14	0.2222222222222222	0.2857142857142857
15	0.2222222222222222	0.26666666666666666
16	0.2222222222222222	0.25
17	0.2777777777777778	0.29411764705882354
18	0.3333333333333333	0.3333333333333333
19	0.3333333333333333	0.3157894736842105
20	0.3888888888888889	0.35
21	0.3888888888888889	0.3333333333333333
22	0.4444444444444444	0.36363636363636365
23	0.4444444444444444	0.34782608695652173
24	0.5	0.375
25	0.5555555555555556	0.4
