1	0.029411764705882353	1.0
2	0.058823529411764705	1.0
3	0.08823529411764706	1.0
4	0.11764705882352941	1.0
5	0.11764705882352941	0.8
6	0.11764705882352941	0.6666666666666666
7	0.11764705882352941	0.5714285714285714
8	0.11764705882352941	0.5
9	0.14705882352941177	0.5555555555555556
10	0.14705882352941177	0.5
11	0.17647058823529413	0.5454545454545454
12	0.20588235294117646	0.5833333333333334
13	0.20588235294117646	0.5384615384615384
14	0.20588235294117646	0.5
15	0.20588235294117646	0.4666666666666667
16	0.23529411764705882	0.5
17	0.2647058823529412	0.5294117647058824
18	0.2647058823529412	0.5
19	0.2647058823529412	0.47368421052631576
20	0.2647058823529412	0.45
21	0.29411764705882354	0.47619047619047616
22	0.3235294117647059	0.5
23	0.3235294117647059	0.4782608695652174
24	0.3235294117647059	0.4583333333333333
25	0.3235294117647059	0.44
