1	0.02631578947368421	1.0
2	0.05263157894736842	1.0
3	0.05263157894736842	0.6666666666666666
4	0.05263157894736842	0.5
5	0.05263157894736842	0.4
6	0.05263157894736842	0.3333333333333333
7	0.05263157894736842	0.2857142857142857
8	0.05263157894736842	0.25
9	0.07894736842105263	0.3333333333333333
10	0.07894736842105263	0.3
11	0.10526315789473684	0.36363636363636365
12	0.13157894736842105	0.4166666666666667
13	0.13157894736842105	0.38461538461538464
14	0.15789473684210525	0.42857142857142855
15	0.15789473684210525	0.4
16	0.15789473684210525	0.375
17	0.15789473684210525	0.35294117647058826
18	0.15789473684210525	0.3333333333333333
19	0.15789473684210525	0.3157894736842105
20	0.18421052631578946	0.35
21	0.21052631578947367	0.38095238095238093
22	0.21052631578947367	0.36363636363636365
23	0.21052631578947367	0.34782608695652173
24	0.23684210526315788	0.375
25	0.23684210526315788	0.36
