1	0.07142857142857142	1.0
2	0.14285714285714285	1.0
3	0.14285714285714285	0.6666666666666666
4	0.21428571428571427	0.75
5	0.21428571428571427	0.6
6	0.21428571428571427	0.5
7	0.21428571428571427	0.42857142857142855
8	0.21428571428571427	0.375
9	0.2857142857142857	0.4444444444444444
10	0.35714285714285715	0.5
11	0.42857142857142855	0.5454545454545454
12	0.5	0.5833333333333334
13	0.5714285714285714	0.6153846153846154
14	0.5714285714285714	0.5714285714285714
15	0.5714285714285714	0.5333333333333333
16	0.5714285714285714	0.5
17	0.5714285714285714	0.47058823529411764
18	0.5714285714285714	0.4444444444444444
19	0.6428571428571429	0.47368421052631576
20	0.6428571428571429	0.45
21	0.6428571428571429	0.42857142857142855
22	0.7142857142857143	0.45454545454545453
23	0.7142857142857143	0.43478260869565216
24	0.7142857142857143	0.4166666666666667
25	0.7142857142857143	0.4
