1	0.034482758620689655	1.0
2	0.06896551724137931	1.0
3	0.06896551724137931	0.6666666666666666
4	0.06896551724137931	0.5
5	0.06896551724137931	0.4
6	0.06896551724137931	0.3333333333333333
7	0.06896551724137931	0.2857142857142857
8	0.06896551724137931	0.25
9	0.06896551724137931	0.2222222222222222
10	0.06896551724137931	0.2
11	0.10344827586206896	0.2727272727272727
12	0.10344827586206896	0.25
13	0.10344827586206896	0.23076923076923078
14	0.10344827586206896	0.21428571428571427
15	0.13793103448275862	0.26666666666666666
16	0.13793103448275862	0.25
17	0.13793103448275862	0.23529411764705882
18	0.13793103448275862	0.2222222222222222
19	0.13793103448275862	0.21052631578947367
20	0.13793103448275862	0.2
21	0.13793103448275862	0.19047619047619047
22	0.1724137931034483	0.22727272727272727
23	0.20689655172413793	0.2608695652173913
24	0.20689655172413793	0.25
25	0.20689655172413793	0.24
