1	0.0	0.0
2	0.02631578947368421	0.5
3	0.02631578947368421	0.3333333333333333
4	0.02631578947368421	0.25
5	0.05263157894736842	0.4
6	0.07894736842105263	0.5
7	0.07894736842105263	0.42857142857142855
8	0.07894736842105263	0.375
9	0.07894736842105263	0.3333333333333333
10	0.07894736842105263	0.3
11	0.07894736842105263	0.2727272727272727
12	0.07894736842105263	0.25
13	0.10526315789473684	0.3076923076923077
14	0.10526315789473684	0.2857142857142857
15	0.13157894736842105	0.3333333333333333
16	0.13157894736842105	0.3125
17	0.13157894736842105	0.29411764705882354
18	0.13157894736842105	0.2777777777777778
19	0.15789473684210525	0.3157894736842105
20	0.15789473684210525	0.3
21	0.15789473684210525	0.2857142857142857
22	0.15789473684210525	0.2727272727272727
23	0.15789473684210525	0.2608695652173913
24	0.15789473684210525	0.25
25	0.15789473684210525	0.24
