1	0.07692307692307693	1.0
2	0.15384615384615385	1.0
3	0.15384615384615385	0.6666666666666666
4	0.15384615384615385	0.5
5	0.15384615384615385	0.4
6	0.15384615384615385	0.3333333333333333
7	0.15384615384615385	0.2857142857142857
8	0.15384615384615385	0.25
9	0.15384615384615385	0.2222222222222222
10	0.15384615384615385	0.2
11	0.15384615384615385	0.18181818181818182
12	0.23076923076923078	0.25
13	0.23076923076923078	0.23076923076923078
14	0.23076923076923078	0.21428571428571427
15	0.23076923076923078	0.2
16	0.23076923076923078	0.1875
17	0.3076923076923077	0.23529411764705882
18	0.3076923076923077	0.2222222222222222
19	0.3076923076923077	0.21052631578947367
20	0.38461538461538464	0.25
21	0.38461538461538464	0.23809523809523808
22	0.38461538461538464	0.22727272727272727
23	0.38461538461538464	0.21739130434782608
24	0.38461538461538464	0.20833333333333334
25	0.38461538461538464	0.2
