1	0.0	0.0
2	0.0	0.0
3	0.1111111111111111	0.3333333333333333
4	0.1111111111111111	0.25
5	0.1111111111111111	0.2
6	0.1111111111111111	0.16666666666666666
7	0.2222222222222222	0.2857142857142857
8	0.2222222222222222	0.25
9	0.2222222222222222	0.2222222222222222
10	0.2222222222222222	0.2
11	0.3333333333333333	0.2727272727272727
12	0.4444444444444444	0.3333333333333333
13	0.4444444444444444	0.3076923076923077
14	0.5555555555555556	0.35714285714285715
15	0.6666666666666666	0.4
16	0.7777777777777778	0.4375
17	0.7777777777777778	0.4117647058823529
18	0.7777777777777778	0.3888888888888889
19	0.7777777777777778	0.3684210526315789
20	0.7777777777777778	0.35
21	0.7777777777777778	0.3333333333333333
22	0.7777777777777778	0.3181818181818182
23	0.7777777777777778	0.30434782608695654
24	0.7777777777777778	0.2916666666666667
25	0.7777777777777778	0.28
