1	0.0	0.0
2	0.0	0.0
3	0.0	0.0
4	0.0	0.0
5	0.0	0.0
6	0.0	0.0
7	0.0	0.0
8	0.0	0.0
9	0.034482758620689655	0.1111111111111111
10	0.034482758620689655	0.1
11	0.034482758620689655	0.09090909090909091
12	0.034482758620689655	0.08333333333333333
13	0.034482758620689655	0.07692307692307693
14	0.034482758620689655	0.07142857142857142
15	0.034482758620689655	0.06666666666666667
16	0.034482758620689655	0.0625
17	0.034482758620689655	0.058823529411764705
18	0.034482758620689655	0.05555555555555555
19	0.034482758620689655	0.05263157894736842
20	0.06896551724137931	0.1
21	0.10344827586206896	0.14285714285714285
22	0.10344827586206896	0.13636363636363635
23	0.10344827586206896	0.13043478260869565
24	0.10344827586206896	0.125
25	0.10344827586206896	0.12
