1	0.019230769230769232	1.0
2	0.019230769230769232	0.5
3	0.038461538461538464	0.6666666666666666
4	0.038461538461538464	0.5
5	0.038461538461538464	0.4
6	0.038461538461538464	0.3333333333333333
7	0.057692307692307696	0.42857142857142855
8	0.07692307692307693	0.5
9	0.07692307692307693	0.4444444444444444
10	0.09615384615384616	0.5
11	0.11538461538461539	0.5454545454545454
12	0.11538461538461539	0.5
13	0.1346153846153846	0.5384615384615384
14	0.1346153846153846	0.5
15	0.1346153846153846	0.4666666666666667
16	0.15384615384615385	0.5
17	0.15384615384615385	0.47058823529411764
18	0.17307692307692307	0.5
19	0.19230769230769232	0.5263157894736842
20	0.19230769230769232	0.5
21	0.19230769230769232	0.47619047619047616
22	0.21153846153846154	0.5
23	0.21153846153846154	0.4782608695652174
24	0.21153846153846154	0.4583333333333333
25	0.23076923076923078	0.48
