1	0.0	0.0
2	0.0	0.0
3	0.03125	0.3333333333333333
4	0.03125	0.25
5	0.03125	0.2
6	0.0625	0.3333333333333333
7	0.0625	0.2857142857142857
8	0.09375	0.375
9	0.09375	0.3333333333333333
10	0.125	0.4
11	0.125	0.36363636363636365
12	0.15625	0.4166666666666667
13	0.15625	0.38461538461538464
14	0.15625	0.35714285714285715
15	0.15625	0.3333333333333333
16	0.15625	0.3125
17	0.15625	0.29411764705882354
18	0.15625	0.2777777777777778
19	0.15625	0.2631578947368421
20	0.15625	0.25
21	0.15625	0.23809523809523808
22	0.15625	0.22727272727272727
23	0.15625	0.21739130434782608
24	0.1875	0.25
25	0.1875	0.24
