1	0.02564102564102564	1.0
2	0.02564102564102564	0.5
3	0.05128205128205128	0.6666666666666666
4	0.05128205128205128	0.5
5	0.07692307692307693	0.6
6	0.07692307692307693	0.5
7	0.10256410256410256	0.5714285714285714
8	0.10256410256410256	0.5
9	0.10256410256410256	0.4444444444444444
10	0.10256410256410256	0.4
11	0.10256410256410256	0.36363636363636365
12	0.10256410256410256	0.3333333333333333
13	0.10256410256410256	0.3076923076923077
14	0.1282051282051282	0.35714285714285715
15	0.1282051282051282	0.3333333333333333
16	0.1282051282051282	0.3125
17	0.1282051282051282	0.29411764705882354
18	0.15384615384615385	0.3333333333333333
19	0.15384615384615385	0.3157894736842105
20	0.15384615384615385	0.3
21	0.15384615384615385	0.2857142857142857
22	0.15384615384615385	0.2727272727272727
23	0.1794871794871795	0.30434782608695654
24	0.20512820512820512	0.3333333333333333
25	0.20512820512820512	0.32
