1	0.07142857142857142	1.0
2	0.14285714285714285	1.0
3	0.21428571428571427	1.0
4	0.2857142857142857	1.0
5	0.2857142857142857	0.8
6	0.35714285714285715	0.8333333333333334
7	0.35714285714285715	0.7142857142857143
8	0.42857142857142855	0.75
9	0.42857142857142855	0.6666666666666666
10	0.42857142857142855	0.6
11	0.42857142857142855	0.5454545454545454
12	0.42857142857142855	0.5
13	0.42857142857142855	0.46153846153846156
14	0.42857142857142855	0.42857142857142855
15	0.42857142857142855	0.4
16	0.42857142857142855	0.375
17	0.5	0.4117647058823529
18	0.5	0.3888888888888889
19	0.5	0.3684210526315789
20	0.5	0.35
21	0.5	0.3333333333333333
22	0.5	0.3181818181818182
23	0.5714285714285714	0.34782608695652173
24	0.5714285714285714	0.3333333333333333
25	0.5714285714285714	0.32
