1	0.041666666666666664	1.0
2	0.08333333333333333	1.0
3	0.125	1.0
4	0.125	0.75
5	0.125	0.6
6	0.125	0.5
7	0.125	0.42857142857142855
8	0.125	0.375
9	0.125	0.3333333333333333
10	0.125	0.3
11	0.125	0.2727272727272727
12	0.125	0.25
13	0.16666666666666666	0.3076923076923077
14	0.16666666666666666	0.2857142857142857
15	0.16666666666666666	0.26666666666666666
16	0.16666666666666666	0.25
17	0.16666666666666666	0.23529411764705882
18	0.20833333333333334	0.2777777777777778
19	0.20833333333333334	0.2631578947368421
20	0.20833333333333334	0.25
21	0.20833333333333334	0.23809523809523808
22	0.25	0.2727272727272727
23	0.25	0.2608695652173913
24	0.2916666666666667	0.2916666666666667
25	0.3333333333333333	0.32
