1	0.06666666666666667	1.0
2	0.06666666666666667	0.5
3	0.06666666666666667	0.3333333333333333
4	0.13333333333333333	0.5
5	0.2	0.6
6	0.26666666666666666	0.6666666666666666
7	0.26666666666666666	0.5714285714285714
8	0.26666666666666666	0.5
9	0.26666666666666666	0.4444444444444444
10	0.26666666666666666	0.4
11	0.26666666666666666	0.36363636363636365
12	0.26666666666666666	0.3333333333333333
13	0.26666666666666666	0.3076923076923077
14	0.3333333333333333	0.35714285714285715
15	0.4	0.4
16	0.4	0.375
17	0.4666666666666667	0.4117647058823529
18	0.4666666666666667	0.3888888888888889
19	0.4666666666666667	0.3684210526315789
20	0.4666666666666667	0.35
21	0.4666666666666667	0.3333333333333333
22	0.4666666666666667	0.3181818181818182
23	0.5333333333333333	0.34782608695652173
24	0.5333333333333333	0.3333333333333333
25	0.5333333333333333	0.32
