1	0.1	1.0
2	0.2	1.0
3	0.2	0.6666666666666666
4	0.3	0.75
5	0.4	0.8
6	0.4	0.6666666666666666
7	0.5	0.7142857142857143
8	0.6	0.75
9	0.6	0.6666666666666666
10	0.7	0.7
11	0.7	0.6363636363636364
12	0.8	0.6666666666666666
13	0.8	0.6153846153846154
14	0.8	0.5714285714285714
15	0.8	0.5333333333333333
16	0.8	0.5
17	0.8	0.47058823529411764
18	0.8	0.4444444444444444
19	0.8	0.42105263157894735
20	0.9	0.45
21	0.9	0.42857142857142855
22	0.9	0.4090909090909091
23	0.9	0.391304347826087
24	1.0	0.4166666666666667
25	1.0	0.4
