1	0.14285714285714288
2	0.2666666666666667
3	0.25
4	0.23529411764705882
5	0.33333333333333337
6	0.3157894736842105
7	0.3
8	0.2857142857142857
9	0.27272727272727276
10	0.2608695652173913
11	0.24999999999999994
12	0.24000000000000002
13	0.23076923076923078
14	0.22222222222222224
15	0.21428571428571427
16	0.20689655172413793
17	0.20000000000000004
18	0.1935483870967742
19	0.18749999999999997
20	0.18181818181818185
21	0.17647058823529413
22	0.1714285714285714
23	0.16666666666666669
24	0.16216216216216217
25	0.15789473684210525
