1	0.08333333333333333
2	0.16
3	0.15384615384615383
4	0.14814814814814817
5	0.21428571428571427
6	0.27586206896551724
7	0.26666666666666666
8	0.25806451612903225
9	0.25
10	0.30303030303030304
11	0.29411764705882354
12	0.2857142857142857
13	0.27777777777777773
14	0.27027027027027023
15	0.26315789473684204
16	0.2564102564102564
17	0.25
18	0.24390243902439024
19	0.23809523809523808
20	0.23255813953488372
21	0.22727272727272724
22	0.22222222222222224
23	0.21739130434782608
24	0.2127659574468085
25	0.20833333333333331
