1	0.05714285714285715
2	0.05555555555555555
3	0.10810810810810811
4	0.10526315789473684
5	0.10256410256410256
6	0.15
7	0.1951219512195122
8	0.2380952380952381
9	0.23255813953488372
10	0.2727272727272727
11	0.26666666666666666
12	0.2608695652173913
13	0.25531914893617025
14	0.25
15	0.2448979591836735
16	0.24
17	0.23529411764705885
18	0.23076923076923078
19	0.2641509433962264
20	0.29629629629629634
21	0.29090909090909084
22	0.2857142857142857
23	0.3157894736842105
24	0.31034482758620696
25	0.30508474576271183
