1	0.04081632653061225
2	0.07999999999999999
3	0.11764705882352941
4	0.15384615384615385
5	0.1509433962264151
6	0.14814814814814814
7	0.14545454545454545
8	0.1785714285714286
9	0.1754385964912281
10	0.1724137931034483
11	0.1694915254237288
12	0.16666666666666669
13	0.16393442622950818
14	0.16129032258064516
15	0.15873015873015875
16	0.15625
17	0.18461538461538463
18	0.18181818181818182
19	0.20895522388059704
20	0.20588235294117646
21	0.2318840579710145
22	0.2285714285714286
23	0.22535211267605634
24	0.25
25	0.24657534246575344
