1	0.06060606060606061
2	0.058823529411764705
3	0.05714285714285714
4	0.05555555555555555
5	0.05405405405405406
6	0.05263157894736842
7	0.05128205128205128
8	0.1
9	0.0975609756097561
10	0.09523809523809523
11	0.09302325581395349
12	0.13636363636363635
13	0.13333333333333333
14	0.13043478260869562
15	0.1702127659574468
16	0.16666666666666666
17	0.16326530612244897
18	0.16
19	0.1568627450980392
20	0.19230769230769232
21	0.22641509433962265
22	0.2222222222222222
23	0.21818181818181817
24	0.21428571428571427
25	0.21052631578947367
