1	0.13333333333333333
2	0.125
3	0.23529411764705882
4	0.22222222222222224
5	0.21052631578947364
6	0.2
7	0.19047619047619047
8	0.18181818181818182
9	0.17391304347826086
10	0.16666666666666666
11	0.16
12	0.15384615384615383
13	0.14814814814814817
14	0.14285714285714285
15	0.1379310344827586
16	0.13333333333333333
17	0.12903225806451615
18	0.125
19	0.12121212121212122
20	0.11764705882352941
21	0.11428571428571427
22	0.1111111111111111
23	0.1081081081081081
24	0.10526315789473685
25	0.10256410256410256
