1	0.0
2	0.05714285714285715
3	0.05555555555555555
4	0.10810810810810813
5	0.10526315789473685
6	0.15384615384615385
7	0.15000000000000002
8	0.14634146341463414
9	0.19047619047619047
10	0.186046511627907
11	0.18181818181818182
12	0.2222222222222222
13	0.21739130434782608
14	0.21276595744680848
15	0.25000000000000006
16	0.24489795918367344
17	0.27999999999999997
18	0.3137254901960784
19	0.34615384615384615
20	0.37735849056603776
21	0.37037037037037035
22	0.36363636363636365
23	0.35714285714285715
24	0.3508771929824562
25	0.3448275862068965
