1	0.0
2	0.0
3	0.06666666666666667
4	0.06451612903225806
5	0.0625
6	0.06060606060606061
7	0.058823529411764705
8	0.05714285714285714
9	0.1111111111111111
10	0.10810810810810811
11	0.10526315789473684
12	0.10256410256410256
13	0.1
14	0.0975609756097561
15	0.09523809523809523
16	0.09302325581395349
17	0.0909090909090909
18	0.13333333333333333
19	0.13043478260869565
20	0.12765957446808512
21	0.16666666666666666
22	0.16326530612244897
23	0.15999999999999998
24	0.19607843137254902
25	0.1923076923076923
