1	0.02469135802469136
2	0.02439024390243903
3	0.024096385542168676
4	0.023809523809523808
5	0.023529411764705885
6	0.046511627906976744
7	0.06896551724137931
8	0.09090909090909091
9	0.11235955056179775
10	0.1111111111111111
11	0.10989010989010987
12	0.10869565217391304
13	0.12903225806451615
14	0.14893617021276595
15	0.14736842105263157
16	0.16666666666666669
17	0.18556701030927836
18	0.18367346938775508
19	0.18181818181818182
20	0.18000000000000002
21	0.1782178217821782
22	0.17647058823529413
23	0.17475728155339806
24	0.1730769230769231
25	0.17142857142857143
