1	0.1111111111111111
2	0.10526315789473684
3	0.2
4	0.19047619047619047
5	0.1818181818181818
6	0.1739130434782609
7	0.16666666666666666
8	0.15999999999999998
9	0.23076923076923078
10	0.22222222222222224
11	0.21428571428571427
12	0.20689655172413793
13	0.20000000000000004
14	0.2580645161290323
15	0.25
16	0.24242424242424243
17	0.23529411764705882
18	0.28571428571428575
19	0.33333333333333337
20	0.3243243243243243
21	0.36842105263157887
22	0.41025641025641024
23	0.39999999999999997
24	0.39024390243902435
25	0.38095238095238104
