1	0.05714285714285715
2	0.1111111111111111
3	0.1621621621621622
4	0.15789473684210525
5	0.15384615384615385
6	0.15
7	0.14634146341463417
8	0.14285714285714285
9	0.13953488372093023
10	0.13636363636363635
11	0.13333333333333333
12	0.13043478260869565
13	0.12765957446808512
14	0.125
15	0.12244897959183675
16	0.12
17	0.11764705882352942
18	0.11538461538461539
19	0.1509433962264151
20	0.14814814814814817
21	0.14545454545454542
22	0.14285714285714285
23	0.1754385964912281
24	0.1724137931034483
25	0.20338983050847456
