1	0.09523809523809523
2	0.09090909090909091
3	0.08695652173913045
4	0.08333333333333334
5	0.16000000000000003
6	0.15384615384615383
7	0.2222222222222222
8	0.28571428571428575
9	0.3448275862068966
10	0.3333333333333333
11	0.3225806451612903
12	0.3125
13	0.3636363636363637
14	0.3529411764705882
15	0.34285714285714286
16	0.33333333333333326
17	0.3243243243243243
18	0.3157894736842105
19	0.3076923076923077
20	0.3
21	0.2926829268292683
22	0.28571428571428564
23	0.27906976744186046
24	0.2727272727272727
25	0.2666666666666666
