1	0.1111111111111111
2	0.21052631578947367
3	0.2
4	0.19047619047619047
5	0.1818181818181818
6	0.2608695652173913
7	0.3333333333333333
8	0.31999999999999995
9	0.3846153846153846
10	0.4444444444444445
11	0.5
12	0.4827586206896552
13	0.4666666666666667
14	0.45161290322580644
15	0.43749999999999994
16	0.42424242424242425
17	0.4117647058823529
18	0.39999999999999997
19	0.3888888888888889
20	0.37837837837837834
21	0.36842105263157887
22	0.358974358974359
23	0.35
24	0.34146341463414637
25	0.3333333333333333
