1	0.1
2	0.09523809523809525
3	0.09090909090909091
4	0.08695652173913043
5	0.08333333333333333
6	0.16
7	0.23076923076923078
8	0.22222222222222218
9	0.21428571428571427
10	0.20689655172413793
11	0.19999999999999998
12	0.1935483870967742
13	0.18749999999999997
14	0.24242424242424243
15	0.23529411764705882
16	0.22857142857142856
17	0.27777777777777773
18	0.27027027027027023
19	0.2631578947368421
20	0.3076923076923077
21	0.3
22	0.2926829268292683
23	0.28571428571428575
24	0.27906976744186046
25	0.2727272727272727
