1	0.0
2	0.0
3	0.01694915254237288
4	0.01680672268907563
5	0.016666666666666666
6	0.01652892561983471
7	0.03278688524590164
8	0.048780487804878044
9	0.06451612903225806
10	0.08
11	0.07936507936507936
12	0.09448818897637794
13	0.109375
14	0.12403100775193798
15	0.12307692307692307
16	0.12213740458015267
17	0.13636363636363638
18	0.15037593984962408
19	0.14925373134328357
20	0.14814814814814817
21	0.14705882352941177
22	0.14598540145985403
23	0.14492753623188406
24	0.14388489208633093
25	0.14285714285714285
