0.1818181818181818
0.09302325581395349
0.0909090909090909
0.16666666666666666
0.0
0.0
0.20000000000000004
0.12500000000000003
0.15384615384615385
0.24
0.23076923076923073
0.26666666666666666
0.13793103448275862
0.0
0.21052631578947364
0.15384615384615385
0.4444444444444445
0.19999999999999998
0.20000000000000004
0.22222222222222224
0.25000000000000006
0.11764705882352941
0.0
0.3333333333333333
0.15384615384615385
0.14285714285714285
0.1818181818181818
0.13333333333333333
0.16666666666666666
0.0
0.16666666666666666
0.16666666666666666
0.12500000000000003
0.4
0.12903225806451613
0.16000000000000003
0.20000000000000004
0.16666666666666666
0.4444444444444445
0.06451612903225806
0.22222222222222224
0.1818181818181818
0.15384615384615385
0.16666666666666666
0.26666666666666666
0.3076923076923077
0.16666666666666666
0.0
0.16666666666666666
0.26666666666666666
0.15384615384615385
0.0
0.26666666666666666
0.045454545454545456
0.2727272727272727
0.4615384615384615
0.1818181818181818
0.20000000000000004
0.5454545454545454
0.2857142857142857
0.22222222222222224
0.11764705882352941
0.10526315789473682
0.0851063829787234
0.10526315789473682
0.37499999999999994
0.3636363636363636
0.16666666666666666
0.5000000000000001
0.5
0.21052631578947364
0.4000000000000001
0.0
0.16666666666666666
0.09523809523809523
0.3157894736842105
0.4444444444444445
0.2857142857142857
0.043010752688172046
0.1176470588235294
0.0
0.1
0.25000000000000006
0.07407407407407407
0.0
0.37499999999999994
0.3636363636363636
0.20000000000000004
0.14814814814814814
0.2
0.1818181818181818
0.1818181818181818
0.0
0.4000000000000001
0.21052631578947364
0.21052631578947364
0.0
0.15384615384615385
0.07407407407407407
0.11764705882352941
0.3636363636363636
0.4000000000000001
0.3333333333333333
0.2962962962962963
0.1568627450980392
0.20000000000000004
0.0
0.4444444444444445
0.20000000000000004
0.08333333333333333
0.2222222222222222
0.16666666666666666
0.0
0.2
0.26666666666666666
0.24
0.0
0.09523809523809523
0.4444444444444445
0.1
0.16000000000000003
0.20000000000000004
0.26666666666666666
0.2
0.13333333333333333
0.21428571428571427
0.11764705882352941
0.1739130434782609
0.5
0.3076923076923077
0.0909090909090909
0.1111111111111111
0.0
0.07407407407407407
0.14285714285714285
0.20000000000000004
0.20000000000000004
0.15384615384615385
0.03508771929824562
0.07142857142857142
0.0
0.19047619047619047
0.125
0.2857142857142857
0.14814814814814814
0.3076923076923077
0.14285714285714285
0.35294117647058826
0.16000000000000003
0.22222222222222224
0.21428571428571427
0.6
0.0
0.1
0.3076923076923077
0.0
0.4000000000000001
0.1818181818181818
0.0
0.1818181818181818
0.2608695652173913
0.1818181818181818
0.18750000000000003
0.0
0.20689655172413793
0.16666666666666666
0.1818181818181818
0.5
0.0
0.3076923076923077
0.1111111111111111
0.0
0.2857142857142857
0.1
0.3157894736842105
0.08695652173913045
0.13333333333333333
0.4444444444444444
0.22222222222222224
0.09523809523809523
0.3636363636363636
0.22222222222222224
0.016666666666666666
0.4444444444444445
0.16666666666666666
0.19047619047619047
0.08333333333333333
0.15384615384615385
0.12500000000000003
0.15384615384615385
0.0
0.1818181818181818
0.2222222222222222
0.0
0.2857142857142857
0.3076923076923077
0.0
0.14285714285714285
0.0
0.24
0.2857142857142857
0.15384615384615385
0.0
0.23529411764705882
0.3636363636363636
0.10526315789473682
0.15384615384615385
0.3478260869565218
0.20000000000000004
0.03636363636363636
0.3636363636363636
0.4000000000000001
0.2222222222222222
0.21052631578947364
0.3636363636363636
0.3157894736842105
0.0
0.11764705882352941
0.023529411764705885
0.0
0.22222222222222224
0.15384615384615385
0.15384615384615385
0.5454545454545454
0.21052631578947364
0.22222222222222224
0.1818181818181818
0.06060606060606061
0.22222222222222224
0.2857142857142857
0.14285714285714285
0.0
0.16666666666666666
0.15384615384615385
0.10526315789473685
0.21428571428571427
0.35294117647058826
0.6
0.20000000000000004
0.5000000000000001
0.4000000000000001
0.4
0.1818181818181818
0.20000000000000004
0.16666666666666666
0.26666666666666666
0.35294117647058826
0.12500000000000003
0.16000000000000003
0.4000000000000001
0.14285714285714285
0.4
0.0
0.0
0.16666666666666666
0.1818181818181818
0.3333333333333333
0.1739130434782609
0.5
0.0
0.14285714285714288
0.14285714285714285
0.4000000000000001
0.20000000000000004
0.0
0.37499999999999994
0.06060606060606061
0.3
0.12500000000000003
0.4000000000000001
0.3333333333333333
0.20000000000000004
0.1818181818181818
0.3076923076923077
0.10526315789473685
0.4210526315789473
0.4000000000000001
0.2727272727272727
0.0
0.1
0.25000000000000006
0.1111111111111111
0.4000000000000001
0.3157894736842105
0.4000000000000001
0.0
0.1224489795918367
0.0
0.1111111111111111
0.0
0.0
0.0
0.35294117647058826
0.15384615384615385
0.22222222222222224
0.2727272727272727
0.26666666666666666
0.23529411764705882
0.23529411764705882
0.4000000000000001
0.3636363636363636
0.20000000000000004
0.1818181818181818
0.2857142857142857
0.20000000000000004
0.3333333333333333
0.0
0.3076923076923077
0.33333333333333337
0.15384615384615385
0.3
0.0
0.0
0.1818181818181818
0.21428571428571427
0.0625
0.0
0.4444444444444445
0.13333333333333333
0.16666666666666666
0.3636363636363636
0.2857142857142857
0.0
0.21052631578947364
0.03846153846153846
0.14285714285714285
0.08333333333333333
0.10526315789473682
0.0
0.1142857142857143
0.1739130434782609
0.33333333333333337
0.0
0.15384615384615385
0.26666666666666666
0.0
0.049999999999999996
0.20000000000000004
0.0
0.4000000000000001
0.11764705882352941
0.16666666666666666
0.1509433962264151
0.1818181818181818
0.14285714285714285
0.26666666666666666
0.13333333333333333
0.6666666666666665
0.1111111111111111
0.0
0.21052631578947364
0.10810810810810811
0.0
0.3636363636363636
0.10526315789473682
0.3333333333333333
0.20000000000000004
0.14285714285714285
0.2608695652173913
0.4000000000000001
0.0
0.20000000000000004
0.0
0.4000000000000001
0.2105263157894737
0.1111111111111111
0.4444444444444445
0.13333333333333333
0.0
0.22222222222222224
0.0
0.0
0.0
0.05405405405405406
0.0
0.15384615384615385
0.2857142857142857
0.19047619047619047
0.22222222222222224
0.3076923076923077
0.0
0.14285714285714285
0.3157894736842105
0.14285714285714285
0.15384615384615385
0.12903225806451613
0.0
0.15384615384615385
0.06451612903225806
0.3636363636363636
0.16666666666666666
0.4000000000000001
0.20000000000000004
0.3076923076923077
0.5333333333333333
0.42857142857142855
0.37499999999999994
0.15384615384615385
0.4444444444444445
0.2222222222222222
0.1818181818181818
0.22222222222222224
0.11764705882352941
0.1818181818181818
0.3333333333333333
0.20000000000000004
0.0
0.03225806451612903
0.12500000000000003
0.2857142857142857
0.05714285714285715
0.22222222222222224
0.07407407407407407
0.1818181818181818
0.0
0.20000000000000004
0.13333333333333333
0.16666666666666666
0.25000000000000006
0.21052631578947364
0.4000000000000001
0.20000000000000004
0.0
0.0
0.22222222222222224
0.10256410256410256
0.2962962962962963
0.22222222222222224
0.22222222222222218
0.18604651162790697
0.20000000000000004
0.2727272727272727
0.20000000000000004
0.16666666666666666
0.42857142857142855
0.0
0.20000000000000004
0.3636363636363636
0.15384615384615385
0.0
0.25000000000000006
0.08333333333333333
0.2608695652173913
0.0
0.20000000000000004
0.16666666666666666
0.1111111111111111
0.0
0.052631578947368425
0.16666666666666666
0.0
0.0
0.16666666666666666
0.20000000000000004
0.16666666666666666
0.15384615384615385
0.0
0.0
0.20000000000000004
0.0
0.12500000000000003
0.15384615384615385
0.10526315789473685
0.07142857142857142
0.26666666666666666
0.4000000000000001
0.22222222222222224
0.13333333333333333
0.0
0.08333333333333333
0.22222222222222224
0.4444444444444445
0.5
0.20000000000000004
0.2
0.21052631578947364
0.0
0.20000000000000004
0.0
0.0
0.3076923076923077
0.1818181818181818
0.0
0.2222222222222222
0.4000000000000001
0.4444444444444445
0.4000000000000001
0.4000000000000001
0.21052631578947364
0.2222222222222222
0.1818181818181818
0.22222222222222224
0.20000000000000004
0.3333333333333333
0.1111111111111111
0.02777777777777778
0.0
0.33333333333333337
0.2727272727272727
0.09523809523809523
0.22222222222222224
0.20000000000000004
0.0
0.14285714285714285
0.4444444444444445
0.4000000000000001
0.15384615384615385
0.26666666666666666
0.1818181818181818
0.16666666666666666
0.15384615384615385
0.42857142857142855
0.13333333333333333
0.0
0.4000000000000001
0.4
0.14814814814814814
0.20000000000000004
0.21052631578947364
0.14285714285714285
