1	0.10526315789473684
2	0.19999999999999998
3	0.1904761904761905
4	0.1818181818181818
5	0.1739130434782609
6	0.16666666666666666
7	0.16
8	0.15384615384615383
9	0.14814814814814814
10	0.14285714285714285
11	0.13793103448275862
12	0.2
13	0.1935483870967742
14	0.1875
15	0.1818181818181818
16	0.17647058823529413
17	0.17142857142857143
18	0.16666666666666666
19	0.16216216216216214
20	0.15789473684210525
21	0.15384615384615383
22	0.15
23	0.14634146341463414
24	0.14285714285714288
25	0.13953488372093023
