1	0.0909090909090909
2	0.17391304347826084
3	0.16666666666666666
4	0.16
5	0.15384615384615385
6	0.22222222222222224
7	0.2857142857142857
8	0.27586206896551724
9	0.26666666666666666
10	0.25806451612903225
11	0.25
12	0.24242424242424246
13	0.23529411764705882
14	0.22857142857142854
15	0.2222222222222222
16	0.2162162162162162
17	0.21052631578947367
18	0.20512820512820512
19	0.2
20	0.1951219512195122
21	0.19047619047619047
22	0.18604651162790697
23	0.1818181818181818
24	0.17777777777777778
25	0.17391304347826086
