1	0.1
2	0.1904761904761905
3	0.18181818181818182
4	0.17391304347826086
5	0.16666666666666666
6	0.23999999999999996
7	0.3076923076923077
8	0.2962962962962963
9	0.2857142857142857
10	0.27586206896551724
11	0.26666666666666666
12	0.2580645161290323
13	0.3125
14	0.30303030303030304
15	0.29411764705882354
16	0.2857142857142857
17	0.27777777777777773
18	0.3243243243243243
19	0.3157894736842105
20	0.3076923076923077
21	0.3
22	0.2926829268292683
23	0.28571428571428575
24	0.27906976744186046
25	0.2727272727272727
