1	0.05882352941176471
2	0.1142857142857143
3	0.1111111111111111
4	0.16216216216216214
5	0.2105263157894737
6	0.20512820512820512
7	0.2
8	0.1951219512195122
9	0.19047619047619047
10	0.186046511627907
11	0.18181818181818182
12	0.17777777777777776
13	0.17391304347826086
14	0.1702127659574468
15	0.16666666666666666
16	0.163265306122449
17	0.16
18	0.19607843137254904
19	0.23076923076923078
20	0.26415094339622636
21	0.25925925925925924
22	0.2545454545454546
23	0.25
24	0.2456140350877193
25	0.2758620689655172
