1	0.0
2	0.04081632653061224
3	0.04
4	0.0392156862745098
5	0.03846153846153846
6	0.03773584905660377
7	0.037037037037037035
8	0.03636363636363636
9	0.03571428571428571
10	0.03508771929824561
11	0.034482758620689655
12	0.03389830508474576
13	0.06666666666666667
14	0.06557377049180327
15	0.0967741935483871
16	0.09523809523809525
17	0.125
18	0.12307692307692307
19	0.12121212121212122
20	0.1492537313432836
21	0.14705882352941177
22	0.14492753623188404
23	0.1714285714285714
24	0.16901408450704225
25	0.19444444444444445
