1	0.08333333333333333
2	0.16
3	0.15384615384615383
4	0.14814814814814817
5	0.14285714285714285
6	0.13793103448275862
7	0.13333333333333333
8	0.12903225806451613
9	0.125
10	0.18181818181818182
11	0.2352941176470588
12	0.22857142857142854
13	0.2222222222222222
14	0.27027027027027023
15	0.26315789473684204
16	0.30769230769230765
17	0.35
18	0.34146341463414637
19	0.3333333333333333
20	0.3255813953488372
21	0.31818181818181823
22	0.3555555555555555
23	0.34782608695652173
24	0.3404255319148936
25	0.37499999999999994
