1	0.010989010989010988
2	0.02185792349726776
3	0.021739130434782608
4	0.032432432432432434
5	0.043010752688172046
6	0.0427807486631016
7	0.0425531914893617
8	0.0529100529100529
9	0.05263157894736842
10	0.05235602094240837
11	0.052083333333333336
12	0.05181347150259067
13	0.05154639175257732
14	0.05128205128205128
15	0.05102040816326531
16	0.06091370558375634
17	0.0707070707070707
18	0.07035175879396985
19	0.06999999999999999
20	0.07960199004975124
21	0.0792079207920792
22	0.07881773399014777
23	0.0784313725490196
24	0.07804878048780488
25	0.07766990291262135
