1	0.06666666666666667
2	0.06451612903225806
3	0.0625
4	0.1212121212121212
5	0.1176470588235294
6	0.1142857142857143
7	0.1111111111111111
8	0.1081081081081081
9	0.10526315789473684
10	0.10256410256410257
11	0.1
12	0.0975609756097561
13	0.09523809523809525
14	0.09302325581395349
15	0.09090909090909091
16	0.08888888888888889
17	0.08695652173913043
18	0.0851063829787234
19	0.125
20	0.12244897959183673
21	0.12000000000000001
22	0.11764705882352941
23	0.11538461538461538
24	0.1509433962264151
25	0.14814814814814817
