1	0.06451612903225806
2	0.0625
3	0.0606060606060606
4	0.058823529411764705
5	0.05714285714285715
6	0.05555555555555555
7	0.05405405405405406
8	0.10526315789473685
9	0.10256410256410256
10	0.1
11	0.0975609756097561
12	0.09523809523809522
13	0.09302325581395349
14	0.09090909090909091
15	0.08888888888888888
16	0.08695652173913045
17	0.0851063829787234
18	0.125
19	0.12244897959183673
20	0.12
21	0.11764705882352941
22	0.11538461538461538
23	0.11320754716981132
24	0.11111111111111112
25	0.1090909090909091
