1	0.08333333333333333
2	0.16
3	0.15384615384615383
4	0.14814814814814817
5	0.21428571428571427
6	0.20689655172413793
7	0.2
8	0.19354838709677416
9	0.18750000000000003
10	0.24242424242424243
11	0.29411764705882354
12	0.2857142857142857
13	0.27777777777777773
14	0.27027027027027023
15	0.26315789473684204
16	0.2564102564102564
17	0.25
18	0.24390243902439024
19	0.23809523809523808
20	0.27906976744186046
21	0.31818181818181823
22	0.31111111111111117
23	0.30434782608695654
24	0.2978723404255319
25	0.3333333333333333
