1	0.0
2	0.04545454545454545
3	0.08888888888888889
4	0.08695652173913042
5	0.0851063829787234
6	0.08333333333333333
7	0.12244897959183672
8	0.12
9	0.11764705882352941
10	0.11538461538461536
11	0.11320754716981131
12	0.11111111111111112
13	0.14545454545454545
14	0.14285714285714285
15	0.14035087719298245
16	0.13793103448275862
17	0.16949152542372883
18	0.16666666666666663
19	0.1639344262295082
20	0.16129032258064516
21	0.15873015873015875
22	0.15624999999999997
23	0.15384615384615383
24	0.18181818181818182
25	0.1791044776119403
