1	0.05555555555555556
2	0.1081081081081081
3	0.15789473684210528
4	0.20512820512820512
5	0.19999999999999998
6	0.19512195121951217
7	0.19047619047619044
8	0.18604651162790695
9	0.1818181818181818
10	0.22222222222222224
11	0.26086956521739124
12	0.2553191489361702
13	0.25000000000000006
14	0.24489795918367346
15	0.24000000000000002
16	0.23529411764705876
17	0.2692307692307692
18	0.3018867924528302
19	0.3333333333333333
20	0.36363636363636365
21	0.39285714285714285
22	0.42105263157894735
23	0.4482758620689655
24	0.44067796610169496
25	0.43333333333333335
