1	0.0625
2	0.06060606060606061
3	0.0588235294117647
4	0.1142857142857143
5	0.1111111111111111
6	0.1081081081081081
7	0.10526315789473685
8	0.10256410256410256
9	0.09999999999999999
10	0.14634146341463414
11	0.19047619047619047
12	0.2325581395348837
13	0.22727272727272727
14	0.2222222222222222
15	0.21739130434782605
16	0.2127659574468085
17	0.20833333333333331
18	0.20408163265306123
19	0.19999999999999998
20	0.19607843137254902
21	0.1923076923076923
22	0.22641509433962262
23	0.2222222222222222
24	0.2545454545454545
25	0.25
