1	0.08695652173913045
2	0.16666666666666669
3	0.24000000000000002
4	0.23076923076923075
5	0.22222222222222218
6	0.28571428571428575
7	0.27586206896551724
8	0.3333333333333333
9	0.3870967741935484
10	0.37499999999999994
11	0.3636363636363636
12	0.3529411764705882
13	0.3428571428571428
14	0.33333333333333326
15	0.3783783783783784
16	0.3684210526315789
17	0.358974358974359
18	0.35000000000000003
19	0.3902439024390244
20	0.380952380952381
21	0.37209302325581395
22	0.4090909090909091
23	0.4
24	0.43478260869565216
25	0.46808510638297873
