1	0.13333333333333333
2	0.125
3	0.23529411764705882
4	0.22222222222222224
5	0.3157894736842105
6	0.4
7	0.38095238095238093
8	0.36363636363636365
9	0.34782608695652173
10	0.41666666666666663
11	0.4
12	0.3846153846153846
13	0.3703703703703704
14	0.35714285714285715
15	0.3448275862068965
16	0.3333333333333333
17	0.3225806451612903
18	0.31250000000000006
19	0.30303030303030304
20	0.3529411764705882
21	0.34285714285714286
22	0.33333333333333326
23	0.3243243243243243
24	0.3157894736842105
25	0.30769230769230765
