1	0.044444444444444446
2	0.04347826086956522
3	0.04255319148936171
4	0.08333333333333334
5	0.1224489795918367
6	0.12000000000000001
7	0.1176470588235294
8	0.15384615384615385
9	0.1509433962264151
10	0.14814814814814814
11	0.14545454545454545
12	0.14285714285714288
13	0.14035087719298245
14	0.13793103448275862
15	0.16949152542372878
16	0.19999999999999998
17	0.19672131147540983
18	0.1935483870967742
19	0.19047619047619047
20	0.18749999999999997
21	0.1846153846153846
22	0.1818181818181818
23	0.1791044776119403
24	0.1764705882352941
25	0.17391304347826086
