1	0.1111111111111111
2	0.10526315789473684
3	0.1
4	0.09523809523809523
5	0.0909090909090909
6	0.08695652173913045
7	0.16666666666666666
8	0.15999999999999998
9	0.15384615384615383
10	0.22222222222222224
11	0.21428571428571427
12	0.20689655172413793
13	0.20000000000000004
14	0.1935483870967742
15	0.18750000000000003
16	0.1818181818181818
17	0.17647058823529413
18	0.17142857142857143
19	0.16666666666666669
20	0.16216216216216214
21	0.15789473684210528
22	0.20512820512820512
23	0.19999999999999998
24	0.19512195121951217
25	0.19047619047619052
