1	0.05555555555555556
2	0.05405405405405405
3	0.05263157894736842
4	0.05128205128205128
5	0.049999999999999996
6	0.048780487804878044
7	0.04761904761904761
8	0.09302325581395347
9	0.13636363636363638
10	0.13333333333333333
11	0.13043478260869562
12	0.1702127659574468
13	0.16666666666666666
14	0.16326530612244897
15	0.16
16	0.1568627450980392
17	0.1923076923076923
18	0.22641509433962265
19	0.22222222222222224
20	0.2545454545454545
21	0.25
22	0.2456140350877193
23	0.24137931034482762
24	0.23728813559322035
25	0.23333333333333334
