1	0.0
2	0.09523809523809525
3	0.09090909090909091
4	0.08695652173913043
5	0.16666666666666666
6	0.23999999999999996
7	0.3076923076923077
8	0.2962962962962963
9	0.2857142857142857
10	0.27586206896551724
11	0.26666666666666666
12	0.2580645161290323
13	0.25
14	0.24242424242424243
15	0.23529411764705882
16	0.22857142857142856
17	0.2222222222222222
18	0.21621621621621623
19	0.2631578947368421
20	0.3076923076923077
21	0.3
22	0.2926829268292683
23	0.28571428571428575
24	0.27906976744186046
25	0.2727272727272727
