1	0.08695652173913045
2	0.08333333333333334
3	0.16
4	0.15384615384615385
5	0.14814814814814814
6	0.14285714285714288
7	0.13793103448275862
8	0.13333333333333333
9	0.1290322580645161
10	0.12500000000000003
11	0.12121212121212123
12	0.1764705882352941
13	0.1714285714285714
14	0.16666666666666663
15	0.16216216216216214
16	0.15789473684210525
17	0.15384615384615383
18	0.15
19	0.14634146341463414
20	0.14285714285714282
21	0.1395348837209302
22	0.13636363636363635
23	0.1333333333333333
24	0.13043478260869565
25	0.1276595744680851
