1	0.042553191489361694
2	0.08333333333333333
3	0.12244897959183672
4	0.16
5	0.1568627450980392
6	0.15384615384615383
7	0.18867924528301885
8	0.18518518518518517
9	0.1818181818181818
10	0.21428571428571427
11	0.21052631578947367
12	0.20689655172413793
13	0.20338983050847456
14	0.2
15	0.19672131147540983
16	0.22580645161290325
17	0.25396825396825395
18	0.25
19	0.24615384615384617
20	0.24242424242424243
21	0.2388059701492537
22	0.2352941176470588
23	0.23188405797101447
24	0.22857142857142854
25	0.2535211267605634
