1	0.07407407407407407
2	0.07142857142857144
3	0.06896551724137931
4	0.06666666666666668
5	0.06451612903225806
6	0.0625
7	0.060606060606060615
8	0.058823529411764705
9	0.05714285714285715
10	0.05555555555555555
11	0.05405405405405406
12	0.05263157894736842
13	0.10256410256410257
14	0.1
15	0.0975609756097561
16	0.09523809523809525
17	0.0930232558139535
18	0.13636363636363638
19	0.17777777777777778
20	0.17391304347826086
21	0.1702127659574468
22	0.16666666666666669
23	0.16326530612244897
24	0.16
25	0.1568627450980392
