1	0.08333333333333333
2	0.16
3	0.23076923076923078
4	0.22222222222222218
5	0.21428571428571427
6	0.20689655172413793
7	0.2
8	0.19354838709677416
9	0.25
10	0.24242424242424243
11	0.29411764705882354
12	0.3428571428571428
13	0.33333333333333337
14	0.3243243243243243
15	0.3684210526315789
16	0.41025641025641024
17	0.39999999999999997
18	0.4390243902439025
19	0.47619047619047616
20	0.46511627906976744
21	0.4545454545454545
22	0.4444444444444445
23	0.43478260869565216
24	0.425531914893617
25	0.4583333333333333
