1	0.0
2	0.07142857142857144
3	0.06896551724137931
4	0.06666666666666668
5	0.06451612903225806
6	0.0625
7	0.060606060606060615
8	0.058823529411764705
9	0.05714285714285715
10	0.05555555555555555
11	0.05405405405405406
12	0.05263157894736842
13	0.05128205128205129
14	0.1
15	0.0975609756097561
16	0.09523809523809525
17	0.0930232558139535
18	0.09090909090909093
19	0.13333333333333333
20	0.13043478260869565
21	0.12765957446808512
22	0.12499999999999997
23	0.12244897959183673
24	0.12000000000000001
25	0.11764705882352941
