1	0.08695652173913045
2	0.16666666666666669
3	0.24000000000000002
4	0.3076923076923077
5	0.2962962962962963
6	0.28571428571428575
7	0.3448275862068965
8	0.39999999999999997
9	0.45161290322580644
10	0.5000000000000001
11	0.5454545454545455
12	0.5294117647058824
13	0.5142857142857142
14	0.5555555555555556
15	0.5405405405405405
16	0.5263157894736842
17	0.5128205128205129
18	0.5
19	0.5365853658536586
20	0.5238095238095238
21	0.5116279069767442
22	0.5
23	0.4888888888888889
24	0.4782608695652174
25	0.5106382978723404
