1	0.0392156862745098
2	0.038461538461538464
3	0.03773584905660377
4	0.037037037037037035
5	0.03636363636363636
6	0.03571428571428571
7	0.03508771929824562
8	0.06896551724137932
9	0.06779661016949154
10	0.06666666666666667
11	0.06557377049180327
12	0.06451612903225806
13	0.0634920634920635
14	0.09375
15	0.09230769230769231
16	0.09090909090909091
17	0.11940298507462688
18	0.11764705882352941
19	0.11594202898550725
20	0.11428571428571428
21	0.11267605633802817
22	0.1111111111111111
23	0.1095890410958904
24	0.13513513513513514
25	0.13333333333333333
