1	0.0909090909090909
2	0.08695652173913042
3	0.08333333333333333
4	0.08
5	0.15384615384615385
6	0.14814814814814814
7	0.14285714285714285
8	0.13793103448275862
9	0.13333333333333333
10	0.12903225806451613
11	0.125
12	0.12121212121212123
13	0.17647058823529413
14	0.17142857142857143
15	0.16666666666666666
16	0.16216216216216214
17	0.15789473684210528
18	0.20512820512820512
19	0.2
20	0.1951219512195122
21	0.19047619047619047
22	0.18604651162790697
23	0.1818181818181818
24	0.17777777777777778
25	0.17391304347826086
