1	0.13333333333333333
2	0.25
3	0.23529411764705882
4	0.22222222222222224
5	0.21052631578947364
6	0.2
7	0.2857142857142857
8	0.36363636363636365
9	0.34782608695652173
10	0.41666666666666663
11	0.4
12	0.4615384615384615
13	0.4444444444444445
14	0.42857142857142855
15	0.4137931034482759
16	0.4666666666666667
17	0.45161290322580644
18	0.43750000000000006
19	0.4242424242424242
20	0.4117647058823529
21	0.4571428571428571
22	0.4444444444444444
23	0.4324324324324324
24	0.4210526315789474
25	0.41025641025641024
