1	0.08695652173913045
2	0.08333333333333334
3	0.08
4	0.07692307692307693
5	0.07407407407407407
6	0.07142857142857144
7	0.06896551724137931
8	0.06666666666666667
9	0.06451612903225805
10	0.06250000000000001
11	0.060606060606060615
12	0.05882352941176471
13	0.05714285714285715
14	0.1111111111111111
15	0.10810810810810811
16	0.10526315789473685
17	0.10256410256410256
18	0.09999999999999999
19	0.0975609756097561
20	0.09523809523809525
21	0.09302325581395349
22	0.13636363636363635
23	0.1333333333333333
24	0.13043478260869565
25	0.1702127659574468
