1	0.0
2	0.033898305084745756
3	0.03333333333333333
4	0.03278688524590164
5	0.03225806451612903
6	0.031746031746031744
7	0.03125
8	0.030769230769230767
9	0.06060606060606061
10	0.05970149253731343
11	0.058823529411764705
12	0.057971014492753624
13	0.05714285714285714
14	0.056338028169014086
15	0.05555555555555556
16	0.0821917808219178
17	0.08108108108108107
18	0.08
19	0.10526315789473684
20	0.10389610389610389
21	0.10256410256410256
22	0.10126582278481013
23	0.09999999999999999
24	0.09876543209876543
25	0.09756097560975609
