1	0.05882352941176471
2	0.05714285714285715
3	0.05555555555555555
4	0.10810810810810813
5	0.10526315789473685
6	0.10256410256410256
7	0.1
8	0.0975609756097561
9	0.09523809523809523
10	0.0930232558139535
11	0.09090909090909091
12	0.13333333333333333
13	0.13043478260869568
14	0.1276595744680851
15	0.12500000000000003
16	0.12244897959183672
17	0.12000000000000001
18	0.1568627450980392
19	0.15384615384615385
20	0.15094339622641512
21	0.18518518518518517
22	0.18181818181818182
23	0.17857142857142858
24	0.1754385964912281
25	0.20689655172413793
