1	0.0
2	0.0
3	0.0
4	0.07407407407407408
5	0.07142857142857142
6	0.06896551724137931
7	0.06666666666666667
8	0.06451612903225806
9	0.0625
10	0.12121212121212122
11	0.1176470588235294
12	0.11428571428571427
13	0.1111111111111111
14	0.1081081081081081
15	0.10526315789473685
16	0.10256410256410256
17	0.09999999999999999
18	0.14634146341463414
19	0.14285714285714288
20	0.13953488372093023
21	0.13636363636363635
22	0.1333333333333333
23	0.13043478260869565
24	0.1276595744680851
25	0.12499999999999997
