1	0.09523809523809523
2	0.09090909090909091
3	0.08695652173913045
4	0.08333333333333334
5	0.16000000000000003
6	0.23076923076923075
7	0.2222222222222222
8	0.28571428571428575
9	0.2758620689655173
10	0.3333333333333333
11	0.3225806451612903
12	0.37499999999999994
13	0.3636363636363637
14	0.4117647058823529
15	0.4
16	0.4444444444444445
17	0.48648648648648646
18	0.4736842105263158
19	0.46153846153846156
20	0.45
21	0.4878048780487805
22	0.5238095238095238
23	0.5581395348837209
24	0.5454545454545454
25	0.5333333333333332
