1	0.0
2	0.037037037037037035
3	0.07272727272727274
4	0.10714285714285714
5	0.10526315789473685
6	0.10344827586206896
7	0.10169491525423728
8	0.13333333333333336
9	0.1639344262295082
10	0.16129032258064518
11	0.15873015873015872
12	0.15625
13	0.18461538461538463
14	0.18181818181818182
15	0.1791044776119403
16	0.2058823529411765
17	0.2028985507246377
18	0.19999999999999998
19	0.19718309859154928
20	0.19444444444444445
21	0.19178082191780818
22	0.18918918918918917
23	0.18666666666666668
24	0.18421052631578946
25	0.2077922077922078
