1	0.08695652173913045
2	0.08333333333333334
3	0.08
4	0.07692307692307693
5	0.07407407407407407
6	0.14285714285714288
7	0.20689655172413793
8	0.19999999999999998
9	0.1935483870967742
10	0.18749999999999997
11	0.1818181818181818
12	0.1764705882352941
13	0.2285714285714286
14	0.2777777777777778
15	0.27027027027027023
16	0.2631578947368421
17	0.25641025641025644
18	0.25
19	0.24390243902439024
20	0.23809523809523808
21	0.23255813953488372
22	0.22727272727272727
23	0.2666666666666666
24	0.2608695652173913
25	0.2553191489361702
