1	0.0
2	0.0
3	0.048780487804878044
4	0.09523809523809525
5	0.09302325581395349
6	0.09090909090909091
7	0.08888888888888889
8	0.08695652173913043
9	0.0851063829787234
10	0.08333333333333333
11	0.12244897959183672
12	0.11999999999999998
13	0.11764705882352941
14	0.11538461538461539
15	0.11320754716981134
16	0.11111111111111109
17	0.14545454545454545
18	0.14285714285714285
19	0.14035087719298245
20	0.1724137931034483
21	0.1694915254237288
22	0.16666666666666666
23	0.19672131147540983
24	0.22580645161290325
25	0.2222222222222222
