1	0.14285714285714288
2	0.13333333333333336
3	0.125
4	0.11764705882352941
5	0.1111111111111111
6	0.10526315789473684
7	0.1
8	0.1904761904761905
9	0.18181818181818185
10	0.17391304347826086
11	0.16666666666666669
12	0.16
13	0.15384615384615385
14	0.14814814814814817
15	0.14285714285714288
16	0.13793103448275862
17	0.13333333333333333
18	0.12903225806451615
19	0.125
20	0.18181818181818185
21	0.23529411764705882
22	0.2285714285714286
23	0.2222222222222222
24	0.21621621621621623
25	0.2105263157894737
