1	0.0
2	0.07142857142857144
3	0.13793103448275862
4	0.19999999999999998
5	0.25806451612903225
6	0.25
7	0.24242424242424246
8	0.23529411764705882
9	0.2285714285714286
10	0.2777777777777778
11	0.27027027027027023
12	0.2631578947368421
13	0.30769230769230776
14	0.3
15	0.3414634146341463
16	0.33333333333333337
17	0.3255813953488372
18	0.3181818181818182
19	0.3111111111111111
20	0.3043478260869565
21	0.2978723404255319
22	0.2916666666666667
23	0.28571428571428575
24	0.27999999999999997
25	0.27450980392156865
