1	0.16666666666666669
2	0.15384615384615385
3	0.28571428571428575
4	0.39999999999999997
5	0.5000000000000001
6	0.4705882352941177
7	0.5555555555555556
8	0.5263157894736842
9	0.5
10	0.47619047619047616
11	0.45454545454545453
12	0.43478260869565216
13	0.41666666666666663
14	0.4
15	0.4615384615384615
16	0.4444444444444444
17	0.42857142857142855
18	0.41379310344827586
19	0.39999999999999997
20	0.3870967741935483
21	0.43749999999999994
22	0.4848484848484849
23	0.5294117647058824
24	0.5142857142857142
25	0.5
