1	0.0909090909090909
2	0.17391304347826084
3	0.16666666666666666
4	0.16
5	0.15384615384615385
6	0.14814814814814814
7	0.21428571428571427
8	0.27586206896551724
9	0.33333333333333326
10	0.3225806451612903
11	0.31249999999999994
12	0.30303030303030304
13	0.2941176470588235
14	0.2857142857142857
15	0.2777777777777778
16	0.3243243243243243
17	0.31578947368421056
18	0.30769230769230765
19	0.3
20	0.2926829268292683
21	0.2857142857142857
22	0.2790697674418604
23	0.2727272727272727
24	0.26666666666666666
25	0.2608695652173913
