1	0.19999999999999998
2	0.1818181818181818
3	0.16666666666666666
4	0.15384615384615383
5	0.14285714285714285
6	0.13333333333333333
7	0.125
8	0.11764705882352941
9	0.1111111111111111
10	0.2105263157894737
11	0.19999999999999998
12	0.1904761904761905
13	0.18181818181818185
14	0.17391304347826086
15	0.16666666666666669
16	0.16
17	0.15384615384615383
18	0.14814814814814814
19	0.14285714285714285
20	0.13793103448275865
21	0.2
22	0.1935483870967742
23	0.18750000000000003
24	0.18181818181818182
25	0.1764705882352941
