1	0.08333333333333333
2	0.16
3	0.15384615384615383
4	0.14814814814814817
5	0.14285714285714285
6	0.13793103448275862
7	0.13333333333333333
8	0.12903225806451613
9	0.18750000000000003
10	0.18181818181818182
11	0.1764705882352941
12	0.1714285714285714
13	0.2222222222222222
14	0.2162162162162162
15	0.26315789473684204
16	0.2564102564102564
17	0.25
18	0.24390243902439024
19	0.28571428571428575
20	0.27906976744186046
21	0.31818181818181823
22	0.31111111111111117
23	0.30434782608695654
24	0.2978723404255319
25	0.2916666666666667
