1	0.09523809523809523
2	0.09090909090909091
3	0.08695652173913045
4	0.08333333333333334
5	0.08000000000000002
6	0.15384615384615383
7	0.2222222222222222
8	0.28571428571428575
9	0.2758620689655173
10	0.3333333333333333
11	0.3870967741935483
12	0.37499999999999994
13	0.3636363636363637
14	0.3529411764705882
15	0.34285714285714286
16	0.33333333333333326
17	0.3243243243243243
18	0.3157894736842105
19	0.3076923076923077
20	0.35
21	0.3902439024390244
22	0.380952380952381
23	0.37209302325581395
24	0.3636363636363636
25	0.35555555555555557
