1	0.0
2	0.047619047619047616
3	0.046511627906976744
4	0.09090909090909091
5	0.13333333333333333
6	0.1739130434782609
7	0.1702127659574468
8	0.20833333333333334
9	0.20408163265306123
10	0.2
11	0.2352941176470588
12	0.23076923076923075
13	0.2641509433962264
14	0.25925925925925924
15	0.2545454545454546
16	0.28571428571428575
17	0.2807017543859649
18	0.2758620689655173
19	0.2711864406779661
20	0.26666666666666666
21	0.2622950819672132
22	0.25806451612903225
23	0.253968253968254
24	0.28125000000000006
25	0.27692307692307694
