1	0.15384615384615385
2	0.14285714285714285
3	0.13333333333333333
4	0.25
5	0.23529411764705882
6	0.2222222222222222
7	0.3157894736842105
8	0.4
9	0.4761904761904762
10	0.5454545454545454
11	0.5217391304347826
12	0.5833333333333334
13	0.5599999999999999
14	0.5384615384615384
15	0.5185185185185186
16	0.5714285714285715
17	0.5517241379310345
18	0.5333333333333333
19	0.5806451612903226
20	0.5625000000000001
21	0.6060606060606061
22	0.6470588235294118
23	0.6285714285714286
24	0.611111111111111
25	0.6486486486486487
