1	0.06451612903225806
2	0.0625
3	0.0606060606060606
4	0.058823529411764705
5	0.05714285714285715
6	0.1111111111111111
7	0.10810810810810811
8	0.10526315789473685
9	0.15384615384615383
10	0.15
11	0.1951219512195122
12	0.23809523809523808
13	0.2325581395348837
14	0.22727272727272724
15	0.26666666666666666
16	0.26086956521739135
17	0.25531914893617025
18	0.2916666666666667
19	0.2857142857142857
20	0.32
21	0.3137254901960784
22	0.30769230769230765
23	0.30188679245283023
24	0.33333333333333326
25	0.3272727272727273
