1	0.06451612903225806
2	0.125
3	0.18181818181818182
4	0.23529411764705882
5	0.2857142857142857
6	0.2777777777777778
7	0.2702702702702703
8	0.31578947368421056
9	0.30769230769230765
10	0.3
11	0.34146341463414637
12	0.3809523809523809
13	0.37209302325581395
14	0.4090909090909091
15	0.4
16	0.3913043478260869
17	0.3829787234042553
18	0.37499999999999994
19	0.4081632653061224
20	0.43999999999999995
21	0.4313725490196078
22	0.4615384615384615
23	0.49056603773584906
24	0.5185185185185186
25	0.509090909090909
