1	0.026666666666666665
2	0.026315789473684213
3	0.025974025974025972
4	0.025641025641025644
5	0.02531645569620253
6	0.025
7	0.02469135802469136
8	0.024390243902439025
9	0.024096385542168676
10	0.023809523809523808
11	0.023529411764705885
12	0.046511627906976744
13	0.06896551724137932
14	0.06818181818181819
15	0.06741573033707865
16	0.06666666666666667
17	0.06593406593406594
18	0.06521739130434784
19	0.06451612903225806
20	0.06382978723404256
21	0.06315789473684211
22	0.0625
23	0.08247422680412371
24	0.10204081632653063
25	0.101010101010101
