0.0
0.06060606060606061
0.20000000000000004
0.2857142857142857
0.20000000000000004
0.0
0.0
0.1818181818181818
0.4444444444444445
0.2857142857142857
0.13793103448275862
0.14285714285714285
0.2857142857142857
0.38095238095238093
0.5454545454545454
0.15384615384615385
0.2857142857142857
0.14814814814814814
0.19047619047619047
0.4444444444444445
0.1818181818181818
0.4
0.12500000000000003
0.16666666666666666
0.15384615384615385
0.3076923076923077
0.3333333333333333
0.12500000000000003
0.4000000000000001
0.6
0.5333333333333333
0.20000000000000004
0.07407407407407406
0.16666666666666666
0.4
0.05714285714285715
0.08000000000000002
0.20000000000000004
0.13333333333333333
0.15384615384615385
0.11764705882352941
0.06666666666666667
0.5454545454545454
0.16000000000000003
0.15384615384615385
0.4000000000000001
0.3076923076923077
0.13333333333333333
0.3636363636363636
0.16666666666666666
0.37499999999999994
0.35294117647058826
0.16666666666666666
0.22222222222222224
0.0
0.3076923076923077
0.20000000000000004
0.8000000000000002
0.5454545454545454
0.4444444444444445
0.25000000000000006
0.0
0.09523809523809523
0.26666666666666666
0.0
0.15384615384615385
0.1818181818181818
0.1818181818181818
0.4000000000000001
0.0
0.6666666666666665
0.4444444444444445
0.3333333333333333
0.0
0.4444444444444445
0.16666666666666666
0.3636363636363636
0.23529411764705882
0.2857142857142857
0.2608695652173913
0.07142857142857142
0.0
0.3636363636363636
0.2857142857142857
0.0909090909090909
0.3636363636363636
0.15384615384615385
0.0
0.3076923076923077
0.3636363636363636
0.5454545454545454
0.0
0.26666666666666666
0.37499999999999994
0.1
0.0392156862745098
0.4615384615384615
0.1
0.4000000000000001
0.25806451612903225
0.4000000000000001
0.11764705882352941
0.0
0.4444444444444445
0.0
0.2
0.21052631578947364
0.4000000000000001
0.4615384615384615
0.37499999999999994
0.1818181818181818
0.3333333333333333
0.26666666666666666
0.15384615384615385
0.0
0.3636363636363636
0.4000000000000001
0.0
0.3636363636363636
0.25
0.14285714285714285
0.6666666666666665
0.5
0.15384615384615385
0.2857142857142857
0.0
0.5454545454545454
0.2
0.2
0.16666666666666666
0.38095238095238093
0.16666666666666666
0.4444444444444445
0.23529411764705882
0.12500000000000003
0.3076923076923077
0.1818181818181818
0.6666666666666665
0.3076923076923077
0.26666666666666666
0.2857142857142857
0.35294117647058826
0.2857142857142857
0.6
0.4444444444444445
0.1818181818181818
0.11764705882352941
0.6
0.16666666666666666
0.23529411764705882
0.13333333333333333
0.5333333333333333
0.15384615384615385
0.15384615384615385
0.22222222222222224
0.3636363636363636
0.2222222222222222
0.3076923076923077
0.12903225806451613
0.15384615384615385
0.2857142857142857
0.26666666666666666
0.10810810810810811
0.6666666666666665
0.0
0.3333333333333333
0.5000000000000001
0.5454545454545454
0.2857142857142857
0.046511627906976744
0.14285714285714285
0.5454545454545454
0.0
0.3636363636363636
0.14285714285714285
0.15384615384615385
0.1818181818181818
0.08695652173913045
0.15384615384615385
0.5454545454545454
0.0
0.25000000000000006
0.20000000000000004
0.16666666666666666
0.14285714285714285
0.4444444444444444
0.08000000000000002
0.0
0.5454545454545454
0.4444444444444445
0.6
0.3636363636363636
0.20000000000000004
0.4000000000000001
0.3636363636363636
0.22222222222222224
0.4444444444444445
0.18750000000000003
0.10810810810810811
0.0909090909090909
0.3636363636363636
0.4000000000000001
0.15384615384615385
0.3333333333333333
0.3636363636363636
0.4000000000000001
0.16666666666666666
0.1818181818181818
0.6
0.1111111111111111
0.2222222222222222
0.42857142857142855
0.14285714285714285
0.9090909090909091
0.15384615384615385
0.6
0.15384615384615385
0.0
0.42857142857142855
0.23529411764705882
0.0
0.22222222222222224
0.22222222222222224
0.1111111111111111
0.6
0.7272727272727272
0.16666666666666666
0.6
0.4444444444444445
0.05714285714285715
0.3636363636363636
0.23529411764705882
0.0
0.23529411764705882
0.4000000000000001
0.3076923076923077
0.11764705882352941
0.3333333333333333
0.15384615384615385
0.5454545454545454
0.26666666666666666
0.3636363636363636
0.42857142857142855
0.0
0.35294117647058826
0.0851063829787234
0.0
0.06896551724137931
0.14285714285714285
0.47619047619047616
0.6
0.1818181818181818
0.16666666666666666
0.0
0.14285714285714285
0.4444444444444444
0.15384615384615385
0.0
0.3
0.4
0.15384615384615385
0.2857142857142857
0.4444444444444444
0.5454545454545454
0.10526315789473682
0.09999999999999999
0.0
0.0
0.1111111111111111
0.6
0.6666666666666665
0.0
0.0909090909090909
0.4000000000000001
0.47058823529411764
0.1818181818181818
0.22222222222222224
0.6
0.888888888888889
0.3076923076923077
0.14285714285714285
0.1818181818181818
0.11764705882352941
0.22222222222222224
0.07692307692307693
0.20000000000000004
0.19047619047619047
0.0
0.5454545454545454
0.4000000000000001
0.4000000000000001
0.4444444444444445
0.42857142857142855
0.3076923076923077
0.0909090909090909
0.3076923076923077
0.6
0.4000000000000001
0.16666666666666666
0.3333333333333333
0.14285714285714285
0.6
0.6
0.06060606060606061
0.6666666666666665
0.10526315789473685
0.4210526315789473
0.3636363636363636
0.6
0.4000000000000001
0.16666666666666666
0.22222222222222224
0.4
0.0784313725490196
0.0
0.2857142857142857
0.6
0.2857142857142857
0.4000000000000001
0.4444444444444445
0.15384615384615385
0.07142857142857142
0.23529411764705882
0.4000000000000001
0.4000000000000001
0.5454545454545454
0.16666666666666666
0.12500000000000003
0.08333333333333333
0.6666666666666665
0.13333333333333333
0.6666666666666665
0.6
0.11764705882352941
0.0
0.4444444444444445
0.13333333333333333
0.20000000000000004
0.14285714285714285
0.14285714285714285
0.3636363636363636
0.3636363636363636
0.0
0.19999999999999998
0.13333333333333333
0.1111111111111111
0.1111111111111111
0.5
0.0
0.3636363636363636
0.6
0.6666666666666665
0.16666666666666666
0.2
0.5454545454545454
0.1818181818181818
0.2222222222222222
0.37499999999999994
0.2857142857142857
0.2
0.26666666666666666
0.26666666666666666
0.37499999999999994
0.4000000000000001
0.23529411764705882
0.1739130434782609
0.4444444444444445
0.6
0.4444444444444445
0.3333333333333333
0.1224489795918367
0.2
0.14285714285714285
0.4444444444444445
0.20000000000000004
0.16666666666666666
0.12500000000000003
0.16666666666666666
0.14285714285714285
0.0
0.2857142857142857
0.4444444444444445
0.14285714285714285
0.26666666666666666
0.4444444444444445
0.14285714285714285
0.4000000000000001
0.0
0.0
0.4000000000000001
0.12500000000000003
0.4615384615384615
0.20000000000000004
0.3076923076923077
0.37499999999999994
0.0
0.5714285714285714
0.1818181818181818
0.26666666666666666
0.3076923076923077
0.3333333333333333
0.0
0.07142857142857142
0.0
0.0
0.4000000000000001
0.4000000000000001
0.6666666666666665
0.12500000000000003
0.3636363636363636
0.1818181818181818
0.11764705882352941
0.3076923076923077
0.6153846153846154
0.3478260869565218
0.16666666666666666
0.7272727272727272
0.6
0.25000000000000006
0.4000000000000001
0.3636363636363636
0.37499999999999994
0.0
0.15384615384615385
0.2857142857142857
0.5
0.1818181818181818
0.4444444444444445
0.22222222222222224
0.6666666666666665
0.1111111111111111
0.3333333333333333
0.4000000000000001
0.5454545454545454
0.5263157894736842
0.23529411764705882
0.35294117647058826
0.4000000000000001
0.07407407407407407
0.2857142857142857
0.12500000000000003
0.20000000000000004
0.4
0.05128205128205128
0.16000000000000003
0.12500000000000003
0.0
0.10526315789473682
0.15384615384615385
0.3333333333333333
0.4444444444444445
0.03571428571428571
0.0
0.125
0.20000000000000004
0.08000000000000002
0.1818181818181818
0.0
0.0
0.3636363636363636
0.1818181818181818
0.09302325581395349
0.22222222222222224
0.4000000000000001
0.10256410256410256
0.0
0.0
0.0
0.16000000000000003
0.0
0.3636363636363636
0.33333333333333337
0.4615384615384615
0.3333333333333333
0.1
0.26666666666666666
0.20000000000000004
0.5000000000000001
0.1818181818181818
0.1111111111111111
0.1
0.13333333333333333
0.2857142857142857
0.15384615384615385
0.08333333333333333
0.14285714285714285
0.0
0.2222222222222222
0.1818181818181818
0.6
0.3076923076923077
0.1111111111111111
0.08695652173913045
0.0
0.6
0.4
0.09523809523809523
0.4000000000000001
0.3636363636363636
0.15384615384615385
0.2857142857142857
0.16666666666666666
0.2
0.0
0.42857142857142855
0.3333333333333333
0.2
0.26666666666666666
0.20000000000000004
0.4000000000000001
0.02531645569620253
0.4444444444444445
0.1818181818181818
0.2857142857142857
0.3333333333333333
0.42857142857142855
0.06896551724137931
0.20000000000000004
0.15384615384615385
0.16666666666666666
