1	0.15384615384615385
2	0.14285714285714285
3	0.13333333333333333
4	0.125
5	0.11764705882352941
6	0.1111111111111111
7	0.10526315789473685
8	0.1
9	0.09523809523809525
10	0.0909090909090909
11	0.08695652173913043
12	0.08333333333333333
13	0.08
14	0.07692307692307691
15	0.07407407407407407
16	0.07142857142857144
17	0.13793103448275862
18	0.13333333333333333
19	0.12903225806451615
20	0.18749999999999997
21	0.18181818181818182
22	0.1764705882352941
23	0.1714285714285714
24	0.16666666666666666
25	0.16216216216216217
