1	0.0
2	0.0
3	0.048780487804878044
4	0.04761904761904762
5	0.046511627906976744
6	0.045454545454545456
7	0.08888888888888889
8	0.13043478260869565
9	0.12765957446808512
10	0.16666666666666666
11	0.2040816326530612
12	0.19999999999999998
13	0.196078431372549
14	0.1923076923076923
15	0.18867924528301885
16	0.18518518518518517
17	0.1818181818181818
18	0.21428571428571427
19	0.24561403508771928
20	0.24137931034482757
21	0.2711864406779661
22	0.26666666666666666
23	0.26229508196721313
24	0.2580645161290323
25	0.25396825396825395
