1	0.0
2	0.1818181818181818
3	0.16666666666666666
4	0.15384615384615383
5	0.14285714285714285
6	0.13333333333333333
7	0.125
8	0.11764705882352941
9	0.1111111111111111
10	0.10526315789473685
11	0.09999999999999999
12	0.09523809523809525
13	0.09090909090909093
14	0.08695652173913043
15	0.08333333333333334
16	0.16
17	0.15384615384615383
18	0.14814814814814814
19	0.14285714285714285
20	0.13793103448275865
21	0.13333333333333333
22	0.1290322580645161
23	0.18750000000000003
24	0.18181818181818182
25	0.1764705882352941
