1	0.042553191489361694
2	0.08333333333333333
3	0.08163265306122448
4	0.08
5	0.0784313725490196
6	0.07692307692307691
7	0.07547169811320756
8	0.07407407407407408
9	0.07272727272727274
10	0.07142857142857142
11	0.10526315789473684
12	0.10344827586206896
13	0.13559322033898305
14	0.13333333333333333
15	0.13114754098360656
16	0.12903225806451613
17	0.12698412698412698
18	0.125
19	0.15384615384615385
20	0.15151515151515152
21	0.1492537313432836
22	0.14705882352941177
23	0.14492753623188406
24	0.14285714285714285
25	0.14084507042253522
