1	0.13333333333333333
2	0.125
3	0.11764705882352941
4	0.11111111111111112
5	0.10526315789473682
6	0.1
7	0.09523809523809523
8	0.09090909090909091
9	0.17391304347826086
10	0.16666666666666666
11	0.23999999999999996
12	0.23076923076923075
13	0.22222222222222224
14	0.21428571428571427
15	0.20689655172413796
16	0.19999999999999998
17	0.2580645161290323
18	0.25
19	0.24242424242424243
20	0.2941176470588235
21	0.34285714285714286
22	0.33333333333333326
23	0.3243243243243243
24	0.3157894736842105
25	0.30769230769230765
