1	0.18181818181818182
2	0.33333333333333337
3	0.4615384615384615
4	0.4285714285714285
5	0.5333333333333333
6	0.625
7	0.7058823529411764
8	0.6666666666666665
9	0.7368421052631577
10	0.7
11	0.6666666666666666
12	0.6363636363636365
13	0.608695652173913
14	0.5833333333333334
15	0.56
16	0.5384615384615384
17	0.5185185185185185
18	0.5714285714285714
19	0.5517241379310345
20	0.5333333333333333
21	0.5161290322580645
22	0.5000000000000001
23	0.48484848484848486
24	0.47058823529411764
25	0.45714285714285713
