1	0.0
2	0.0
3	0.05263157894736842
4	0.05128205128205128
5	0.09999999999999999
6	0.09756097560975609
7	0.09523809523809522
8	0.09302325581395347
9	0.0909090909090909
10	0.13333333333333333
11	0.17391304347826086
12	0.21276595744680848
13	0.20833333333333331
14	0.24489795918367346
15	0.24000000000000002
16	0.23529411764705876
17	0.23076923076923078
18	0.2641509433962264
19	0.2962962962962963
20	0.32727272727272727
21	0.3214285714285714
22	0.3508771929824561
23	0.3793103448275862
24	0.3728813559322034
25	0.3666666666666667
