1	0.33333333333333337
2	0.28571428571428575
3	0.25
4	0.22222222222222224
5	0.20000000000000004
6	0.1818181818181818
7	0.16666666666666666
8	0.15384615384615385
9	0.14285714285714285
10	0.13333333333333333
11	0.25000000000000006
12	0.23529411764705882
13	0.33333333333333337
14	0.3157894736842105
15	0.3
16	0.2857142857142857
17	0.2727272727272727
18	0.3478260869565218
19	0.3333333333333333
20	0.32000000000000006
21	0.3076923076923077
22	0.2962962962962963
23	0.2857142857142857
24	0.27586206896551724
25	0.26666666666666666
