1	0.08333333333333333
2	0.08
3	0.07692307692307691
4	0.07407407407407408
5	0.07142857142857142
6	0.06896551724137931
7	0.06666666666666667
8	0.06451612903225806
9	0.0625
10	0.12121212121212122
11	0.1176470588235294
12	0.11428571428571427
13	0.1111111111111111
14	0.1081081081081081
15	0.15789473684210528
16	0.15384615384615383
17	0.15
18	0.14634146341463414
19	0.14285714285714288
20	0.18604651162790697
21	0.1818181818181818
22	0.17777777777777776
23	0.17391304347826086
24	0.1702127659574468
25	0.16666666666666666
