1	0.07999999999999999
2	0.07692307692307693
3	0.07407407407407407
4	0.07142857142857142
5	0.13793103448275862
6	0.13333333333333333
7	0.12903225806451613
8	0.125
9	0.12121212121212122
10	0.11764705882352941
11	0.1142857142857143
12	0.1111111111111111
13	0.16216216216216217
14	0.2105263157894737
15	0.25641025641025644
16	0.25
17	0.2926829268292683
18	0.28571428571428575
19	0.27906976744186046
20	0.2727272727272727
21	0.3111111111111111
22	0.34782608695652173
23	0.3404255319148936
24	0.375
25	0.3673469387755102
