1	0.18181818181818182
2	0.16666666666666669
3	0.15384615384615383
4	0.28571428571428575
5	0.26666666666666666
6	0.37499999999999994
7	0.47058823529411764
8	0.4444444444444445
9	0.4210526315789474
10	0.4000000000000001
11	0.380952380952381
12	0.3636363636363636
13	0.34782608695652173
14	0.3333333333333333
15	0.32
16	0.38461538461538464
17	0.37037037037037035
18	0.35714285714285715
19	0.41379310344827586
20	0.4
21	0.3870967741935483
22	0.37499999999999994
23	0.36363636363636365
24	0.35294117647058826
25	0.34285714285714286
