1	0.13333333333333333
2	0.25
3	0.35294117647058826
4	0.4444444444444445
5	0.4210526315789473
6	0.5
7	0.4761904761904762
8	0.45454545454545453
9	0.43478260869565216
10	0.41666666666666663
11	0.4799999999999999
12	0.4615384615384615
13	0.4444444444444445
14	0.42857142857142855
15	0.4137931034482759
16	0.4666666666666667
17	0.45161290322580644
18	0.5
19	0.5454545454545454
20	0.588235294117647
21	0.5714285714285714
22	0.5555555555555556
23	0.5405405405405405
24	0.5263157894736842
25	0.5128205128205129
