1	0.13333333333333333
2	0.125
3	0.11764705882352941
4	0.11111111111111112
5	0.10526315789473682
6	0.1
7	0.09523809523809523
8	0.09090909090909091
9	0.08695652173913043
10	0.08333333333333333
11	0.08
12	0.07692307692307691
13	0.07407407407407408
14	0.07142857142857142
15	0.0689655172413793
16	0.06666666666666667
17	0.06451612903225808
18	0.0625
19	0.06060606060606061
20	0.058823529411764705
21	0.057142857142857134
22	0.05555555555555555
23	0.05405405405405405
24	0.052631578947368425
25	0.10256410256410256
