1	0.10526315789473684
2	0.19999999999999998
3	0.2857142857142857
4	0.3636363636363636
5	0.3478260869565218
6	0.3333333333333333
7	0.32
8	0.3846153846153846
9	0.3703703703703704
10	0.35714285714285715
11	0.3448275862068966
12	0.33333333333333337
13	0.3225806451612903
14	0.31250000000000006
15	0.303030303030303
16	0.29411764705882354
17	0.28571428571428575
18	0.3333333333333333
19	0.3243243243243243
20	0.3157894736842105
21	0.30769230769230765
22	0.3
23	0.34146341463414637
24	0.3333333333333333
25	0.32558139534883723
