1	0.0
2	0.0
3	0.08695652173913045
4	0.08333333333333334
5	0.08000000000000002
6	0.07692307692307691
7	0.07407407407407408
8	0.07142857142857144
9	0.06896551724137932
10	0.06666666666666667
11	0.06451612903225806
12	0.0625
13	0.060606060606060615
14	0.11764705882352941
15	0.1142857142857143
16	0.11111111111111112
17	0.1081081081081081
18	0.10526315789473685
19	0.10256410256410256
20	0.15
21	0.14634146341463414
22	0.14285714285714282
23	0.13953488372093023
24	0.13636363636363635
25	0.1333333333333333
