1	0.05128205128205127
2	0.05
3	0.048780487804878044
4	0.09523809523809525
5	0.09302325581395349
6	0.09090909090909091
7	0.08888888888888889
8	0.13043478260869565
9	0.12765957446808512
10	0.16666666666666666
11	0.16326530612244897
12	0.16
13	0.1568627450980392
14	0.15384615384615385
15	0.1509433962264151
16	0.14814814814814814
17	0.14545454545454545
18	0.14285714285714285
19	0.14035087719298245
20	0.13793103448275862
21	0.1694915254237288
22	0.16666666666666666
23	0.19672131147540983
24	0.1935483870967742
25	0.19047619047619047
