1	0.07692307692307693
2	0.14814814814814814
3	0.21428571428571425
4	0.20689655172413793
5	0.19999999999999998
6	0.1935483870967742
7	0.1875
8	0.18181818181818182
9	0.1764705882352941
10	0.22857142857142856
11	0.2222222222222222
12	0.2702702702702703
13	0.3157894736842105
14	0.30769230769230765
15	0.3
16	0.2926829268292683
17	0.28571428571428564
18	0.27906976744186046
19	0.2727272727272727
20	0.3111111111111111
21	0.30434782608695654
22	0.29787234042553196
23	0.2916666666666667
24	0.2857142857142857
25	0.28
