1	0.10526315789473684
2	0.09999999999999999
3	0.09523809523809525
4	0.0909090909090909
5	0.08695652173913045
6	0.08333333333333333
7	0.08
8	0.07692307692307691
9	0.07407407407407407
10	0.07142857142857142
11	0.06896551724137931
12	0.06666666666666667
13	0.12903225806451615
14	0.1875
15	0.1818181818181818
16	0.17647058823529413
17	0.17142857142857143
18	0.16666666666666666
19	0.16216216216216214
20	0.15789473684210525
21	0.15384615384615383
22	0.15
23	0.1951219512195122
24	0.1904761904761905
25	0.18604651162790697
