1	0.16666666666666669
2	0.15384615384615385
3	0.14285714285714288
4	0.26666666666666666
5	0.25000000000000006
6	0.3529411764705882
7	0.4444444444444444
8	0.4210526315789474
9	0.39999999999999997
10	0.47619047619047616
11	0.5454545454545454
12	0.5217391304347826
13	0.4999999999999999
14	0.4799999999999999
15	0.4615384615384615
16	0.5185185185185185
17	0.5
18	0.4827586206896552
19	0.4666666666666667
20	0.45161290322580644
21	0.43749999999999994
22	0.4242424242424242
23	0.411764705882353
24	0.4571428571428572
25	0.4444444444444444
