1	0.08695652173913045
2	0.08333333333333334
3	0.08
4	0.15384615384615385
5	0.14814814814814814
6	0.14285714285714288
7	0.13793103448275862
8	0.13333333333333333
9	0.1290322580645161
10	0.18749999999999997
11	0.1818181818181818
12	0.1764705882352941
13	0.1714285714285714
14	0.16666666666666663
15	0.21621621621621623
16	0.2105263157894737
17	0.20512820512820512
18	0.19999999999999998
19	0.24390243902439024
20	0.23809523809523808
21	0.23255813953488372
22	0.2727272727272727
23	0.2666666666666666
24	0.2608695652173913
25	0.2553191489361702
