1	0.16666666666666669
2	0.15384615384615385
3	0.28571428571428575
4	0.39999999999999997
5	0.37499999999999994
6	0.4705882352941177
7	0.4444444444444444
8	0.4210526315789474
9	0.5
10	0.47619047619047616
11	0.45454545454545453
12	0.43478260869565216
13	0.41666666666666663
14	0.4
15	0.3846153846153846
16	0.3703703703703703
17	0.42857142857142855
18	0.4827586206896552
19	0.4666666666666667
20	0.45161290322580644
21	0.43749999999999994
22	0.4242424242424242
23	0.411764705882353
24	0.4
25	0.3888888888888889
