1	0.09523809523809523
2	0.18181818181818182
3	0.1739130434782609
4	0.16666666666666669
5	0.16000000000000003
6	0.15384615384615383
7	0.14814814814814817
8	0.14285714285714288
9	0.13793103448275865
10	0.13333333333333333
11	0.12903225806451613
12	0.125
13	0.12121212121212123
14	0.11764705882352941
15	0.1142857142857143
16	0.11111111111111112
17	0.1081081081081081
18	0.10526315789473685
19	0.10256410256410256
20	0.15
21	0.14634146341463414
22	0.1904761904761905
23	0.18604651162790697
24	0.1818181818181818
25	0.17777777777777778
