1	0.14285714285714288
2	0.13333333333333336
3	0.125
4	0.11764705882352941
5	0.1111111111111111
6	0.21052631578947367
7	0.2
8	0.1904761904761905
9	0.27272727272727276
10	0.34782608695652173
11	0.33333333333333337
12	0.4
13	0.38461538461538464
14	0.3703703703703704
15	0.3571428571428571
16	0.3448275862068966
17	0.33333333333333337
18	0.3870967741935484
19	0.37499999999999994
20	0.3636363636363637
21	0.35294117647058826
22	0.3428571428571428
23	0.3888888888888889
24	0.3783783783783784
25	0.3684210526315789
