1	0.1
2	0.1904761904761905
3	0.2727272727272727
4	0.2608695652173913
5	0.3333333333333333
6	0.32
7	0.3846153846153846
8	0.44444444444444436
9	0.42857142857142855
10	0.48275862068965514
11	0.5333333333333333
12	0.5161290322580646
13	0.5
14	0.5454545454545454
15	0.5294117647058824
16	0.5142857142857142
17	0.5555555555555555
18	0.5405405405405405
19	0.5263157894736842
20	0.5641025641025641
21	0.5500000000000002
22	0.5853658536585366
23	0.6190476190476191
24	0.6046511627906976
25	0.5909090909090909
