1	0.10526315789473684
2	0.19999999999999998
3	0.1904761904761905
4	0.1818181818181818
5	0.1739130434782609
6	0.16666666666666666
7	0.16
8	0.15384615384615383
9	0.14814814814814814
10	0.14285714285714285
11	0.13793103448275862
12	0.2
13	0.1935483870967742
14	0.25
15	0.303030303030303
16	0.29411764705882354
17	0.34285714285714286
18	0.3888888888888889
19	0.43243243243243246
20	0.4210526315789474
21	0.41025641025641024
22	0.39999999999999997
23	0.3902439024390244
24	0.380952380952381
25	0.37209302325581395
