1	0.0	0.0
2	0.0	0.0
3	0.0	0.0
4	0.030303030303030304	0.25
5	0.030303030303030304	0.2
6	0.030303030303030304	0.16666666666666666
7	0.06060606060606061	0.2857142857142857
8	0.09090909090909091	0.375
9	0.12121212121212122	0.4444444444444444
10	0.12121212121212122	0.4
11	0.15151515151515152	0.45454545454545453
12	0.18181818181818182	0.5
13	0.21212121212121213	0.5384615384615384
14	0.21212121212121213	0.5
15	0.21212121212121213	0.4666666666666667
16	0.21212121212121213	0.4375
17	0.24242424242424243	0.47058823529411764
18	0.2727272727272727	0.5
19	0.2727272727272727	0.47368421052631576
20	0.2727272727272727	0.45
21	0.30303030303030304	0.47619047619047616
22	0.3333333333333333	0.5
23	0.3333333333333333	0.4782608695652174
24	0.36363636363636365	0.5
25	0.36363636363636365	0.48
26	0.3939393939393939	0.5
27	0.3939393939393939	0.48148148148148145
28	0.3939393939393939	0.4642857142857143
29	0.3939393939393939	0.4482758620689655
30	0.42424242424242425	0.4666666666666667
