1	0.030303030303030304	1.0
2	0.06060606060606061	1.0
3	0.09090909090909091	1.0
4	0.09090909090909091	0.75
5	0.09090909090909091	0.6
6	0.09090909090909091	0.5
7	0.09090909090909091	0.42857142857142855
8	0.09090909090909091	0.375
9	0.09090909090909091	0.3333333333333333
10	0.09090909090909091	0.3
11	0.09090909090909091	0.2727272727272727
12	0.12121212121212122	0.3333333333333333
13	0.12121212121212122	0.3076923076923077
14	0.15151515151515152	0.35714285714285715
15	0.15151515151515152	0.3333333333333333
16	0.15151515151515152	0.3125
17	0.15151515151515152	0.29411764705882354
18	0.15151515151515152	0.2777777777777778
19	0.15151515151515152	0.2631578947368421
20	0.15151515151515152	0.25
21	0.15151515151515152	0.23809523809523808
22	0.15151515151515152	0.22727272727272727
23	0.15151515151515152	0.21739130434782608
24	0.18181818181818182	0.25
25	0.18181818181818182	0.24
26	0.18181818181818182	0.23076923076923078
27	0.18181818181818182	0.2222222222222222
28	0.21212121212121213	0.25
29	0.21212121212121213	0.2413793103448276
30	0.21212121212121213	0.23333333333333334
