1	0.0	0.0
2	0.04	0.5
3	0.04	0.3333333333333333
4	0.04	0.25
5	0.04	0.2
6	0.08	0.3333333333333333
7	0.08	0.2857142857142857
8	0.08	0.25
9	0.12	0.3333333333333333
10	0.12	0.3
11	0.16	0.36363636363636365
12	0.2	0.4166666666666667
13	0.24	0.46153846153846156
14	0.24	0.42857142857142855
15	0.24	0.4
16	0.24	0.375
17	0.24	0.35294117647058826
18	0.24	0.3333333333333333
19	0.24	0.3157894736842105
20	0.24	0.3
21	0.24	0.2857142857142857
22	0.24	0.2727272727272727
23	0.24	0.2608695652173913
24	0.24	0.25
25	0.24	0.24
26	0.24	0.23076923076923078
27	0.24	0.2222222222222222
28	0.24	0.21428571428571427
29	0.24	0.20689655172413793
30	0.24	0.2
