1	0.0	0.0
2	0.041666666666666664	0.5
3	0.041666666666666664	0.3333333333333333
4	0.041666666666666664	0.25
5	0.08333333333333333	0.4
6	0.08333333333333333	0.3333333333333333
7	0.08333333333333333	0.2857142857142857
8	0.08333333333333333	0.25
9	0.125	0.3333333333333333
10	0.16666666666666666	0.4
11	0.20833333333333334	0.45454545454545453
12	0.25	0.5
13	0.2916666666666667	0.5384615384615384
14	0.2916666666666667	0.5
15	0.2916666666666667	0.4666666666666667
16	0.2916666666666667	0.4375
17	0.2916666666666667	0.4117647058823529
18	0.2916666666666667	0.3888888888888889
19	0.2916666666666667	0.3684210526315789
20	0.3333333333333333	0.4
21	0.375	0.42857142857142855
22	0.375	0.4090909090909091
23	0.375	0.391304347826087
24	0.4166666666666667	0.4166666666666667
25	0.4166666666666667	0.4
26	0.4583333333333333	0.4230769230769231
27	0.5	0.4444444444444444
28	0.5	0.42857142857142855
29	0.5	0.41379310344827586
30	0.5	0.4
