1	0.0	0.0
2	0.038461538461538464	0.5
3	0.07692307692307693	0.6666666666666666
4	0.07692307692307693	0.5
5	0.07692307692307693	0.4
6	0.07692307692307693	0.3333333333333333
7	0.07692307692307693	0.2857142857142857
8	0.11538461538461539	0.375
9	0.15384615384615385	0.4444444444444444
10	0.19230769230769232	0.5
11	0.23076923076923078	0.5454545454545454
12	0.2692307692307692	0.5833333333333334
13	0.2692307692307692	0.5384615384615384
14	0.2692307692307692	0.5
15	0.2692307692307692	0.4666666666666667
16	0.2692307692307692	0.4375
17	0.2692307692307692	0.4117647058823529
18	0.3076923076923077	0.4444444444444444
19	0.34615384615384615	0.47368421052631576
20	0.34615384615384615	0.45
21	0.34615384615384615	0.42857142857142855
22	0.38461538461538464	0.45454545454545453
23	0.38461538461538464	0.43478260869565216
24	0.4230769230769231	0.4583333333333333
25	0.4230769230769231	0.44
26	0.4230769230769231	0.4230769230769231
27	0.4230769230769231	0.4074074074074074
28	0.4230769230769231	0.39285714285714285
29	0.46153846153846156	0.41379310344827586
30	0.46153846153846156	0.4
