1	0.0	0.0
2	0.0	0.0
3	0.0	0.0
4	0.0	0.0
5	0.023255813953488372	0.2
6	0.023255813953488372	0.16666666666666666
7	0.023255813953488372	0.14285714285714285
8	0.023255813953488372	0.125
9	0.023255813953488372	0.1111111111111111
10	0.023255813953488372	0.1
11	0.023255813953488372	0.09090909090909091
12	0.046511627906976744	0.16666666666666666
13	0.046511627906976744	0.15384615384615385
14	0.046511627906976744	0.14285714285714285
15	0.046511627906976744	0.13333333333333333
16	0.046511627906976744	0.125
17	0.046511627906976744	0.11764705882352941
18	0.046511627906976744	0.1111111111111111
19	0.046511627906976744	0.10526315789473684
20	0.046511627906976744	0.1
21	0.046511627906976744	0.09523809523809523
22	0.06976744186046512	0.13636363636363635
23	0.06976744186046512	0.13043478260869565
24	0.06976744186046512	0.125
25	0.06976744186046512	0.12
26	0.06976744186046512	0.11538461538461539
27	0.09302325581395349	0.14814814814814814
28	0.11627906976744186	0.17857142857142858
29	0.11627906976744186	0.1724137931034483
30	0.11627906976744186	0.16666666666666666
