1	0.0	0.0
2	0.0	0.0
3	0.0	0.0
4	0.0	0.0
5	0.0	0.0
6	0.03571428571428571	0.16666666666666666
7	0.03571428571428571	0.14285714285714285
8	0.03571428571428571	0.125
9	0.03571428571428571	0.1111111111111111
10	0.07142857142857142	0.2
11	0.10714285714285714	0.2727272727272727
12	0.14285714285714285	0.3333333333333333
13	0.14285714285714285	0.3076923076923077
14	0.17857142857142858	0.35714285714285715
15	0.17857142857142858	0.3333333333333333
16	0.21428571428571427	0.375
17	0.21428571428571427	0.35294117647058826
18	0.25	0.3888888888888889
19	0.25	0.3684210526315789
20	0.25	0.35
21	0.2857142857142857	0.38095238095238093
22	0.2857142857142857	0.36363636363636365
23	0.2857142857142857	0.34782608695652173
24	0.32142857142857145	0.375
25	0.32142857142857145	0.36
26	0.32142857142857145	0.34615384615384615
27	0.35714285714285715	0.37037037037037035
28	0.39285714285714285	0.39285714285714285
29	0.39285714285714285	0.3793103448275862
30	0.39285714285714285	0.36666666666666664
