1	0.02702702702702703	1.0
2	0.05405405405405406	1.0
3	0.08108108108108109	1.0
4	0.08108108108108109	0.75
5	0.08108108108108109	0.6
6	0.08108108108108109	0.5
7	0.08108108108108109	0.42857142857142855
8	0.08108108108108109	0.375
9	0.08108108108108109	0.3333333333333333
10	0.08108108108108109	0.3
11	0.10810810810810811	0.36363636363636365
12	0.10810810810810811	0.3333333333333333
13	0.13513513513513514	0.38461538461538464
14	0.16216216216216217	0.42857142857142855
15	0.16216216216216217	0.4
16	0.16216216216216217	0.375
17	0.16216216216216217	0.35294117647058826
18	0.16216216216216217	0.3333333333333333
19	0.1891891891891892	0.3684210526315789
20	0.21621621621621623	0.4
21	0.21621621621621623	0.38095238095238093
22	0.24324324324324326	0.4090909090909091
23	0.2702702702702703	0.43478260869565216
24	0.2702702702702703	0.4166666666666667
25	0.2972972972972973	0.44
26	0.2972972972972973	0.4230769230769231
27	0.32432432432432434	0.4444444444444444
28	0.35135135135135137	0.4642857142857143
29	0.3783783783783784	0.4827586206896552
30	0.40540540540540543	0.5
