1	0.0	0.0
2	0.0	0.0
3	0.047619047619047616	0.3333333333333333
4	0.047619047619047616	0.25
5	0.047619047619047616	0.2
6	0.047619047619047616	0.16666666666666666
7	0.047619047619047616	0.14285714285714285
8	0.047619047619047616	0.125
9	0.047619047619047616	0.1111111111111111
10	0.047619047619047616	0.1
11	0.047619047619047616	0.09090909090909091
12	0.09523809523809523	0.16666666666666666
13	0.09523809523809523	0.15384615384615385
14	0.09523809523809523	0.14285714285714285
15	0.09523809523809523	0.13333333333333333
16	0.09523809523809523	0.125
17	0.14285714285714285	0.17647058823529413
18	0.14285714285714285	0.16666666666666666
19	0.14285714285714285	0.15789473684210525
20	0.14285714285714285	0.15
21	0.19047619047619047	0.19047619047619047
22	0.19047619047619047	0.18181818181818182
23	0.19047619047619047	0.17391304347826086
24	0.23809523809523808	0.20833333333333334
25	0.2857142857142857	0.24
26	0.2857142857142857	0.23076923076923078
27	0.2857142857142857	0.2222222222222222
28	0.2857142857142857	0.21428571428571427
29	0.2857142857142857	0.20689655172413793
30	0.2857142857142857	0.2
