1	0.027777777777777776	1.0
2	0.027777777777777776	0.5
3	0.05555555555555555	0.6666666666666666
4	0.05555555555555555	0.5
5	0.05555555555555555	0.4
6	0.05555555555555555	0.3333333333333333
7	0.05555555555555555	0.2857142857142857
8	0.05555555555555555	0.25
9	0.08333333333333333	0.3333333333333333
10	0.08333333333333333	0.3
11	0.08333333333333333	0.2727272727272727
12	0.08333333333333333	0.25
13	0.1111111111111111	0.3076923076923077
14	0.1388888888888889	0.35714285714285715
15	0.1388888888888889	0.3333333333333333
16	0.1388888888888889	0.3125
17	0.1388888888888889	0.29411764705882354
18	0.1388888888888889	0.2777777777777778
19	0.1388888888888889	0.2631578947368421
20	0.16666666666666666	0.3
21	0.19444444444444445	0.3333333333333333
22	0.19444444444444445	0.3181818181818182
23	0.2222222222222222	0.34782608695652173
24	0.2222222222222222	0.3333333333333333
25	0.25	0.36
26	0.25	0.34615384615384615
27	0.25	0.3333333333333333
28	0.25	0.32142857142857145
29	0.25	0.3103448275862069
30	0.2777777777777778	0.3333333333333333
