1	0.02857142857142857	1.0
2	0.02857142857142857	0.5
3	0.05714285714285714	0.6666666666666666
4	0.05714285714285714	0.5
5	0.05714285714285714	0.4
6	0.05714285714285714	0.3333333333333333
7	0.05714285714285714	0.2857142857142857
8	0.05714285714285714	0.25
9	0.08571428571428572	0.3333333333333333
10	0.08571428571428572	0.3
11	0.08571428571428572	0.2727272727272727
12	0.08571428571428572	0.25
13	0.11428571428571428	0.3076923076923077
14	0.14285714285714285	0.35714285714285715
15	0.14285714285714285	0.3333333333333333
16	0.14285714285714285	0.3125
17	0.14285714285714285	0.29411764705882354
18	0.14285714285714285	0.2777777777777778
19	0.14285714285714285	0.2631578947368421
20	0.17142857142857143	0.3
21	0.2	0.3333333333333333
22	0.22857142857142856	0.36363636363636365
23	0.22857142857142856	0.34782608695652173
24	0.22857142857142856	0.3333333333333333
25	0.2571428571428571	0.36
26	0.2857142857142857	0.38461538461538464
27	0.2857142857142857	0.37037037037037035
28	0.2857142857142857	0.35714285714285715
29	0.3142857142857143	0.3793103448275862
30	0.34285714285714286	0.4
